id,city_id,language_key,name
294119914,3819740,da,Lopuchowka
294120068,3819742,da,Lopon
294120145,3819743,da,Lopoczno
294120222,3819744,da,Lopiennik Gorny
294120299,3819745,da,Lopiennik Dolny
294120376,3819746,da,Lopiennik
294120684,3819750,da,Lopienite Sliwowo
294120838,3819752,da,Lopianka
294120915,3819753,da,Lopatno
294120992,3819754,da,Lopatki
294121069,3819755,da,Lopata
294121300,3819758,da,Lopacin
294121377,3819759,da,Lopacin
294121454,3819760,da,Lopacianka
294121531,3819761,da,Loniowa
294121608,3819762,da,Loniow
294121839,3819765,da,Lomza Stara
294121916,3819766,da,Lomza Stara
294121993,3819767,da,Łomża
294122070,3819768,da,Lomy
294122224,3819770,da,Lomno
294122301,3819771,da,Lomnica Zdroj
294122378,3819772,da,Lomnica
294122686,3819776,da,Lomna
294122917,3819779,da,Lomianki Dolne
294122994,3819780,da,Łomianki
294123071,3819781,da,Lomia
294123148,3819782,da,Lomazy
294123225,3819783,da,Loknica
294123379,3819785,da,Lojowice
294123456,3819786,da,Lojkow
294123533,3819787,da,Lojki
294123687,3819789,da,Lojew
294123764,3819790,da,Loje-Awissa
294123841,3819791,da,Loje
294124072,3819794,da,Loyden
294124303,3819797,da,Logdowo
294124380,3819798,da,Lodzinka Gorna
294124534,3819800,da,Lodyna
294124611,3819801,da,Lodygowo
294124688,3819802,da,Lodwigowo
294124765,3819803,da,Lochtynowo
294124919,3819805,da,Łochów
294124996,3819806,da,Lochow
294125150,3819808,da,Lobody
294125381,3819811,da,Lnisno
294125458,3819812,da,Lizdejki
294125535,3819813,da,Liza Stara
294125612,3819814,da,Liza Nowa
294125689,3819815,da,Liwki Wloscianskie
294125766,3819816,da,Liwki Szlacheckie
294125843,3819817,da,Krzywosnity
294125920,3819818,da,Liwcze
294125997,3819819,da,Liw
294126074,3819820,da,Litwinowicze
294126151,3819821,da,Litwinki
294126382,3819824,da,Stare Litewniki
294126459,3819825,da,Nowe Litewniki
294126536,3819826,da,Liszno
294126613,3819827,da,Liszna
294126690,3819828,da,Liszna
294126767,3819829,da,Liszna
294126844,3819830,da,Liszki
294126921,3819831,da,Lisy
294127229,3819835,da,Lisowola
294127306,3819836,da,Lisowo
294127383,3819837,da,Lisowek
294127460,3819838,da,Lisow
294127537,3819839,da,Lisow
294127614,3819840,da,Lisow
294127691,3819841,da,Lisow
294127768,3819842,da,Lisow
294127845,3819843,da,Lisow
294127922,3819844,da,Lisnik Duzy
294127999,3819845,da,Lisna
294128076,3819846,da,Liskowate
294128153,3819847,da,Liski
294128307,3819849,da,Liski
294128538,3819852,da,Lisiogora
294128692,3819854,da,Lisikierz
294128769,3819855,da,Lisie Jamy
294128846,3819856,da,Lisie Jamy
294128923,3819857,da,Lisice
294129154,3819860,da,Lisia Gora
294129231,3819861,da,Lisewo
294129308,3819862,da,Lisewo
294129462,3819864,da,Lipszczany
294129539,3819865,da,Lipsko
294129616,3819866,da,Lipsko
294129693,3819867,da,Lipsko
294129770,3819868,da,Lipskie Budy
294129847,3819869,da,Lipska Wola
294129924,3819870,da,Lipsk
294130001,3819871,da,Lipowy Most
294130078,3819872,da,Lipowy Las
294130155,3819873,da,Lipowy Dwor
294130309,3819875,da,Lipowo Kurkowskie
294130386,3819876,da,Lipowo
294130617,3819879,da,Lipowo
294130771,3819881,da,Lipowki
294130848,3819882,da,Lipowki
294130925,3819883,da,Lipowka
294131002,3819884,da,Lipowka
294131079,3819885,da,Lipowka
294131156,3819886,da,Lipowka
294131310,3819888,da,Lipowiec Koscielny
294131387,3819889,da,Lipowiec
294131464,3819890,da,Lipowiec
294131772,3819894,da,Lipowiec
294132003,3819897,da,Lipowica
294132157,3819899,da,Lipowe
294132234,3819900,da,Lipowa
294132311,3819901,da,Lipno
294132388,3819902,da,Lipno
294132465,3819903,da,Lipno
294132542,3819904,da,Lipniki Stare
294132619,3819905,da,Lipniki Nowe
294132773,3819907,da,Lipniki
294132850,3819908,da,Lipniki
294133081,3819911,da,Lipniki
294133235,3819913,da,Lipniki
294133312,3819914,da,Lipinki
294133389,3819915,da,Lipnik
294133466,3819916,da,Lipnik
294133543,3819917,da,Lipnik
294133620,3819918,da,Lipnik
294133774,3819920,da,Lipnik
294134005,3819923,da,Lipnice
294134082,3819924,da,Lipnica Wielka
294134159,3819925,da,Lipnica Murowana
294134236,3819926,da,Lipnica Gorna
294134313,3819927,da,Lipnica Gorna
294134390,3819928,da,Lipnica Dolna
294134467,3819929,da,Lipnica Dolna
294134544,3819930,da,Lipnica
294134621,3819931,da,Lipnica
294134698,3819932,da,Lipnica
294134852,3819934,da,Lipniaki
294134929,3819935,da,Lipniak
294135160,3819938,da,Lipniak
294135237,3819939,da,Lipniak
294135391,3819941,da,Lipniak
294135545,3819943,da,Lipna Wola
294135622,3819944,da,Lipna
294135776,3819946,da,Liplas
294135853,3819947,da,Lipkow
294136007,3819949,da,Lipki
294136084,3819950,da,Lipka
294136392,3819954,da,Lipiny Dolne
294136469,3819955,da,Lipiny
294136700,3819958,da,Nowe Lipiny
294136854,3819960,da,Lipiny
294137008,3819962,da,Lipiny
294137316,3819966,da,Lipiny
294137393,3819967,da,Lipiny
294137470,3819968,da,Lipiny
294137547,3819969,da,Lipinskie
294137624,3819970,da,Lipinskie
294137778,3819972,da,Lipinskie
294137855,3819973,da,Lipinskie
294137932,3819974,da,Lipina Stara
294138009,3819975,da,Lipina Nowa
294138086,3819976,da,Lipina
294138394,3819980,da,Lipienice
294138471,3819981,da,Lipie
294138548,3819982,da,Lipie
294139010,3819988,da,Lipie
294139164,3819990,da,Lipica
294139241,3819991,da,Lipianka
294139318,3819992,da,Lipia Gora
294139549,3819995,da,Lipa-Miklas
294139626,3819996,da,Lipa Krepa
294139703,3819997,da,Lipa
294140088,3820002,da,Lipa
294140242,3820004,da,Lipa
294140396,3820006,da,Lipa
294140473,3820007,da,Linowo
294140627,3820009,da,Linowo
294140704,3820010,da,Linowek
294140781,3820011,da,Linow
294140858,3820012,da,Linow
294140935,3820013,da,Linkow
294141012,3820014,da,Linin
294141089,3820015,da,Lindow
294141166,3820016,da,Limanowa
294141243,3820017,da,Likusy
294141397,3820019,da,Ligezow
294141551,3820021,da,Lidzbark Warmiński
294141628,3820022,da,Liciazna
294141782,3820024,da,Lichwin
294141859,3820025,da,Lichty
294141936,3820026,da,Lichtajny
294142090,3820028,da,Lichosielce
294142244,3820030,da,Libusza
294142321,3820031,da,Librantowa
294142398,3820032,da,Libiszow
294142475,3820033,da,Liberadz
294142552,3820034,da,Lezyny
294142629,3820035,da,Lezyce
294142706,3820036,da,Lezne
294142783,3820037,da,Lezkowice
294142860,3820038,da,Lezenice
294142937,3820039,da,Lezce
294143014,3820040,da,Lezany
294143091,3820041,da,Lezany
294143168,3820042,da,Leżajsk
294143245,3820043,da,Lezachow
294143322,3820044,da,Lewosze
294143399,3820045,da,Lewonie
294143476,3820046,da,Lewniowa
294143630,3820048,da,Lewki
294143707,3820049,da,Lewki
294143784,3820050,da,Lewin
294143861,3820051,da,Lewikow
294143938,3820052,da,Lewiczyn
294144092,3820054,da,Lewickie
294144169,3820055,da,Lewaszowka
294144246,3820056,da,Lewoszow
294144477,3820059,da,Lewald Wielki
294144554,3820060,da,Letowo
294144631,3820061,da,Letownica
294144708,3820062,da,Letownia
294144862,3820064,da,Letownia
294144939,3820065,da,Letowice
294145016,3820066,da,Letowe
294145093,3820067,da,Letow
294145247,3820069,da,Letniki
294145324,3820070,da,Letkowice
294145401,3820071,da,Lesznowola
294145478,3820072,da,Lesznowola
294145632,3820074,da,Leszno
294145709,3820075,da,Leszno
294145786,3820076,da,Leszkowice
294145863,3820077,da,Leszkiemie
294145940,3820078,da,Leszczyny
294146017,3820079,da,Leszczyny
294146171,3820081,da,Leszczyny
294146402,3820084,da,Leszczyna
294146479,3820085,da,Leszczyna
294146633,3820087,da,Leszczowate
294146710,3820088,da,Leszczkow
294146787,3820089,da,Leszczka Mala
294146864,3820090,da,Leszczka Duza
294146941,3820091,da,Leszczka
294147018,3820092,da,Leszczewo
294147172,3820094,da,Leszczewek
294147249,3820095,da,Leszcze
294147326,3820096,da,Leszczawka
294147403,3820097,da,Leszczawa Gorna
294147480,3820098,da,Leszczawa Dolna
294147557,3820099,da,Leszczany
294147634,3820100,da,Leszczany
294147711,3820101,da,Leszczanka
294147865,3820103,da,Leszczanka
294148019,3820105,da,Leszcz
294148096,3820106,da,Lesnogora
294148173,3820107,da,Lesniowka
294148327,3820109,da,Lesniowka
294148404,3820110,da,Lesniowice
294148481,3820111,da,Lesniki
294148558,3820112,da,Lesniki
294148712,3820114,da,Lesniki
294148866,3820116,da,Lesniewo Wielkie
294148943,3820117,da,Lesniewo Dolne
294149020,3820118,da,Lesniewo
294149097,3820119,da,Lesniewo
294149174,3820120,da,Lesniewo
294149251,3820121,da,Lesniczowka
294149559,3820125,da,Lesniczowka
294149636,3820126,da,Lesnica
294149713,3820127,da,Lesnica
294149790,3820128,da,Lesnica
294149867,3820129,da,Lesniakowizna
294149944,3820130,da,Lesne Chalupy
294150098,3820132,da,Lesna Podlaska
294150175,3820133,da,Lesna Kolonia
294150329,3820135,da,Lesna
294150560,3820138,da,Lesko
294150637,3820139,da,Lesisko
294150714,3820140,da,Lesiska
294150791,3820141,da,Lesiow
294150868,3820142,da,Lesiny Wielkie
294150945,3820143,da,Lesiny Male
294151022,3820144,da,Lesiew
294151099,3820145,da,Lesica
294151176,3820146,da,Lesce
294151253,3820147,da,Lepno
294151330,3820148,da,Lepki Nowe
294151407,3820149,da,Lepki Nowe
294151484,3820150,da,Lepaki Wielkie
294151561,3820151,da,Leopoldowo
294151638,3820152,da,Leopoldow
294151715,3820153,da,Leopoldow
294151869,3820155,da,Leonowicze
294151946,3820156,da,Leonow
294152023,3820157,da,Leonow
294152177,3820159,da,Leonow
294152254,3820160,da,Leonin
294152331,3820161,da,Leoncin
294152408,3820162,da,Leonardow
294152485,3820163,da,Leokadiow
294152562,3820164,da,Leokadia
294152639,3820165,da,Lenowo
294152716,3820166,da,Lenkupie
294152793,3820167,da,Leniuszki
294152947,3820169,da,Lendo Wielkie
294153024,3820170,da,Lendo Ruskie
294153101,3820171,da,Lence
294153178,3820172,da,Lenarty
294153255,3820173,da,Lenartowice
294153332,3820174,da,Lenarczyce
294153409,3820175,da,Lempino
294153486,3820176,da,Lempice
294153563,3820177,da,Lempice
294153640,3820178,da,Lemieszow
294153794,3820180,da,Lemierze
294153871,3820181,da,Lembruk
294153948,3820182,da,Lemany
294154025,3820183,da,Leman
294154102,3820184,da,Leluchow
294154179,3820185,da,Lelowice
294154256,3820186,da,Lelkowo
294154333,3820187,da,Lelitkow
294154410,3820188,da,Lelis
294154487,3820189,da,Lelewo
294154564,3820190,da,Leleszki
294154641,3820191,da,LexeibaUn
294154718,3820192,da,Leksandrowa
294154795,3820193,da,Lekowo
294154872,3820194,da,Lekowo
294154949,3820195,da,Lekowiec
294155026,3820196,da,Lekobudy
294155180,3820198,da,Lekity
294155257,3820199,da,Leki Gorne
294155334,3820200,da,Leki Dolne
294155565,3820203,da,Leki
294155642,3820204,da,Leki
294155719,3820205,da,Leki
294155796,3820206,da,Leki
294155950,3820208,da,Lekawka
294156027,3820209,da,Lekawica
294156104,3820210,da,Lekawica
294156258,3820212,da,Leka Szczucinska
294156335,3820213,da,Lekarcice
294156412,3820214,da,Leka
294156489,3820215,da,Leka
294156566,3820216,da,Leka
294156643,3820217,da,Leka
294156720,3820218,da,Lejno
294156797,3820219,da,Lejkowo
294156874,3820220,da,Lejdy
294156951,3820221,da,Leitnie
294157028,3820222,da,Leguty
294157105,3820223,da,Leg Tarnowski
294157182,3820224,da,Leg Staroscinski
294157336,3820226,da,Legowo
294157413,3820227,da,Legonice Male
294157490,3820228,da,Legonice
294157567,3820229,da,Legno
294157721,3820231,da,Legionowo
294157798,3820232,da,Leginy
294157952,3820234,da,Legi
294158106,3820236,da,Legajny
294158183,3820237,da,Ben
294158260,3820238,da,Legi
294158414,3820240,da,Ben
294159030,3820248,da,Leczycki
294159107,3820249,da,Lecznowola
294159261,3820251,da,Łęczna
294159338,3820252,da,Leczeszyce
294159415,3820253,da,Lecka
294159492,3820254,da,Leciny
294159569,3820255,da,Lechuty Male
294159723,3820257,da,Lechowo
294159800,3820258,da,Lechowka
294159877,3820259,da,Lechowek
294159954,3820260,da,Lechow
294160031,3820261,da,Lechow
294160185,3820263,da,Lechanice
294160262,3820264,da,Lebki Wielkie
294160339,3820265,da,Lebki Duze
294160416,3820266,da,Lebiedziow Zastawek
294160493,3820267,da,Lebiedziow Zastawek
294160570,3820268,da,Lebiedziew
294160647,3820269,da,Lebiedzin
294160801,3820271,da,Lebiedzie
294160955,3820273,da,Dovne Biegonickie
294161032,3820274,da,Dovne Biegonickie
294161186,3820276,da,Doven
294161494,3820280,da,Doven
294161571,3820281,da,Doven
294161648,3820282,da,Doven
294161879,3820285,da,Doven
294162110,3820288,da,Doven
294162187,3820289,da,Doven
294162264,3820290,da,Doven
294162572,3820294,da,Lazow
294162649,3820295,da,Lazow
294162726,3820296,da,Lazory
294162880,3820298,da,Lazniew
294162957,3820299,da,Laznie
294163111,3820301,da,Laziuki
294163188,3820302,da,Laziska
294163265,3820303,da,Laziska
294163342,3820304,da,Laziska
294163419,3820305,da,Laziska
294163496,3820306,da,Laziska
294163573,3820307,da,Laziska
294163650,3820308,da,Laziska
294163727,3820309,da,Lazeki
294163881,3820311,da,Lazek
294164035,3820313,da,Lazek
294164189,3820315,da,Lazek
294164343,3820317,da,Lazarze
294164420,3820318,da,Lazany
294164497,3820319,da,Laz
294164574,3820320,da,Lawy
294164728,3820322,da,Lawy
294164805,3820323,da,Lawy
294164882,3820324,da,Lawsk
294164959,3820325,da,Lawki
294165036,3820326,da,Lawki
294165113,3820327,da,Lawki
294165190,3820328,da,Lawecko
294165267,3820329,da,Laudanszczyzna
294165344,3820330,da,Lauda
294165421,3820331,da,Latyczyn
294165498,3820332,da,Latyczow
294165575,3820333,da,Latowicz
294165652,3820334,da,Latoszyn
294165729,3820335,da,Latonice
294165806,3820336,da,Latczyn
294165883,3820337,da,Latchorzew
294165960,3820338,da,Latanice
294166037,3820339,da,Latana Wielka
294166114,3820340,da,Latana Mala
294166191,3820341,da,Laszowka
294166268,3820342,da,Laszow
294166345,3820343,da,Laszki
294166422,3820344,da,Laszki
294166499,3820345,da,Laszewo
294166576,3820346,da,Laszczyny
294166653,3820347,da,Laszczyn
294166730,3820348,da,Laszczyn
294166807,3820349,da,Laszczowka
294166884,3820350,da,Laszcow
294166961,3820351,da,Laszczki
294167115,3820353,da,Las Winiarski
294167192,3820354,da,Las-Toczylowo
294167269,3820355,da,Las Stocki
294167577,3820359,da,Lasowice
294167731,3820361,da,Lason
294167808,3820362,da,Lasomin
294167885,3820363,da,Lasocin
294167962,3820364,da,Lasocin
294168039,3820365,da,Lasocin
294168116,3820366,da,Lasocin
294168193,3820367,da,Lasocice
294168270,3820368,da,Lasochy
294168347,3820369,da,Lasochow
294168424,3820370,da,Lasmiady
294168578,3820372,da,Las Lesznowolski
294168655,3820373,da,Laskowszczyzna
294168809,3820375,da,Laskowskie
294168886,3820376,da,Laskowka Delastowska
294169040,3820378,da,Laskowka
294169117,3820379,da,Laskowizna
294169194,3820380,da,Laskowiec
294169271,3820381,da,Laskowiec
294169425,3820383,da,Laskowice
294169656,3820386,da,Laskowa
294169733,3820387,da,Laskowa
294169810,3820388,da,Laskow
294169887,3820389,da,Laskow
294169964,3820390,da,Laskow
294170118,3820392,da,Laski Szlacheckie
294170195,3820393,da,Laski mand
294170272,3820394,da,Laski
294170426,3820396,da,Laski
294170503,3820397,da,Laski
294170580,3820398,da,Laski
294170811,3820401,da,Laski
294170888,3820402,da,Laski
294171042,3820404,da,Laski
294171196,3820406,da,Laski
294171273,3820407,da,Laskarzew
294171427,3820409,da,Lasiewity
294171504,3820410,da,Lasieczniki
294171581,3820411,da,Lasice
294171658,3820412,da,Las Glinianski
294171735,3820413,da,Laski Bruskie
294171812,3820414,da,Lasek
294171889,3820415,da,Lasek
294171966,3820416,da,Las Debowy
294172120,3820418,da,Lasanka
294172197,3820419,da,Las
294172351,3820421,da,Lapy-Szolajdy
294172428,3820422,da,Lapy Plusniaki
294172582,3820424,da,Lapy-Lynki
294172659,3820425,da,Lapy-Korczaki
294172736,3820426,da,Lapy-Kolpaki
294172890,3820428,da,Łapy
294172967,3820429,da,Lapszow
294173044,3820430,da,Lapsze Wyzne
294173121,3820431,da,Lapsze Nizne
294173198,3820432,da,Lapszanka
294173352,3820434,da,Lapiguz
294173429,3820435,da,Lapicze
294173506,3820436,da,Lapczyn
294173583,3820437,da,Lapczyca
294173660,3820438,da,Lapcie
294173737,3820439,da,Lapanow
294173814,3820440,da,Lapajowka
294174045,3820443,da,Lany
294174276,3820446,da,Lany
294174430,3820448,da,Lankiejmy
294174507,3820449,da,Laniewo
294174584,3820450,da,Lanieta
294174661,3820451,da,Langanki
294174738,3820452,da,Łańcut
294174815,3820453,da,Lancuchow
294174892,3820454,da,Lamkowo
294174969,3820455,da,Lamkowko
294175046,3820456,da,Lamane Grady
294175200,3820458,da,Al 'Alin
294175277,3820459,da,Lakta Gorna
294175354,3820460,da,Lakta Dolna
294175431,3820461,da,Lakoc
294175508,3820462,da,Lakiele
294175585,3820463,da,Laki
294175739,3820465,da,Laka
294175970,3820468,da,Lajsy
294176047,3820469,da,Lajski
294176124,3820470,da,Lajsce
294176201,3820471,da,Lajes
294176278,3820472,da,Laguszow
294176355,3820473,da,Laguny
294176432,3820474,da,Lagowka
294176663,3820477,da,Lagow
294176740,3820478,da,Lagow
294176817,3820479,da,Lagiewniki
294176971,3820481,da,Laganow
294177048,3820482,da,Ladyzhynka
294177125,3820483,da,Ladzin
294177202,3820484,da,Lady Polne
294177356,3820486,da,Lady-Mans
294177510,3820488,da,Lady-Borowe
294177587,3820489,da,Dame
294177664,3820490,da,Dame
294177741,3820491,da,Dame
294177818,3820492,da,Ladne Pole
294177895,3820493,da,Ladna
294177972,3820494,da,Ladek
294178049,3820495,da,Lada
294178280,3820498,da,Laczyn
294178357,3820499,da,Laczna
294178434,3820500,da,Laczki Kucharskie
294178511,3820501,da,Laczki Jagiellonskie
294178588,3820502,da,Laczki Brzeskie
294178665,3820503,da,Laczki
294178742,3820504,da,Laczki
294178819,3820505,da,Laczka
294178896,3820506,da,Laczka
294178973,3820507,da,Laczany
294179127,3820509,da,Lacko
294179204,3820510,da,Lack
294179281,3820511,da,Lachy
294179435,3820513,da,Lachowo
294179512,3820514,da,Lachowka Mala
294179589,3820515,da,Lachowka Duza
294179666,3820516,da,Lachowka
294179743,3820517,da,Lachowiec
294179820,3820518,da,Lachowce
294179974,3820520,da,Lacha
294180051,3820521,da,Lacha
294180128,3820522,da,Labuszewo
294180282,3820524,da,Labunie
294180359,3820525,da,Labuchy
294180436,3820526,da,Labowiec
294180513,3820527,da,Labowa
294180590,3820528,da,Lablawki
294180667,3820529,da,Labetnik
294180744,3820530,da,Labedziow
294180898,3820532,da,Labedz
294180975,3820533,da,Labednik
294181052,3820534,da,Labapa
294181129,3820535,da,Kwilina
294181206,3820536,da,Kwikow
294181283,3820537,da,Kwik
294181360,3820538,da,Kwiedzina
294181437,3820539,da,Kwiecewo
294181514,3820540,da,Kwiatuszki Wielkie
294181591,3820541,da,Kwiatonowice
294181668,3820542,da,Kwiaton
294181745,3820543,da,Kwiatkowo
294181976,3820546,da,Kwiatkowice
294182130,3820548,da,Kwasy
294182207,3820549,da,Kwasowka
294182284,3820550,da,Kwasow
294182361,3820551,da,Kwaskow
294182438,3820552,da,Kwapinka
294182515,3820553,da,Kuzowa
294182592,3820554,da,Kuznica
294182669,3820555,da,Kuznica
294182746,3820556,da,Kuzniaki
294182823,3820557,da,Kuzmy
294182900,3820558,da,Kuzmina
294183054,3820560,da,Kuzie
294183131,3820561,da,Kuzie
294183285,3820563,da,Kuzawka
294183362,3820564,da,Kuzawka
294183439,3820565,da,Kutyski
294183593,3820567,da,Kutylowo-Perysie
294183670,3820568,da,Kuty
294183978,3820572,da,Kuszlow
294184055,3820573,da,Kusze
294184132,3820574,da,Kustrawa
294184209,3820575,da,Kuskowo Glinki
294184286,3820576,da,Kuskowizna
294184440,3820578,da,Kuscince
294184671,3820581,da,Kurzeszyn
294184748,3820582,da,Kurzelaty
294184825,3820583,da,Kurzacze
294184902,3820584,da,Kurzacze
294184979,3820585,da,Kuryłówka
294185056,3820586,da,Kury
294185133,3820587,da,Kurpiki
294185210,3820588,da,Kurpiewskie
294185364,3820590,da,Kurozweki
294185441,3820591,da,Kurowszczyzna
294185518,3820592,da,Kurowko
294185595,3820593,da,Kurowice
294185672,3820594,da,Kurow
294185749,3820595,da,Kurów
294185826,3820596,da,Kurow
294185980,3820598,da,Kurow
294186057,3820599,da,Kurmanow
294186134,3820600,da,Kurkowo
294186211,3820601,da,Kurki
294186288,3820602,da,Kurki
294186365,3820603,da,Kurki
294186442,3820604,da,Kuriany
294186596,3820606,da,Kurianka
294186673,3820607,da,Kurejwa
294186750,3820608,da,Kurejewka
294186827,3820609,da,Kurdwanow
294186904,3820610,da,Kurczatki
294186981,3820611,da,Kuraszkow
294187058,3820612,da,Kuraszewo
294187135,3820613,da,Kuraszewo
294187212,3820614,da,Kurabka
294187289,3820615,da,Kupowo
294187366,3820616,da,Kupno
294187443,3820617,da,Kupnina
294187520,3820618,da,Kupna
294187597,3820619,da,Kuplisk
294187674,3820620,da,Stare Kupiski
294187751,3820621,da,Kupiski Nowe
294187905,3820623,da,Kupimierz
294187982,3820624,da,Kupientyn
294188059,3820625,da,Kupienin
294188136,3820626,da,Kupiatycze
294188213,3820627,da,Kupce
294188290,3820628,da,Kunowa
294188367,3820629,da,Kunow
294188521,3820631,da,Kunow
294188598,3820632,da,Kunow
294188675,3820633,da,Kunkowce
294188752,3820634,da,Kunkowa
294188829,3820635,da,Kunki
294188906,3820636,da,Kunki
294188983,3820637,da,Kunki
294189060,3820638,da,Kunin
294189214,3820640,da,Kunicha
294189291,3820641,da,Kunice
294189368,3820642,da,Kunice
294189445,3820643,da,Kunice
294189522,3820644,da,Kunegundow
294189599,3820645,da,Kundzicze
294189830,3820648,da,Kumow Majoracki
294189907,3820649,da,Kumkiejmy
294189984,3820650,da,Kumielsk
294190215,3820653,da,Kumialka
294190292,3820654,da,Kumiala
294190369,3820655,da,Kumelsk
294190446,3820656,da,Kumajny
294190523,3820657,da,Kulygi
294190677,3820659,da,Kulno
294190754,3820660,da,Kulki
294190831,3820661,da,Kulikowka
294190908,3820662,da,Kulikow
294190985,3820663,da,Kulik
294191062,3820664,da,Kuligow
294191216,3820666,da,Kuligi
294191370,3820668,da,Kuleszka
294191447,3820669,da,Kulesze-Chobotki
294191524,3820670,da,Kulesze
294191678,3820672,da,Kulczyzna
294191755,3820673,da,Kulczyn
294191832,3820674,da,Kulaszne
294191909,3820675,da,Kulany
294192140,3820678,da,Kulaki
294192217,3820679,da,Kunkur
294192294,3820680,da,Kukowo
294192371,3820681,da,Kukowo
294192448,3820682,da,Kukowko
294192525,3820683,da,Kukow
294192602,3820684,da,Kukly
294192679,3820685,da,Kuklowka Zarzeczna
294192756,3820686,da,Kuklin
294192833,3820687,da,Kukle
294192987,3820689,da,Kukawki
294193141,3820691,da,Kukawka
294193295,3820693,da,Kukly
294193372,3820694,da,Kujbiedy
294193449,3820695,da,Kujawy
294193526,3820696,da,Kujawy
294193757,3820699,da,Kuflew
294193911,3820701,da,Kudrycze
294193988,3820702,da,Kudry
294194065,3820703,da,Kudrawka
294194142,3820704,da,Kudlaczewo
294194219,3820705,da,Kuderewszczyzna
294194373,3820707,da,Kudelczyn
294194450,3820708,da,Kuczyzna
294194527,3820709,da,Kuczyńskie
294194681,3820711,da,Kuczyn
294194835,3820713,da,Kuczow
294194912,3820714,da,Kuczki
294194989,3820715,da,Kucze
294195143,3820717,da,Kuczbork-Wies
294195220,3820718,da,Kuczbork-Osada
294195297,3820719,da,Kuczaby
294195451,3820721,da,Kucieje
294195528,3820722,da,Kucice
294195605,3820723,da,Kuchary Zydowskie
294195682,3820724,da,Kuchary
294195913,3820727,da,Kuchary
294196067,3820729,da,Kucebow
294196144,3820730,da,Kucbork
294196221,3820731,da,Kuby-Mlyny
294196298,3820732,da,Kubrzany
294196375,3820733,da,Kubra
294196452,3820734,da,Kubice
294196529,3820735,da,Ksiezyno
294196606,3820736,da,Ksiezy Lasek
294196683,3820737,da,Ksiezy Dwor
294196760,3820738,da,Ksiezpol
294196837,3820739,da,Ksiezostany
294196914,3820740,da,Ksiezopole Smolaki
294196991,3820741,da,Ksiezopole Komory
294197068,3820742,da,Ksiezopole Budki
294197145,3820743,da,Ksiezomierz
294197222,3820744,da,Ksiezno
294197299,3820745,da,Ksieze Kopacze
294197376,3820746,da,Ksieza Wola
294197607,3820749,da,Ksiaz Wielki
294197684,3820750,da,Ksiaznik
294197761,3820751,da,Ksiazniczki
294197838,3820752,da,Ksiaznice Wielkie
294197915,3820753,da,Ksiaznice Male
294197992,3820754,da,Ksiaznice
294198069,3820755,da,Ksiaznice
294198146,3820756,da,Ksiaznice
294198223,3820757,da,Ksiaznice
294198300,3820758,da,Ksiaz Maly
294198377,3820759,da,Ksiazenice
294198454,3820760,da,Ksiaz
294198531,3820761,da,Ksiaz
294198608,3820762,da,Ksebki
294198685,3820763,da,Ksawerow Stary
294198762,3820764,da,Ksawerow Nowy
294198839,3820765,da,Ksawerowka
294198993,3820767,da,Ksawerow
294199070,3820768,da,Ksany
294199147,3820769,da,Krzyzowka
294199224,3820770,da,Krzyzowka
294199378,3820772,da,Krzyzka
294199455,3820773,da,Krzyzewo Nadrzeczne
294199532,3820774,da,Krzyzewo-Marki
294199609,3820775,da,Krzyzewo Borowe
294199686,3820776,da,Krzyzewo
294199763,3820777,da,Krzyzewo
294199840,3820778,da,Krzyze
294199994,3820780,da,Krzyzany
294200071,3820781,da,Krzyzanowka
294200148,3820782,da,Krzyzanowice Dolne
294200225,3820783,da,Krzyzanowice
294200302,3820784,da,Krzyzanowice
294200379,3820785,da,Krzyzanow
294200456,3820786,da,Krzyz
294200533,3820787,da,Krzywystok
294200687,3820789,da,Krzywowolka
294200764,3820790,da,Krzywowola
294200841,3820791,da,Krzywowierzba
294200918,3820792,da,Krzyworzeka
294200995,3820793,da,Krzywonoga
294201072,3820794,da,Krzywolka
294201149,3820795,da,Krzywolka
294201303,3820797,da,Krzywolecz
294201380,3820798,da,Krzywki-Piaski
294201457,3820799,da,Krzywki-Bratki
294201534,3820800,da,Krzywki-Boski
294201611,3820801,da,Krzywinskie
294201765,3820803,da,Krzywiec
294201842,3820804,da,Krzywie
294201996,3820806,da,Krzywice
294202073,3820807,da,Krzywica
294202150,3820808,da,Krzywica
294202227,3820809,da,Krzywe
294202381,3820811,da,Krzywe
294202458,3820812,da,Krzywe
294202535,3820813,da,Krzywe
294202612,3820814,da,Krzywe
294202920,3820818,da,Krzywdy
294202997,3820819,da,Krzywda
294203151,3820821,da,Krzywda
294203305,3820823,da,Krzywcza
294203382,3820824,da,Krzywa Wies
294203536,3820826,da,Krzywa
294203613,3820827,da,Krzywa
294203690,3820828,da,Krzywa
294203767,3820829,da,Krzysztoforzyce
294203844,3820830,da,Krzyszkowice
294204075,3820833,da,Krzynowloga Wielka
294204152,3820834,da,Krzynowloga Mala
294204229,3820835,da,Krzymowskie
294204306,3820836,da,Krzymoszyce
294204383,3820837,da,Krzymosze
294204537,3820839,da,Krzykosy
294204614,3820840,da,Krzykaly
294204768,3820842,da,Krzyczew
294204922,3820844,da,Krzowka
294205153,3820847,da,Krzewo
294205230,3820848,da,Krzewno
294205307,3820849,da,Krzewina
294205461,3820851,da,Krzewica
294205538,3820852,da,Krzewica
294205615,3820853,da,Krzewa
294205692,3820854,da,Krzeszowka
294205769,3820855,da,Krzeszow Gorny
294205846,3820856,da,Krzeszow Dolny
294205923,3820857,da,Krzeszow
294206000,3820858,da,Krzesniakow
294206077,3820859,da,Krzeslin
294206154,3820860,da,Krzeslawice
294206308,3820862,da,Krzeslawice
294206385,3820863,da,Krzesk Stary
294206462,3820864,da,Krzesk-Krolowa Niwa
294206539,3820865,da,Krzesimow
294206693,3820867,da,Krzemianka
294206770,3820868,da,Krzemienna
294206847,3820869,da,Krzemien-Majdan
294206924,3820870,da,Krzemienica
294207001,3820871,da,Krzemienica
294207078,3820872,da,Krzemienica
294207309,3820875,da,Krzemien
294207386,3820876,da,Krzemien
294207540,3820878,da,Krzekoty
294207617,3820879,da,Krzeczowice
294207694,3820880,da,Krzeczow
294207771,3820881,da,Krzeczkowo-Mianowskie
294207848,3820882,da,Krzeczkowo-Gromadzyn
294208002,3820884,da,Krzeczkowo
294208079,3820885,da,Krzeczkowice
294208156,3820886,da,Krzeczkowa
294208233,3820887,da,Krzecze
294208310,3820888,da,Krzeczanowo
294208387,3820889,da,Krze
294208541,3820891,da,Krzczonow Trzeci
294208618,3820892,da,Krzczonowice
294208695,3820893,da,Krzczonowice
294208772,3820894,da,Krzczonow
294208849,3820895,da,Krzczonow
294208926,3820896,da,Krzczen
294209003,3820897,da,Krzcin
294209080,3820898,da,Krzciecin
294209157,3820899,da,Krzciecice
294209234,3820900,da,Krzatka
294209388,3820902,da,Krzaki
294209465,3820903,da,Krzak
294209619,3820905,da,Krywiatycze
294209773,3820907,da,Krzywa
294209850,3820908,da,Kryszyn
294209927,3820909,da,Krystyna
294210004,3820910,da,Krysk
294210081,3820911,da,Krysiaki
294210158,3820912,da,Krypy
294210312,3820914,da,Krypno
294210389,3820915,da,Krynki Sobole
294210543,3820917,da,Krynki
294210697,3820919,da,Krynki
294210774,3820920,da,Krynki
294210928,3820922,da,Krynka
294211005,3820923,da,Kryniczki
294211159,3820925,da,Krynickie
294211236,3820926,da,Korbonice
294211313,3820927,da,Korbonice
294211467,3820929,da,Krynica
294211544,3820930,da,Krynica
294211698,3820932,da,Krynica-Zdrój
294211775,3820933,da,Krylow
294211852,3820934,da,Krylatka
294211929,3820935,da,Kryg
294212006,3820936,da,Kruzy
294212083,3820937,da,Kruzlowa Wyzna
294212160,3820938,da,Kruzlowa Nizna
294212314,3820940,da,Krutynski Piecek
294212391,3820941,da,Krutyn
294212468,3820942,da,Kruszyna
294212545,3820943,da,Kruszyniany
294212622,3820944,da,Kruszyna
294212699,3820945,da,Kruszyna
294212853,3820947,da,Kruszyn
294212930,3820948,da,Kruszowka
294213007,3820949,da,Krusznik
294213084,3820950,da,Kruszki
294213161,3820951,da,Kruszewo-Glaby
294213238,3820952,da,Kruszewo
294213315,3820953,da,Kruszewo
294213469,3820955,da,Kruszewiec
294213546,3820956,da,Kruszewiec
294213623,3820957,da,Kruszewek
294213700,3820958,da,Kruszew
294213777,3820959,da,Kruszew
294213854,3820960,da,Kruszenica
294213931,3820961,da,Krusze-Lubnice
294214008,3820962,da,Krusze
294214085,3820963,da,Krusze
294214162,3820964,da,Krusza
294214393,3820967,da,Krupets
294214470,3820968,da,Krupow
294214547,3820969,da,Krupniki
294214624,3820970,da,Krupinskie
294214701,3820971,da,Krupin
294214778,3820972,da,Krupiec
294214932,3820974,da,Krupice
294215009,3820975,da,Krupia Wolka
294215163,3820977,da,Krupe
294215240,3820978,da,Krupa
294215317,3820979,da,Krukowszczyzna
294215394,3820980,da,Krukowo
294215471,3820981,da,Krukowka
294215548,3820982,da,Krukowka
294215702,3820984,da,Krukowek
294215779,3820985,da,Krukow
294215856,3820986,da,Kruklin
294215933,3820987,da,Kruklanki
294216010,3820988,da,Krukenychi
294216087,3820989,da,Krukenychi
294216164,3820990,da,Kruk
294216395,3820993,da,Kruglany
294216780,3820998,da,Kruczy Borek
294216857,3820999,da,Krucieniszki
294217088,3821002,da,Krubin
294217165,3821003,da,Krubin
294217242,3821004,da,Krubiczew
294217396,3821006,da,Krowniki
294217473,3821007,da,Kronice
294217550,3821008,da,Krowica
294217627,3821009,da,Krowica
294217704,3821010,da,Krowia Gora
294217781,3821011,da,Kroszowka
294217858,3821012,da,Kroszewo
294218012,3821014,da,Krosno
294218089,3821015,da,Krosno
294218166,3821016,da,Krosnice
294218243,3821017,da,Krosna
294218320,3821018,da,Krosna
294218397,3821019,da,Krosna
294218551,3821021,da,Kroscin
294218628,3821022,da,Kroscienko Wyzne
294218782,3821024,da,Kroscienko
294218859,3821025,da,Kropiwnica-Racibory
294219013,3821027,da,Kropiwnica-Gajki
294219090,3821028,da,Kropiwnica
294219167,3821029,da,Krole Stare
294219244,3821030,da,Kropiwne Nowe
294219321,3821031,da,Kropiwna
294219398,3821032,da,Kropiwki
294219475,3821033,da,Kropidlo
294219552,3821034,da,Kronowo
294219629,3821035,da,Kronowo
294219706,3821036,da,Kromnow Polski
294219783,3821037,da,Kromerowo
294219860,3821038,da,Kromarki
294219937,3821039,da,Krolowy Most
294220014,3821040,da,Krolowka
294220091,3821041,da,Krolewice
294220168,3821042,da,Krolowa Wola
294220245,3821043,da,Krolowa Wola
294220322,3821044,da,Krolowa Polska
294220399,3821045,da,Krolowa Gorna
294220553,3821047,da,Krolik Polski
294220630,3821048,da,Krolikowo
294220707,3821049,da,Krolewski Las
294220938,3821052,da,Krolewski Dwor
294221015,3821053,da,Krolewo
294221092,3821054,da,Krolewiec
294221169,3821055,da,Krolewiec
294221246,3821056,da,Krolewice
294221323,3821057,da,Krole Stare
294221477,3821059,da,Krole Male
294221554,3821060,da,Krole Duze
294221631,3821061,da,Krole
294221708,3821062,da,Krokowo
294221785,3821063,da,Krokowo
294221862,3821064,da,Krokocie
294221939,3821065,da,Krogule Budy
294222093,3821067,da,Kroczyn
294222170,3821068,da,Kroczow
294222247,3821069,da,Kroczew
294222324,3821070,da,Kroczew
294222555,3821073,da,Krobow
294222632,3821074,da,Krobonosz
294222709,3821075,da,Kroblice
294222786,3821076,da,Krobielice
294222940,3821078,da,Kord-e 'Olya
294223017,3821079,da,Kreznica Okragla
294223094,3821080,da,Kreznica Jara
294223171,3821081,da,Krezel
294223248,3821082,da,Krezce
294223325,3821083,da,Kretowiny
294223402,3821084,da,Kresk
294223479,3821085,da,Krery
294223556,3821086,da,Krepiec
294223633,3821087,da,Krepice
294223710,3821088,da,Krepica
294223941,3821091,da,Krepa Koscielna
294224095,3821093,da,Krepa
294224172,3821094,da,Krepa
294224249,3821095,da,Krepa
294224326,3821096,da,Krepa
294224403,3821097,da,Krempna
294224480,3821098,da,Krempachy
294224557,3821099,da,Krelikiejmy
294224634,3821100,da,Krekole
294224711,3821101,da,Krejwince
294224788,3821102,da,Krejwiany
294224865,3821103,da,Krejwiany
294224942,3821104,da,Kregi Nowe
294225019,3821105,da,Kregi
294225173,3821107,da,Krecow
294225250,3821108,da,Krebsowka
294225327,3821109,da,Krawno
294225404,3821110,da,Krawieczyn
294225481,3821111,da,Krawczyki
294225558,3821112,da,Krawcowizna
294225635,3821113,da,Krawce
294225712,3821114,da,Krawara
294225866,3821116,da,Kraszkow
294225943,3821117,da,Kraszkow
294226097,3821119,da,Kraszewo Slawecin
294226174,3821120,da,Kraszewo Rory
294226251,3821121,da,Kraszewo Podborne
294226328,3821122,da,Kraszewo Gaczulty
294226405,3821123,da,Kraszewo Falki
294226482,3821124,da,Kraszewo Czubaki
294226559,3821125,da,Kraszewo
294226636,3821126,da,Kraszewo
294226713,3821127,da,Kraszewo
294226944,3821130,da,Kraszew
294227021,3821131,da,Krasowo Wielkie
294227098,3821132,da,Krasowo-Czestki
294227175,3821133,da,Krasowka
294227252,3821134,da,Krasowka
294227329,3821135,da,Krasow
294227406,3821136,da,Krasow
294227560,3821138,da,Krasocin
294227637,3821139,da,Krasnystaw
294227791,3821141,da,Krasny Bor
294227868,3821142,da,Krasnosielc
294227945,3821143,da,Krasnopol
294228022,3821144,da,Krasnolipie
294228099,3821145,da,Krasnolaka
294228176,3821146,da,Krasnolaka
294228253,3821147,da,Krasnogliny
294228407,3821149,da,Krasnobrod
294228484,3821150,da,Krasnoborki
294228561,3821151,da,Krasniow
294228638,3821152,da,Kraśnik
294228715,3821153,da,Krasnik
294228792,3821154,da,Stara Wies
294228946,3821156,da,Krasniczyn
294229023,3821157,da,Krasnicza Wola
294229100,3821158,da,Krasnica
294229177,3821159,da,Krasniany
294229254,3821160,da,Krasne Potockie
294229331,3821161,da,Krasne-Elzbiecin
294229408,3821162,da,Krasnoyarskoye
294229485,3821163,da,Krasnoyarskoye
294229562,3821164,da,Krasnoyarskoye
294229639,3821165,da,Krasnoyarskoye
294229716,3821166,da,Krasnoyarskoye
294229793,3821167,da,Krasnoyarskoye
294229870,3821168,da,Krasnoyarskoye
294229947,3821169,da,Krasnoyarskoye
294230024,3821170,da,Krasnoyarskoye
294230101,3821171,da,Krasnoyarskoye
294230178,3821172,da,Krasne-Lasocice
294230255,3821173,da,Krasna Wies
294230332,3821174,da,Krasna Dabrowa
294230486,3821176,da,Krasna
294230563,3821177,da,Krasna
294230640,3821178,da,Krasna
294230717,3821179,da,Kraskowo
294230794,3821180,da,Kraskow
294230871,3821181,da,Kraski Gorne
294230948,3821182,da,Kraski
294231025,3821183,da,Kraska
294231102,3821184,da,Kraska
294231256,3821186,da,Krasik
294231333,3821187,da,Krasienin
294231410,3821188,da,Krasiczyn
294231487,3821189,da,Krasice
294231564,3821190,da,Krasewice Stare
294231872,3821194,da,Krasew
294231949,3821195,da,Kranow
294232026,3821196,da,Kramkowo Lipskie
294232103,3821197,da,Kramkowo
294232180,3821198,da,Kramkowka Mala
294232257,3821199,da,Kramkowka Duza
294232334,3821200,da,Kramarzowka
294232411,3821201,da,Kramarzewo
294232565,3821203,da,Kramarka
294232642,3821204,da,Krakuszowice
294232719,3821205,da,Krakowiany
294232796,3821206,da,Krajowice
294232873,3821207,da,Krajow
294232950,3821208,da,Krajna
294233104,3821210,da,Krajkowo
294233181,3821211,da,Krajkow
294233258,3821212,da,Krajewo Wierciochy
294233335,3821213,da,Krajewo Wielkie
294233412,3821214,da,Krajewo Male
294233489,3821215,da,Krajewo-Korytki
294233566,3821216,da,Krajewo Klodki
294233643,3821217,da,Krajewo-Kaweczyno
294233720,3821218,da,Krajewo-Budzily
294233797,3821219,da,Krajewo Biale
294234028,3821222,da,Krajeczyn
294234105,3821223,da,Kraczkowa
294234259,3821225,da,Kraczew
294234336,3821226,da,Kozyn
294234413,3821227,da,Kozuszki
294234567,3821229,da,Kozuszki
294234644,3821230,da,Kozuchy Wielkie
294234721,3821231,da,Kozuchy
294234798,3821232,da,Kozuchowka
294234875,3821233,da,Kozuchowek
294234952,3821234,da,Kozuchow
294235029,3821235,da,Kozuchow
294235106,3821236,da,Kozuchow
294235183,3821237,da,Kozubszczyzna
294235260,3821238,da,Kozubow
294235414,3821240,da,Kozubiec
294235491,3821241,da,Kozubata
294235645,3821243,da,Kozow
294235722,3821244,da,Kozolupy
294235799,3821245,da,Kozolin
294235876,3821246,da,Kozodrza
294235953,3821247,da,Kozodawy
294236030,3821248,da,Kozniewo Wielkie
294236107,3821249,da,Kozniewo Srednie
294236184,3821250,da,Kozniewo-Lysaki
294236415,3821253,da,Kozmice Male
294236492,3821254,da,Kozmice
294236569,3821255,da,Kozly Janowo
294236646,3821256,da,Kozly
294236723,3821257,da,Kozly
294236954,3821260,da,Kozlowy Luh
294237031,3821261,da,Kozlow Szlachecki
294237108,3821262,da,Kozlowo
294237185,3821263,da,Kozlowo
294237262,3821264,da,Kozlowo
294237339,3821265,da,Kozlowo
294237416,3821266,da,Kozlowo
294237493,3821267,da,Kozlowka
294237570,3821268,da,Kozlowka
294237647,3821269,da,Kozlowka
294237724,3821270,da,Kozlowiec
294237801,3821271,da,Stare Kozlowice
294237878,3821272,da,Nowe Kozlowice
294237955,3821273,da,Kozlowek
294238032,3821274,da,Kozlowek
294238109,3821275,da,Kozlow Biskupi
294238186,3821276,da,Kozlow
294238263,3821277,da,Kozlow
294238340,3821278,da,Kozlow
294238417,3821279,da,Kozlow
294238571,3821281,da,Kozlow
294238648,3821282,da,Kozlow
294238725,3821283,da,Kozlow
294238802,3821284,da,Kozliki
294238956,3821286,da,Kozki
294239033,3821287,da,Kozki
294239110,3821288,da,Kozki
294239187,3821289,da,Kozki
294239264,3821290,da,Kozirynek Stary
294239418,3821292,da,Koziolek
294239495,3821293,da,Koziolek
294239572,3821294,da,Koziol
294239649,3821295,da,Kozinki
294239726,3821296,da,Koziniec
294239803,3821297,da,Kozieniec
294239880,3821298,da,Kozince
294240034,3821300,da,Kozin
294240111,3821301,da,Kozin
294240265,3821303,da,Koziminy Nowe
294240342,3821304,da,Koziki-Olszyny
294240419,3821305,da,Koziki Majdan
294240496,3821306,da,Koziki
294240650,3821308,da,Kozietuly
294240727,3821309,da,Kozenin
294240804,3821310,da,Kozieniec
294240881,3821311,da,Kozieniec
294240958,3821312,da,Kozienice
294241035,3821313,da,Koziel
294241112,3821314,da,Koziel
294241189,3821315,da,Kozieglowy
294241266,3821316,da,Koziczyn
294241420,3821318,da,Kozice Gorne
294241497,3821319,da,Kozice Dolne
294241574,3821320,da,Kozice
294241651,3821321,da,Kozia Wola
294241728,3821322,da,Kozia Wola
294241805,3821323,da,Kozia Wola
294241959,3821325,da,Kozia Wies
294242036,3821326,da,Hvizdiarnia
294242113,3821327,da,Kozia Gora
294242267,3821329,da,Kozerki
294242344,3821330,da,Kozelnica
294242421,3821331,da,Kozarzewo
294242498,3821332,da,Kozarze
294242575,3821333,da,Kozarow
294242652,3821334,da,Kozanowka
294242806,3821336,da,Kozaki
294243191,3821341,da,Koza Gotowka
294243268,3821342,da,Kownaty Zedowe
294243345,3821343,da,Kownaty Borowe
294243422,3821344,da,Kownaty
294243576,3821346,da,Kownaty
294243653,3821347,da,Kownatki
294243807,3821349,da,Kownatki
294243884,3821350,da,Kownaciska
294243961,3821351,da,Kownacica
294244038,3821352,da,Kowiesy
294244115,3821353,da,Kowiesy
294244192,3821354,da,Kowiesowo
294244269,3821355,da,Kowela
294244346,3821356,da,Kowary
294244500,3821358,da,Kowalowa
294244577,3821359,da,Kowalowy
294244654,3821360,da,Kowalowka
294244731,3821361,da,Kowalow Gorny
294244808,3821362,da,Kowalow Dolny
294244885,3821363,da,Kowalowce
294244962,3821364,da,Kowalkow
294245039,3821365,da,Kowalin
294245116,3821366,da,Kowalik
294245193,3821367,da,Kowalik
294245270,3821368,da,Kowalicha
294245347,3821369,da,Kowalewszczyzna
294245424,3821370,da,Kowalewskie
294245501,3821371,da,Kowalewo
294245578,3821372,da,Kowalewo
294245655,3821373,da,Kowalewo
294245732,3821374,da,Kowalewo
294245809,3821375,da,Kowalewko
294245886,3821376,da,Kowalewko
294245963,3821377,da,Kowalewice
294246040,3821378,da,Kowale Oleckie
294246117,3821379,da,Kowala
294246194,3821380,da,Kowala
294246271,3821381,da,Kowala
294246348,3821382,da,Kowala
294246656,3821386,da,Kowala
294246887,3821389,da,Kowala-Duszocina
294246964,3821390,da,Kowala
294247118,3821392,da,Kowala
294247195,3821393,da,Kowala
294247272,3821394,da,Kowala
294247349,3821395,da,Koty Rybno
294247426,3821396,da,Kot
294247503,3821397,da,Kot
294247657,3821399,da,Kotuszow
294247734,3821400,da,Kotuszow
294247811,3821401,da,Kotun
294247888,3821402,da,Kotowo stirrer
294247965,3821403,da,Kotowo-Plac
294248042,3821404,da,Kotowo
294248119,3821405,da,Kotowka
294248196,3821406,da,Kotowina
294248273,3821407,da,Kotowice
294248350,3821408,da,Kotowek
294248504,3821410,da,Kotowa Wola
294248581,3821411,da,Kotow
294248658,3821412,da,Kotow
294248735,3821413,da,Kotow
294248812,3821414,da,Kostohryzove
294248889,3821415,da,Kotorow
294248966,3821416,da,Kotly
294249043,3821417,da,Kotlowka
294249120,3821418,da,Kotlowka
294249197,3821419,da,Kotlowacz
294249274,3821420,da,Kotliny
294249351,3821421,da,Kotlice
294249505,3821423,da,Kotlice
294249582,3821424,da,Kotlarka
294249659,3821425,da,Kotki
294249736,3821426,da,Koterman
294249813,3821427,da,Kotarszyn
294249890,3821428,da,Kotan
294249967,3821429,da,Kot
294250044,3821430,da,Kot
294250121,3821431,da,Koszyce
294250198,3821432,da,Koszyce
294250275,3821433,da,Koszyce
294250352,3821434,da,Koszorow
294250429,3821435,da,Koszoly
294250506,3821436,da,Kosztowa
294250583,3821437,da,Koszki
294250660,3821438,da,Koszewo
294250737,3821439,da,Koszewnica
294250814,3821440,da,Koszewnica
294250891,3821441,da,Koszelowka
294251045,3821443,da,Koszelowiec
294251122,3821444,da,Koszeliki
294251199,3821445,da,Koszele
294251353,3821447,da,Koszary
294251430,3821448,da,Koszary
294251507,3821449,da,Koszary
294251584,3821450,da,Koszary
294251661,3821451,da,Koszarsko
294251738,3821452,da,Koszajec
294251815,3821453,da,Kosy
294251892,3821454,da,Kosy
294251969,3821455,da,Kosuty
294252046,3821456,da,Kosuty
294252123,3821457,da,Kosumce
294252277,3821459,da,Kostusin
294252354,3821460,da,Kostryna
294252431,3821461,da,Kostrzewy
294252508,3821462,da,Kostrzeszyn
294252662,3821464,da,Stare Kostry
294252739,3821465,da,Kostry-Smiejki
294252816,3821466,da,Kostry-Podsedkowieta
294252893,3821467,da,Kostry-Noski
294252970,3821468,da,Kostryn
294253047,3821469,da,Ostrytsya
294253124,3821470,da,Keblow Stary
294253278,3821472,da,Kostomloty Drugie
294253355,3821473,da,Kostomloty
294253432,3821474,da,Kostki Duze
294253509,3821475,da,Kostki
294253586,3821476,da,Kostki Male
294253663,3821477,da,Kostera
294253740,3821478,da,Kostarowce
294253817,3821479,da,Kossow
294253894,3821480,da,Kossobudy
294253971,3821481,da,Kossaki-Borowe
294254048,3821482,da,Kossaki
294254202,3821484,da,Kosaki
294254279,3821485,da,Kossaki
294254356,3821486,da,Kossaki
294254433,3821487,da,Kosowy
294254510,3821488,da,Kosow Lacki
294254587,3821489,da,Kosowka
294254664,3821490,da,Kosowice
294254818,3821492,da,Kosow
294254972,3821494,da,Kosobudy
294255126,3821496,da,Kosny
294255203,3821497,da,Kosnovice
294255280,3821498,da,Kosnowa Wola
294255357,3821499,da,Kosna
294255511,3821501,da,Kosmy Wielkie
294255588,3821502,da,Kosmowo
294255665,3821503,da,Kosmow
294255742,3821504,da,Kosminy
294255819,3821505,da,Kosmin
294255896,3821506,da,Kosmin
294255973,3821507,da,Kosmidry
294256050,3821508,da,Kosmaty Borek
294256127,3821509,da,Koskowo
294256204,3821510,da,Kosiorowo
294256358,3821512,da,Kosiorow
294256435,3821513,da,Kosiny Stare
294256512,3821514,da,Kosiny Stare
294256589,3821515,da,Kosiny Stare
294256666,3821516,da,Kosiny Kapiczne
294256743,3821517,da,Kosiny Bartosowe
294256820,3821518,da,Kosiny
294256974,3821520,da,Kosina
294257051,3821521,da,Kosin
294257128,3821522,da,Kosily
294257205,3821523,da,Kosierady Wielkie
294257359,3821525,da,Kosienice
294257436,3821526,da,Kosiarnia
294257513,3821527,da,Kosianka Lesna
294257667,3821529,da,Kosewo
294257744,3821530,da,Kosewo
294257975,3821533,da,Kosewko
294258052,3821534,da,Kozdroje
294258129,3821535,da,Kosciuszkow
294258206,3821536,da,Kosciukowicze
294258283,3821537,da,Kosciuki
294258360,3821538,da,Kosciaszyn
294258437,3821539,da,Kosciesze
294258514,3821540,da,Koscieniewicze
294258591,3821541,da,Koscieliska
294258668,3821542,da,Koscielec
294258745,3821543,da,Kosciejow
294258976,3821546,da,Kosakowo
294259130,3821548,da,Korzyce
294259207,3821549,da,Korzybie
294259284,3821550,da,Korzenno
294259361,3821551,da,Korzenna
294259438,3821552,da,Korzeniste
294259515,3821553,da,Korzeniowka
294259592,3821554,da,Korzeniowka
294259669,3821555,da,Korzeniow
294259746,3821556,da,Korzeniow
294259823,3821557,da,Korzeniec
294259900,3821558,da,Korzenica
294259977,3821559,da,Korzen
294260054,3821560,da,Korzecko
294260131,3821561,da,Korytyna
294260208,3821562,da,Korytowo
294260285,3821563,da,Korytow
294260362,3821564,da,Koryto
294260439,3821565,da,Korytniki
294260516,3821566,da,Korytnica
294260593,3821567,da,Korytnica
294260670,3821568,da,Korytnica
294260747,3821569,da,Korytnica
294260824,3821570,da,Korytkow Maly
294260901,3821571,da,Korytkow Duzy
294260978,3821572,da,Korytkow
294261055,3821573,da,Korytki Lesne
294261132,3821574,da,Koryczany
294261286,3821576,da,Koryciska
294261363,3821577,da,Koryciska
294261440,3821578,da,Korycisk
294261517,3821579,da,Koryciny
294261594,3821580,da,Korycin
294261671,3821581,da,Koryciany
294261825,3821583,da,Korsze
294261902,3821584,da,Korpele
294261979,3821585,da,Koroszczyn
294262056,3821586,da,Korona
294262133,3821587,da,Korolowka
294262210,3821588,da,Korobiec
294262287,3821589,da,Kornie
294262364,3821590,da,Kornica
294262441,3821591,da,Korniaktow
294262518,3821592,da,Kornelowka
294262672,3821594,da,Kornatka
294262749,3821595,da,Kornacice
294262826,3821596,da,Kormanice
294262903,3821597,da,Korkliny
294262980,3821598,da,Kordowo
294263057,3821599,da,Stary Korczyn
294263134,3821600,da,Korczyna
294263211,3821601,da,Korczyna
294263288,3821602,da,Korczyn
294263442,3821604,da,Korczowka
294263596,3821606,da,Korczowe
294263673,3821607,da,Korczow
294263750,3821608,da,Korczmin
294263904,3821610,da,Korczew
294263981,3821611,da,Korczaki
294264212,3821614,da,Korbonice
294264289,3821615,da,Korabina
294264366,3821616,da,Korabiewice
294264443,3821617,da,Kopytowa
294264520,3821618,da,Kopytow
294264597,3821619,da,Kopytow
294264674,3821620,da,Kopynivtsi
294264828,3821622,da,Kopysno
294264905,3821623,da,Kopylow
294264982,3821624,da,Koprzywnica
294265059,3821625,da,Koprzywna
294265213,3821627,da,Koplany
294265290,3821628,da,Kopki
294265367,3821629,da,Kopisk
294265444,3821630,da,Kopina
294265521,3821631,da,Kopina
294265598,3821632,da,Kopina
294265675,3821633,da,Kopijki
294265752,3821634,da,Kopiec
294265906,3821636,da,Kopiec
294265983,3821637,da,Kopiec
294266060,3821638,da,Kopiec
294266137,3821639,da,Kopernia
294266214,3821640,da,Kopczany
294266291,3821641,da,Kopciowka
294266368,3821642,da,Kopcie
294266599,3821645,da,Kopce
294266676,3821646,da,Kopaniny
294266753,3821647,da,Kopaniny
294266830,3821648,da,Kopanina Kamienska
294266907,3821649,da,Kopanina Kaliszanska
294266984,3821650,da,Kopanina
294267061,3821651,da,Kopanina
294267138,3821652,da,Kopanie Zolynskie
294267215,3821653,da,Kopanica
294267292,3821654,da,Kopana
294267600,3821658,da,Kopaliny
294267677,3821659,da,Kopaczyska
294267754,3821660,da,Kopacze Wielkie
294267831,3821661,da,Kontrewers
294267908,3821662,da,Konstantynowka
294268139,3821665,da,Konstantynow
294268216,3821666,da,Konstantynow
294268293,3821667,da,Konstantynow
294268447,3821669,da,Kostyantynivka
294268524,3821670,da,Konstantow
294268601,3821671,da,Konstantow
294268678,3821672,da,Konstancin-Jeziorna
294268755,3821673,da,Końskowola
294268832,3821674,da,Końskie
294268909,3821675,da,Konskie
294269063,3821677,da,Konrady
294269140,3821678,da,Konradowo
294269217,3821679,da,Konowaly
294269448,3821682,da,Konorzatka
294269525,3821683,da,Konopnica
294269602,3821684,da,Konopnica
294269679,3821685,da,Konopne
294269756,3821686,da,Konopki Wielkie
294269833,3821687,da,Konopki Stare
294269910,3821688,da,Konopki-Pokrzywnica
294269987,3821689,da,Konopki-Monety
294270064,3821690,da,Konopki Male
294270218,3821692,da,Konopki Klimki
294270295,3821693,da,Konopki-Bialystok
294270372,3821694,da,Konopki-Awissa
294270449,3821695,da,Konopki
294270526,3821696,da,Konopki
294270603,3821697,da,Konopki
294270757,3821699,da,Konopki
294270834,3821700,da,Konopki
294270911,3821701,da,Konopki
294270988,3821702,da,Konopczyn
294271065,3821703,da,Koniuszowa
294271142,3821704,da,Koniuszki
294271219,3821705,da,Koniuszki
294271296,3821706,da,Koniusza
294271373,3821707,da,Koniusza
294271450,3821708,da,Koniuchy
294271527,3821709,da,Konity
294271604,3821710,da,Koninki
294271681,3821711,da,Konina
294271758,3821712,da,Konik Stary
294271912,3821714,da,Koniewo
294271989,3821715,da,Koniemloty
294272066,3821716,da,Konieczno
294272220,3821718,da,Konieczna
294272297,3821719,da,Konieczkowa
294272451,3821721,da,Koniecki-Wadolowo
294272528,3821722,da,Koniecki-Wadolowo
294272605,3821723,da,Koniecbor
294272682,3821724,da,Konie
294272836,3821726,da,Konice
294272913,3821727,da,Koniaczow
294272990,3821728,da,Konefaly
294273067,3821729,da,Kondratki
294273144,3821730,da,Kondrajec Szlachecki
294273221,3821731,da,Kondrajec Panski
294273298,3821732,da,Kondrajec
294273375,3821733,da,Konczyska
294273452,3821734,da,Konczyce
294273529,3821735,da,Konczyce
294273606,3821736,da,Konczewo
294273760,3821738,da,Konarzyce
294273991,3821741,da,Konarzewo Zawady Dworskie
294274222,3821744,da,Konarzewo Bolesty
294274299,3821745,da,Konarzewo
294274376,3821746,da,Konsay
294274453,3821747,da,Konsay
294274530,3821748,da,Konsay
294274607,3821749,da,Konsay
294274684,3821750,da,Konsay
294274992,3821754,da,Komsin
294275069,3821755,da,Kompocie
294275146,3821756,da,Kompina
294275223,3821757,da,Komory Blotne
294275300,3821758,da,Komory
294275377,3821759,da,Komorowo
294275454,3821760,da,Komorowo
294275531,3821761,da,Komorowo
294275608,3821762,da,Komorowo
294275685,3821763,da,Komorow
294275762,3821764,da,Komorow
294275839,3821765,da,Komorow
294276070,3821768,da,Komorow
294276147,3821769,da,Komorow
294276224,3821770,da,Komorow
294276301,3821771,da,Komorow
294276378,3821772,da,Komorow
294276455,3821773,da,Komorniki
294276532,3821774,da,Komorniki
294276609,3821775,da,Komorniki
294276686,3821776,da,Komornica
294276763,3821777,da,Komorna
294276840,3821778,da,Komorki
294276917,3821779,da,Komodzianka
294276994,3821780,da,Komisja
294277071,3821781,da,Kominki
294277148,3821782,da,Kombornia
294277225,3821783,da,Komaszyce
294277379,3821785,da,Komaszowka
294277533,3821787,da,Komarowka Podlaska
294277610,3821788,da,Komarowka
294277764,3821790,da,Komarow Dolny
294277841,3821791,da,Komarow Dolny
294277918,3821792,da,Komarno
294277995,3821793,da,Komancza
294278072,3821794,da,Kolwiny
294278303,3821797,da,Kolpaki
294278457,3821799,da,Kolozab
294278534,3821800,da,Kolosy
294278765,3821803,da,Kolonja Wisznice
294279150,3821808,da,Kolonja Samokleski
294279227,3821809,da,Kolonja Piotrkow
294279458,3821812,da,Kolonja Lukowa
294279612,3821814,da,Kolonja Krynka
294279843,3821817,da,Dorohusk-Osada
294279920,3821818,da,Kolonja Dobryniow
294280074,3821820,da,Kolonja Chmiel
294280228,3821822,da,Koloniska
294280305,3821823,da,Kolonijki
294280382,3821824,da,Koloniec
294280536,3821826,da,Kolonia Zyrakow
294280767,3821829,da,Kolonia Zuraw
294280998,3821832,da,Kolonia Zawada
294281152,3821834,da,Kolonia Zareka
294281306,3821836,da,Kolonia Zakrze
294281383,3821837,da,Kolonia Zakalinki
294281614,3821840,da,Kolonia Zaborze
294281691,3821841,da,Kolonia Zaboreczno
294281922,3821844,da,Kolonia Wyznica
294282615,3821853,da,Kolonia Wola Wereszczynska
294282769,3821855,da,Kolonia Wola Solecka
294282923,3821857,da,Kolonia Wojslawice
294283077,3821859,da,Kolonia Wojciechow
294283154,3821860,da,Kolonia Wierzchowiska
294283231,3821861,da,Kolonia Wierzchlowce
294283385,3821863,da,Kolonia Wiazownica
294283462,3821864,da,Kolonia Wawrzyszow
294283693,3821867,da,Kolonia Usciaz
294283847,3821869,da,Kolonia Udrycze Druga
294283924,3821870,da,Kolonia Turobowice
294284386,3821876,da,Kolonia Tomaszowice
294284463,3821877,da,Kolonia Tereba
294284540,3821878,da,Kolonia Szpaki
294284617,3821879,da,Kolonia Szpaki
294284694,3821880,da,Kolonia Szczerbacka
294284925,3821883,da,Kolonia Swaryczow
294285387,3821889,da,Kolonia Strzegom
294285464,3821890,da,Kolonia Strzalkow
294285618,3821892,da,Kolonia Stroza
294285849,3821895,da,Kolonia Stobiec
294286080,3821898,da,Kolonia Stawek
294286234,3821900,da,Kolonia Staszic
294286388,3821902,da,Kolonia Starogrodzka
294286542,3821904,da,Kolonia Sokolowo
294286696,3821906,da,Soczowki
294287004,3821910,da,Kolonia Smiary
294287466,3821916,da,Rzepin-Kolonia
294287543,3821917,da,Rzeczyca Ziemianska-Kolonia
294287928,3821922,da,Kolonia Ruszcza Plaszczyzna
294288082,3821924,da,Kolonia Rudzienko
294288159,3821925,da,Kolonia Rudno
294288313,3821927,da,Kolonia Rudka
294288621,3821931,da,Kolonia Romanow
294288852,3821934,da,Kolonia Robotnicza
294289160,3821938,da,Kolonia Rebkow
294289237,3821939,da,Kolonia Ratoszyn
294289314,3821940,da,Kolonia Rakow
294289391,3821941,da,Kolonia Rajgrodzkie
294289468,3821942,da,Rajec Poduchowny
294289545,3821943,da,Kolonia Rafalowka
294289699,3821945,da,Radwanow-Kolonia
294289930,3821948,da,Kolonia Raciborowice
294290084,3821950,da,Kolonia Prawiedniki
294290161,3821951,da,Kolonia Prawda Nowa
294290238,3821952,da,Kolonia Potok Stany
294290392,3821954,da,Kolonia Polska
294290469,3821955,da,Kolonia Pokrowka
294290623,3821957,da,Kolonia Poizdow
294290931,3821961,da,Ploskow-Kolonia
294291393,3821967,da,Kolonia Pawlowska Wola
294291547,3821969,da,Kolonia Pasztowa Wola
294291624,3821970,da,Kolonia Pasmugi
294291701,3821971,da,Kolonia Owadow
294291778,3821972,da,Kolonia Osuchow
294291855,3821973,da,Kolonia Ostrownica
294291932,3821974,da,Ostrowek-Kolonia
294292240,3821978,da,Kolonia Osiek
294292317,3821979,da,Kolonia Oryszew
294292471,3821981,da,Kolonia Opacz
294292548,3821982,da,Kolonia Ochoza
294292702,3821984,da,Kolonia Nowy Dwor
294292779,3821985,da,Kolonia Nowomichowska
294293087,3821989,da,Kolonia Niewirkow
294293318,3821992,da,Kolonia Niedarczow Gorny
294293395,3821993,da,Kolonia Nieczatow
294293626,3821996,da,Kolonia Nadwislanska
294293703,3821997,da,Kolonia Nacpolsk
294294165,3822003,da,Kolonia Mieleszki
294294242,3822004,da,Kolonia Miaczyn
294294319,3822005,da,Kolonia Mezenin
294294473,3822007,da,Kolonia Mateuszowo
294294627,3822009,da,Kolonia Markowola
294294781,3822011,da,Kolonia Malkow Zablocie
294294858,3822012,da,Kolonia Makowiec
294295089,3822015,da,Kolonia Lysakow
294295243,3822017,da,Kolonia Lugow
294295320,3822018,da,Kolonia Ludwikow
294295397,3822019,da,Kolonia Lucka
294295551,3822021,da,Kolonia Lososna
294295628,3822022,da,Kolonia Lopatki
294295859,3822025,da,Kolonia Lipsko Druga
294296167,3822029,da,Kolonia Lesniowice
294296321,3822031,da,Kolonia Lesiew
294296475,3822033,da,Kolonia Leczeszycka
294296552,3822034,da,Kolonia Lebiedziow
294296629,3822035,da,Kolonia Lazow
294296860,3822038,da,Kolonia Kuznia
294296937,3822039,da,Kolonia Kurowice
294297476,3822046,da,Kolonia Kruszewiec
294297784,3822050,da,Kolonia Krasna
294297938,3822052,da,Kolonia Kotarwice
294298169,3822055,da,Kolonia Kornica
294298246,3822056,da,Kolonia Korczowka
294298323,3822057,da,Kopytow-Kolonia
294298477,3822059,da,Kolonia Komarno
294298554,3822060,da,Kolonia Komarno
294298708,3822062,da,Kolonia Kolechowice
294299016,3822066,da,Kolonia Klonowek
294299093,3822067,da,Kolonia Kloczew
294299247,3822069,da,Kolonia Klesztow
294299401,3822071,da,Kolonia Klarzyn
294299478,3822072,da,Kolonia Kitki
294299555,3822073,da,Kolonia Kijowiec
294299786,3822076,da,Kolonia Kielbaski
294300017,3822079,da,Kolonia Katy
294300171,3822081,da,Kolonia Karlsdorf
294300248,3822082,da,Kolonia Kantorowka
294300402,3822084,da,Kolonia Kaliszany
294300633,3822087,da,Kolonia Jozefin
294300787,3822089,da,Kolonia Jedlnia
294300864,3822090,da,Kolonia Jedlanka
294301326,3822096,da,Kolonia Janowice
294301403,3822097,da,Kolonia Janiszpol
294301557,3822099,da,Kolonia Jakimowice
294301711,3822101,da,Kolonia Inwalidzka
294301865,3822103,da,Kolonia Ignatow
294301942,3822104,da,Kolonia Ignatki
294302019,3822105,da,Kolonia Hyki
294302096,3822106,da,Kolonia Husinka
294302327,3822109,da,Kolonia Horyszow
294302404,3822110,da,Kolonia Horodyszcze
294302558,3822112,da,Kolonia Horbow
294302635,3822113,da,Holowczyce-Kolonia
294302712,3822114,da,Kolonia Gzowice
294302943,3822117,da,Kolonia Grzybowo Windyki
294303328,3822122,da,Kolonia Grabowska Wola
294303405,3822123,da,Kolonia Goscieradow Pierwszy
294303482,3822124,da,Kolonia Goscieradow Drugi
294303559,3822125,da,Gorzno-Kolonia
294303790,3822128,da,Kolonia Goniwilk
294303867,3822129,da,Kolonia Golice
294304021,3822131,da,Kolonia Godow
294304252,3822134,da,Kolonia Glina
294304560,3822138,da,Kolonia Galkowice
294304714,3822140,da,Kolonia Dziergowek
294304791,3822141,da,Kolonia Dziergowek
294304945,3822143,da,Kolonia Drestwo
294305099,3822145,da,Kolonia Dratow Pierwszy
294305176,3822146,da,Kolonia Dobryn
294305253,3822147,da,Kolonia Dlugowola
294305407,3822149,da,Kolonia Depultycze Krolewskie
294305561,3822151,da,Kolonia Debowka
294305792,3822154,da,Kolonia Debica
294305946,3822156,da,Kolonia Dabrowa
294306177,3822159,da,Kolonia Czestoniew
294306331,3822161,da,Kolonia Czerwona Wola
294306485,3822163,da,Kolonia Czernic
294306639,3822165,da,Kolonia Czepielin
294306793,3822167,da,Kolonia Ciszyca
294307024,3822170,da,Kolonia Chustki
294307178,3822172,da,Kolonia Chromowka
294307255,3822173,da,Kolonia Chodnow
294307486,3822176,da,Kolonia Cegielnia
294307563,3822177,da,Kolonia Bystrzycka
294307717,3822179,da,Kolonia Burzec
294308179,3822185,da,Kolonia Brzescie
294308256,3822186,da,Kolonia Brzesce
294308410,3822188,da,Kolonia Bozydar
294308718,3822192,da,Kolonia Bolimowska-Wies
294308795,3822193,da,Kolonia Boksycka
294308872,3822194,da,Kolonia Boiska
294309103,3822197,da,Kolonia Bogoryja
294309180,3822198,da,Kolonia Boczkowice
294309257,3822199,da,Kolonia Bocki
294309488,3822202,da,Kolonia Bardzice
294309719,3822205,da,Kolonia Bachmacka
294309796,3822206,da,Kolonia Anusin
294310027,3822209,da,Kolonia Adamow
294310104,3822210,da,Kolonia
294310181,3822211,da,Kolomyjka
294310258,3822212,da,Kolomyja
294310335,3822213,da,Koloman
294310412,3822214,da,Kolodziez
294310566,3822216,da,Kolodzieje
294310643,3822217,da,Kolodziaz
294310797,3822219,da,Kolodno
294310951,3822221,da,Kolo
294311105,3822223,da,Kolno
294311182,3822224,da,Kolno
294311259,3822225,da,Kolno
294311336,3822226,da,Kolniszki
294311413,3822227,da,Kolnica
294311567,3822229,da,Kolkow
294311644,3822230,da,Koliszowy
294311721,3822231,da,Kolimagi
294311798,3822232,da,Kolesniki
294312029,3822235,da,Kolemczyce
294312106,3822236,da,Kolembrody
294312183,3822237,da,Kolechowice
294312260,3822238,da,Kolczyn
294312337,3822239,da,Kolczyn
294312414,3822240,da,Kolbuszowa Gorna
294312491,3822241,da,Kolbuszowa Dolna
294312568,3822242,da,Kolbuszowa
294312645,3822243,da,Kolbiel
294312876,3822246,da,Kolano
294312953,3822247,da,Kolakow
294313030,3822248,da,Kolaki-Wietrzychowo
294313107,3822249,da,Kolaki Wielkie
294313184,3822250,da,Kolaki-Strumienie
294313261,3822251,da,Kolaki Kwasy
294313338,3822252,da,Kolaki Budzyno
294313415,3822253,da,Kolaki
294313492,3822254,da,Kolaki
294313723,3822257,da,Kolaki
294313877,3822259,da,Kolaczyce
294314031,3822261,da,Kolaczkowice
294314108,3822262,da,Kolaczkow
294314262,3822264,da,Kolaczki
294314339,3822265,da,Kolacze
294314416,3822266,da,Kolacz
294314493,3822267,da,Kokuszka
294314570,3822268,da,Kokotow
294314647,3822269,da,Kokot
294314801,3822271,da,Kokoszki
294314878,3822272,da,Kokoszka
294314955,3822273,da,Kokoszewo
294315032,3822274,da,Kojly
294315109,3822275,da,Kojdy
294315186,3822276,da,Kodlutowo
294315263,3822277,da,Kodeniec
294315340,3822278,da,Koden
294315417,3822279,da,Koczow
294315494,3822280,da,Koczery
294315571,3822281,da,Koczergi
294315648,3822282,da,Koczek
294315725,3822283,da,Koczarki
294315802,3822284,da,Koczargi Stare
294315879,3822285,da,Koczargi Nowe
294315956,3822286,da,Koczanow
294316033,3822287,da,Kocudza Gorna
294316187,3822289,da,Kocudza
294316264,3822290,da,Kocmyrzow
294316341,3822291,da,Kocmierzow
294316495,3822293,da,Kock
294316572,3822294,da,Kociolki
294316649,3822295,da,Kociolki
294316726,3822296,da,Kociolek Szlachecki
294316803,3822297,da,Kociolek
294316880,3822298,da,Kociol
294316957,3822299,da,Kocina
294317111,3822301,da,Kocierzew Polnocny
294317188,3822302,da,Kociecin-Tworki
294317342,3822304,da,Kocianow
294317419,3822305,da,Kocia Gora
294317496,3822306,da,Kochow
294317573,3822307,da,Kochow
294317650,3822308,da,Kochany
294317804,3822310,da,Kochanowka
294317881,3822311,da,Kochanowka
294317958,3822312,da,Kochanowka
294318035,3822313,da,Kochanow
294318112,3822314,da,Kochanow
294318189,3822315,da,Kochanow
294318266,3822316,da,Kochanow
294318497,3822319,da,Kochanow
294318574,3822320,da,Koce-Schaby
294318651,3822321,da,Kocerany
294318728,3822322,da,Koce-Piskuly
294318805,3822323,da,Koce Borowe
294318882,3822324,da,Koce-Basie
294318959,3822325,da,Kobylocha
294319036,3822326,da,Kobylniki
294319421,3822331,da,Kobylnica Woloska
294319498,3822332,da,Kobylnica Ruska
294319575,3822333,da,Kobylnica
294319652,3822334,da,Kobylki
294319729,3822335,da,Kobyłka
294319883,3822337,da,Kobylin-Borzymy
294320037,3822339,da,Kobylin
294320114,3822340,da,Kobylin
294320268,3822342,da,Kobylin
294320345,3822343,da,Kobylin
294320576,3822346,da,Kobyle
294320653,3822347,da,Kobylec
294320730,3822348,da,Kobyle
294320807,3822349,da,Kobyle
294320961,3822351,da,Kobylczyna
294321115,3822353,da,Kobyla Wola
294321192,3822354,da,Kobylany Kozy
294321269,3822355,da,Kobylany Gorne
294321346,3822356,da,Kobylany
294321423,3822357,da,Kobylany
294321577,3822359,da,Kobylany
294321654,3822360,da,Kobylany
294321731,3822361,da,Kobylanki
294321808,3822362,da,Kobylanka
294321885,3822363,da,Kobylanka
294321962,3822364,da,Kobylanka
294322039,3822365,da,Kobylaki Korysze
294322116,3822366,da,Kobylaki Konopki
294322193,3822367,da,Kobylaki Czarzaste
294322270,3822368,da,Kobyla
294322347,3822369,da,Kobyla
294322578,3822372,da,Kobusy
294322655,3822373,da,Kobulty
294322732,3822374,da,Koboski
294322809,3822375,da,Koblo
294322886,3822376,da,Kobierzyn
294322963,3822377,da,Kobierniki
294323040,3822378,da,Kobielnik
294323117,3822379,da,Kobiela
294323271,3822381,da,Kobialki stirrer
294323348,3822382,da,Kobialki Nowe
294323425,3822383,da,Knyszyn
294323502,3822384,da,Knyszewicze
294323579,3822385,da,Knychowek
294323656,3822386,da,Knurowiec
294323733,3822387,da,Knurow
294323810,3822388,da,Knorydy
294323887,3822389,da,Knorozy
294323964,3822390,da,Knopin
294324041,3822391,da,Knis
294324118,3822392,da,Knipy
294324195,3822393,da,Knieja
294324272,3822394,da,Kniazyce
294324349,3822395,da,Knapy
294324426,3822396,da,Kmiczyn
294324503,3822397,da,Klyzowka
294324580,3822398,da,Klyzow
294324657,3822399,da,Klyz
294324811,3822401,da,Klwowska Wola
294324888,3822402,da,Klwow
294324965,3822403,da,Klwaty
294325042,3822404,da,Klwatka Szlachecka
294325119,3822405,da,Klwatka
294325196,3822406,da,Klutajny
294325273,3822407,da,Kluszkowce
294325427,3822409,da,Kluszewo
294325504,3822410,da,Klusy
294325581,3822411,da,Klusity Wielkie
294325735,3822413,da,Klukowo
294325812,3822414,da,Klukowo
294325889,3822415,da,Klukowo
294325966,3822416,da,Klukowicze
294326043,3822417,da,Klukowek
294326120,3822418,da,Kluki
294326197,3822419,da,Klugajny
294326274,3822420,da,Nowe Kludno
294326351,3822421,da,Kludno
294326505,3822423,da,Kluczowa
294326582,3822424,da,Klucznik
294326659,3822425,da,Kluczkowice
294326813,3822427,da,Kluczewo
294326890,3822428,da,Klucko
294326967,3822429,da,Kloski-Swigonie
294327044,3822430,da,Kloski-Mlynowieta
294327121,3822431,da,Klopoty-Stanislawy
294327198,3822432,da,Klopoty-Patry
294327275,3822433,da,Klopoty-Bujny
294327352,3822434,da,Klopotnica
294327429,3822435,da,Klopoczyn
294327506,3822436,da,Klony
294327660,3822438,da,Klonownica Mala
294327737,3822439,da,Klonownica Duza
294327814,3822440,da,Klonowiec-Koracz
294327891,3822441,da,Klonowek
294327968,3822442,da,Klonowa Wola
294328045,3822443,da,Klonowa Gora
294328122,3822444,da,Klonowa
294328199,3822445,da,Klonow
294328276,3822446,da,Klonow
294328430,3822448,da,Klonow
294328507,3822449,da,Klonorejsc
294328584,3822450,da,Klonna
294328661,3822451,da,Klon
294328738,3822452,da,Klokowice
294328815,3822453,da,Klodzie
294328892,3822454,da,Klodnica
294329046,3822456,da,Klodne
294329123,3822457,da,Klodawa
294329200,3822458,da,Kloda Mala
294329277,3822459,da,Kloda
294329354,3822460,da,Kloda
294329431,3822461,da,Kloda
294329508,3822462,da,Kloczew
294329585,3822463,da,Kliszow
294329662,3822464,da,Kliszow
294329739,3822465,da,Coligny
294329816,3822466,da,Coligny
294329893,3822467,da,Klin Ratoszynski
294330047,3822469,da,Klimy
294330124,3822470,da,Klimowka
294330201,3822471,da,Klimonty
294330278,3822472,da,Klimonty
294330355,3822473,da,Klimontowek
294330432,3822474,da,Klimontow
294330509,3822475,da,Klimontow
294330586,3822476,da,Klimontow
294330663,3822477,da,Klimkowka
294330740,3822478,da,Klimkowka
294330817,3822479,da,Klimkowicze
294330894,3822480,da,Klimki
294330971,3822481,da,Klimki
294331125,3822483,da,Klimki
294331202,3822484,da,Klimczyce
294331279,3822485,da,Klimaszewnica
294331433,3822487,da,Klikawa
294331510,3822488,da,Klichy
294331587,3822489,da,Klice
294331664,3822490,da,Klewno
294331741,3822491,da,Klewki
294331818,3822492,da,Klewki
294331895,3822493,da,Klewinowo
294331972,3822494,da,Klewianka
294332049,3822495,da,Klew
294332203,3822497,da,Kletnia
294332280,3822498,da,Klesztow
294332357,3822499,da,Kleszewo
294332511,3822501,da,Kleszczowka
294332588,3822502,da,Kleszczowek
294332742,3822504,da,Kleszczewo
294332819,3822505,da,Kleszczele
294332896,3822506,da,Klepie Gorne
294332973,3822507,da,Klepie Dolne
294333050,3822508,da,Klepaczew
294333127,3822509,da,Klepacze
294333204,3822510,da,Klepacze
294333281,3822511,da,Klejniki
294333358,3822512,da,Klementynow
294333435,3822513,da,Klementynow
294333589,3822515,da,Klementowice
294333666,3822516,da,Klemencice
294333743,3822517,da,Klembow
294333820,3822518,da,Klenkor
294333897,3822519,da,Klekacz
294333974,3822520,da,Klejdity
294334051,3822521,da,Klejdity
294334128,3822522,da,Kleczkowo
294334205,3822523,da,Kleczkowo
294334282,3822524,da,Kleczany
294334513,3822527,da,Kleczany
294334590,3822528,da,Kleczanow
294334667,3822529,da,Klecie
294334744,3822530,da,Klebowo
294334821,3822531,da,Klebow
294334898,3822532,da,Klebark Wielki
294334975,3822533,da,Klebark Maly
294335052,3822534,da,Klaudyn
294335129,3822535,da,Klatwy
294335360,3822538,da,Klarow
294335437,3822539,da,Klapowka
294335514,3822540,da,Klamy
294335668,3822542,da,Klaj
294335745,3822543,da,Kladziewo
294335822,3822544,da,Kizielewszczyzna
294335899,3822545,da,Kizielany
294335976,3822546,da,Kiwity
294336053,3822547,da,Kiwajny
294336130,3822548,da,Kitow
294336207,3822549,da,Kita-Akita
294336284,3822550,da,Kiszki
294336361,3822551,da,Kislaki
294336438,3822552,da,Kisiolki
294336515,3822553,da,Kisiny
294336592,3822554,da,Kisielsk
294336669,3822555,da,Kisielowka
294336746,3822556,da,Kisielnica
294336823,3822557,da,Kisielew
294336900,3822558,da,Kisielany-Zmichy
294336977,3822559,da,Kisielany-Kuce
294337054,3822560,da,Kiscinne
294337131,3822561,da,Kirsztajnow
294337208,3822562,da,Kipszna
294337285,3822563,da,Kipary
294337362,3822564,da,Kinwagi
294337439,3822565,da,Kinkajmy
294337516,3822566,da,Kiniki
294337593,3822567,da,Kilimany
294337670,3822568,da,Kiliany
294337747,3822569,da,Kildajny
294337824,3822570,da,Kikow
294337901,3822571,da,Bekikoey
294337978,3822572,da,Kikity
294338055,3822573,da,Kijowiec
294338132,3822574,da,Kijewo
294338209,3822575,da,Kijewice
294338286,3822576,da,Kije
294338440,3822578,da,Kijany Blizsze
294338517,3822579,da,Kijany
294338594,3822580,da,Kijany
294338671,3822581,da,Kijanki
294338748,3822582,da,Kijanka
294338825,3822583,da,Kiezliny
294338979,3822585,da,Kiewlaki
294339056,3822586,da,Kietlanka
294339133,3822587,da,Kieszek
294339210,3822588,da,Kierz Niedzwiedzi
294339287,3822589,da,Kierzliny
294339364,3822590,da,Kierzkowka
294339441,3822591,da,Kierzkow
294339595,3822593,da,Kierzki
294339749,3822595,da,Kierzek
294339903,3822597,da,Kierz
294340057,3822599,da,Kierz
294340134,3822600,da,Kierwiny
294340288,3822602,da,Kiertyny Wielkie
294340365,3822603,da,Kiertyny Male
294340442,3822604,da,Kiersztanowo
294340519,3822605,da,Kiersztanowo
294340673,3822607,da,Kierszek
294340750,3822608,da,Kiersnowo
294340827,3822609,da,Kiersnowo
294340904,3822610,da,Kiersnowka
294340981,3822611,da,Kiersnowek
294341058,3822612,da,Kiersity
294341135,3822613,da,Kiersiny
294341289,3822615,da,Kierlikowka
294341443,3822617,da,Kierdony
294341597,3822619,da,Kiepojcie
294341674,3822620,da,Kienkowka
294341751,3822621,da,Kiemlawki Wielkie
294341828,3822622,da,Kiemlawki Male
294341905,3822623,da,Kieltyki
294341982,3822624,da,Kielpin Poduchowny
294342059,3822625,da,Kielpiniec
294342136,3822626,da,Kielpin
294342213,3822627,da,Kielnarowa
294342290,3822628,da,Kielkow
294342367,3822629,da,Kielki
294342521,3822631,da,Kieljany
294342675,3822633,da,Kielcze Stare
294342752,3822634,da,Kielcze Stare
294342829,3822635,da,Kielcze-Kopki
294342906,3822636,da,Kielczawa
294342983,3822637,da,Kielce
294343060,3822638,da,Kielbowo
294343214,3822640,da,Kielbasy
294343368,3822642,da,Kielanowka
294343522,3822644,da,Kiekskiejmy
294343599,3822645,da,Kiedrzyn
294343753,3822647,da,Kidalowice
294343830,3822648,da,Kicznia
294343907,3822649,da,Kiczki
294343984,3822650,da,Kiciny
294344061,3822651,da,Kicin
294344138,3822652,da,Kicin
294344215,3822653,da,Kichary Stare
294344369,3822655,da,Kętrzyn
294344600,3822658,da,Kesow
294344677,3822659,da,Kepki
294344831,3822661,da,Kepina
294344908,3822662,da,Kepie Zaleszanskie
294344985,3822663,da,Kepie
294345062,3822664,da,Kepice
294345216,3822666,da,Kepiaste
294345293,3822667,da,Kepa Zatorska
294345370,3822668,da,Kepa Tolnicka
294345524,3822670,da,Kepa Solecka
294345601,3822671,da,Kepa Rzeczycka
294345678,3822672,da,Kepa Piotrowinska
294345755,3822673,da,Kepa Okrzewska
294345832,3822674,da,Kepa Oborska
294345909,3822675,da,Kepa Niemojewska
294345986,3822676,da,Kepa Nadbrzeska
294346063,3822677,da,Kepa Lubawska
294346294,3822680,da,Kepa Kielpinska
294346371,3822681,da,Kepa Gostecka
294346679,3822685,da,Kepa Chotecka
294346833,3822687,da,Kepa Borzechowska
294346987,3822689,da,Kepa
294347141,3822691,da,Kepa
294347372,3822694,da,Kedzierzynka
294347449,3822695,da,Kedzierzawice
294347526,3822696,da,Kedzierz
294347680,3822698,da,Kedzierak
294347757,3822699,da,Kedzie
294347834,3822700,da,Keczewo
294347911,3822701,da,Keblow Stary
294347988,3822702,da,Keblow Nowy
294348065,3822703,da,Keblowice
294348142,3822704,da,Keblow
294348219,3822705,da,Keblow
294348296,3822706,da,Kazun Polski
294348373,3822707,da,Kazun Nowy
294348450,3822708,da,Kaznow
294348527,3822709,da,Kaziny
294348604,3822710,da,Kazimierzow
294348758,3822712,da,Kazimierzow
294348835,3822713,da,Kazimierzow
294348912,3822714,da,Kazimierzow
294348989,3822715,da,Kazimierzow
294349066,3822716,da,Kazimierzow
294349143,3822717,da,Kazimierzow
294349220,3822718,da,Kazimierz Dolny
294349297,3822719,da,Kazimierza Wielka
294349374,3822720,da,Kazimierza Mala
294349451,3822721,da,Kazimierowka
294349528,3822722,da,Kazimierowka
294349605,3822723,da,Kazimierzowka
294349836,3822726,da,Kazimierowka
294349913,3822727,da,Kazimierkow
294349990,3822728,da,Kazimierka
294350067,3822729,da,Nowy Kazanow
294350221,3822731,da,Kazanow
294350298,3822732,da,Kawka
294350529,3822735,da,Kaweczyn Nowy
294350606,3822736,da,Nowy Kaweczyn
294350683,3822737,da,Kaweczyn Nowa Osada
294350760,3822738,da,Kaweczynek
294350837,3822739,da,Kaweczynek
294350914,3822740,da,Kaweczyn B
294350991,3822741,da,Kaweczyn
294351145,3822743,da,Kaweczyn
294351222,3822744,da,Kaweczyn
294351299,3822745,da,Kaweczyn
294351453,3822747,da,Kaweczyn
294351607,3822749,da,Kaweczyn
294351684,3822750,da,Kaweczyn
294351915,3822753,da,Kaweczyn
294351992,3822754,da,Kaweczyn
294352146,3822756,da,Kaweczyn
294352223,3822757,da,Kawec
294352300,3822758,da,Kawczyn
294352377,3822759,da,Kawczyce
294352454,3822760,da,Katy Wielgie
294352685,3822763,da,Katy Nowe
294352762,3822764,da,Katy Miaski
294353147,3822769,da,Katy Czernickie
294353224,3822770,da,Katy-Borucza
294353301,3822771,da,Katy
294353378,3822772,da,Katy
294353532,3822774,da,Katy
294353609,3822775,da,Katy
294353686,3822776,da,Katy
294353763,3822777,da,Katy
294353840,3822778,da,Katy
294353917,3822779,da,Katy
294354071,3822781,da,Katy
294354225,3822783,da,Katy
294354533,3822787,da,Katy
294354610,3822788,da,Katy
294354764,3822790,da,Katno
294354841,3822791,da,Katne
294354918,3822792,da,Katki
294354995,3822793,da,Katarzynow
294355072,3822794,da,Katarzynow
294355149,3822795,da,Katarzynow
294355226,3822796,da,Kavarzin
294355457,3822799,da,Kaszyce
294355534,3822800,da,Kaszuby
294355611,3822801,da,Kaszow
294355688,3822802,da,Kaszewska Wola
294355765,3822803,da,Kaszewiec
294355842,3822804,da,Kasyldow
294355919,3822805,da,Kaspry
294355996,3822806,da,Kasna Gorna
294356073,3822807,da,Kasna Dolna
294356150,3822808,da,Kaski
294356227,3822809,da,Kaskajmy
294356458,3822812,da,Kasina Wielka
294356535,3822813,da,Kasilan
294356612,3822814,da,Karwowo Podgorne
294356689,3822815,da,Karwowo Krzywanice
294356766,3822816,da,Karwowo
294356843,3822817,da,Karwowo
294356920,3822818,da,Karwowo
294356997,3822819,da,Karwow
294357074,3822820,da,Karwow
294357151,3822821,da,Karwodrza
294357228,3822822,da,Karwin
294357305,3822823,da,Karwik
294357382,3822824,da,Karwie
294357459,3822825,da,Karwice
294357536,3822826,da,Karwica
294357613,3822827,da,Karwacz
294357690,3822828,da,Karszowka
294357767,3822829,da,Karsznice
294357844,3822830,da,Karszewo
294357921,3822831,da,Karsy
294358152,3822834,da,Karsy Duze
294358229,3822835,da,Karskie
294358306,3822836,da,Karpowicze
294358383,3822837,da,Karpiska
294358460,3822838,da,Karpiowka
294358537,3822839,da,Karpin
294358614,3822840,da,Karpa
294358691,3822841,da,Karp
294358768,3822842,da,Karolowka
294358845,3822843,da,Karolowka
294358999,3822845,da,Karolow
294359153,3822847,da,Karolinowo
294359384,3822850,da,Karolinow
294359538,3822852,da,Karolinow
294359692,3822854,da,Karolinow
294359846,3822856,da,Karolino
294360000,3822858,da,Karolina
294360077,3822859,da,Karolina
294360231,3822861,da,Karolin
294360308,3822862,da,Karolin
294360616,3822866,da,Karolewo
294360693,3822867,da,Karolewo
294360770,3822868,da,Karolew
294360924,3822870,da,Karolew
294361001,3822871,da,Karolew
294361078,3822872,da,Karolew
294361155,3822873,da,Karnkowo
294361232,3822874,da,Karniow
294361309,3822875,da,Karniewo
294361386,3822876,da,Karniewo
294361463,3822877,da,Karniewek
294361540,3822878,da,Karnice
294361617,3822879,da,Karmanowice
294361694,3822880,da,Karlowo
294361771,3822881,da,Karlikow
294361848,3822882,da,Karkowka
294361925,3822883,da,Karkajmy
294362002,3822884,da,Kargow
294362079,3822885,da,Kargow
294362233,3822887,da,Kargoszyn
294362310,3822888,da,Karczunek
294362387,3822889,da,Karczunek
294362464,3822890,da,Karczunek
294362541,3822891,da,Karczowka
294362695,3822893,da,Karczmisko
294362772,3822894,da,Karczmisko
294362849,3822895,da,Karczmiska
294362926,3822896,da,Karczmiska
294363080,3822898,da,Karczewizna
294363157,3822899,da,Karczewiec
294363234,3822900,da,Karczew
294363311,3822901,da,Karcze
294363465,3822903,da,Karbowskie
294363542,3822904,da,Karbowo
294363696,3822906,da,Karasiewo
294363773,3822907,da,Karakule
294363850,3822908,da,Kaputy
294363927,3822909,da,Kaptur
294364004,3822910,da,Kapronie
294364081,3822911,da,Kaplonosy
294364158,3822912,da,Kapuliner
294364235,3822913,da,Kaplin
294364312,3822914,da,Kaplawki
294364389,3822915,da,Kapiz
294364697,3822919,da,Kapice
294364851,3822921,da,Kapalow
294364928,3822922,da,Kap
294365005,3822923,da,Kantorowice
294365159,3822925,da,Kanna
294365236,3822926,da,Kankowo-Piecki
294365313,3822927,da,Kankowo
294365390,3822928,da,Kaniwola
294365467,3822929,da,Kaniuki
294365621,3822931,da,Kaniow
294365698,3822932,da,Kanina
294365775,3822933,da,Kanigowo
294365852,3822934,da,Kanigowek
294365929,3822935,da,Kanie Ilaweckie
294366006,3822936,da,Kanie
294366160,3822938,da,Kanice Stare
294366237,3822939,da,Kanice Nowe
294366314,3822940,da,Kanice
294366468,3822942,da,Kania Polska
294366622,3822944,da,Kandyty
294366699,3822945,da,Kanczuga
294366853,3822947,da,Kanabrod
294367007,3822949,da,Kamyszow
294367161,3822951,da,Kamyk
294367238,3822952,da,Kampinos
294367315,3822953,da,Kamionna
294367392,3822954,da,Kamionna
294367469,3822955,da,Kamionki
294367546,3822956,da,Kamionki
294367700,3822958,da,Kamionka Wielka
294367777,3822959,da,Kamionka Stara
294367931,3822961,da,Kamionka Nowa
294368085,3822963,da,Kamionka Mala
294368162,3822964,da,Kamionka Mala
294368547,3822969,da,Kamionka
294368624,3822970,da,Kamionka
294368701,3822971,da,Kamionka
294368855,3822973,da,Upornoye
294368932,3822974,da,Kamionka
294369163,3822977,da,Kamionka
294369394,3822980,da,Kamionka
294369471,3822981,da,Kamionka
294369548,3822982,da,Kamionka
294369625,3822983,da,Kamionka
294369779,3822985,da,Kamionka
294369933,3822987,da,Kamionka
294370087,3822989,da,Kamion
294370164,3822990,da,Kamion
294370241,3822991,da,Kaminskie
294370318,3822992,da,Kaminsk
294370395,3822993,da,Kamienszyzna
294370626,3822996,da,Kamienskie
294370703,3822997,da,Kamien-Rupie
294370857,3822999,da,Kamionowo
294371011,3823001,da,Kamiennowola
294371088,3823002,da,Kamienne
294371165,3823003,da,Kamienna Wolka
294371242,3823004,da,Kamienna Wola
294371319,3823005,da,Kamienna Wola
294371396,3823006,da,Kamienna Wola
294371550,3823008,da,Kamienna
294371627,3823009,da,Kamienna
294371704,3823010,da,Kamien Lukawski
294371935,3823013,da,Kamieniec
294372012,3823014,da,Kamieniec
294372166,3823016,da,Kamieniec
294372397,3823019,da,Kamienica Gorna
294372474,3823020,da,Kamienica Dolna
294372551,3823021,da,Kamienica
294372628,3823022,da,Kamienica-Wygoda
294372705,3823023,da,Kamienica
294372782,3823024,da,Kamienczyk
294372859,3823025,da,Kamienczyk
294373013,3823027,da,Kamienczyce
294373090,3823028,da,Kamienczyce
294373398,3823032,da,Kamien
294373475,3823033,da,Kamien
294373552,3823034,da,Kamien
294373629,3823035,da,Kamien
294373860,3823038,da,Kamien
294373937,3823039,da,Kamien
294374014,3823040,da,Kamianna
294374091,3823041,da,Kamianki-Wanki
294374168,3823042,da,Kamianki-Nicki
294374245,3823043,da,Kamianki Lackie
294374322,3823044,da,Kamianki-Czabaje
294374399,3823045,da,Kamianki
294374476,3823046,da,Upornoye
294374707,3823049,da,Kameduly
294374784,3823050,da,Kalwaria Paclawska
294374861,3823051,da,Kalwagi
294375015,3823053,da,Kaluszyn
294375092,3823054,da,Kaltki
294375169,3823055,da,Kalonka
294375323,3823057,da,Kalnikow
294375400,3823058,da,Kalnica
294375477,3823059,da,Kalnica
294375631,3823061,da,Kalmy
294375708,3823062,da,Kalkow
294375785,3823063,da,Kalkow
294375862,3823064,da,Kalki
294375939,3823065,da,Kaliszki
294376016,3823066,da,Kaliszki
294376093,3823067,da,Stirr Kaliszany
294376170,3823068,da,Al Ghizlaniyah
294376247,3823069,da,Kalisz
294376401,3823071,da,Kaliski
294376555,3823073,da,Kalisko
294376632,3823074,da,Kalinowo
294376709,3823075,da,Kalinowo
294376786,3823076,da,Kalinowo
294376863,3823077,da,Kalinowo
294376940,3823078,da,Kalinowo
294377017,3823079,da,Kalinowka Krolewska
294377094,3823080,da,Kalinowka Koscielna
294377171,3823081,da,Kalinowka
294377325,3823083,da,Kalinowka
294377402,3823084,da,Kalinowice
294377479,3823085,da,Kalinowice Ordynackie
294377556,3823086,da,Kalinowek
294377633,3823087,da,Kalinow
294377787,3823089,da,Kalinkow
294377864,3823090,da,Kalinka
294378095,3823093,da,Kalina Wielka
294378172,3823094,da,Kala Din
294378249,3823095,da,Kalina Mala
294378326,3823096,da,Kalina
294378403,3823097,da,Kalilow
294378480,3823098,da,Kalichowszczyzna
294378557,3823099,da,Kaletnik
294378711,3823101,da,Kaleoenue
294378788,3823102,da,Kalen
294378942,3823104,da,Kalen
294379173,3823107,da,Kalen
294379250,3823108,da,Kaleczyny
294379327,3823109,da,Kaleczyn
294379712,3823114,da,Kaleczyn
294379789,3823115,da,Kaborno
294379866,3823116,da,Kal
294379943,3823117,da,Kakonin
294380020,3823118,da,Kakolewnica Wschodnia
294380097,3823119,da,Kakolewnica Wschodnia
294380174,3823120,da,Kaki-Mroczki
294380251,3823121,da,Kajny
294380482,3823124,da,Kajmity
294380636,3823126,da,Kajetanowka
294380713,3823127,da,Kajetanowka
294380790,3823128,da,Kajetanow
294380867,3823129,da,Kajetanow
294381021,3823131,da,Kajetanow
294381098,3823132,da,Kajetanka
294381175,3823133,da,Kajanka
294381329,3823135,da,Kadziolki
294381560,3823138,da,Kadzidlo
294381637,3823139,da,Kadzice
294381714,3823140,da,Kadz
294381791,3823141,da,Kadcza
294381868,3823142,da,Kadlubska Wola
294381945,3823143,da,Kadlubowo
294382022,3823144,da,Kadlubowka
294382099,3823145,da,Kadlubowka
294382176,3823146,da,Kadlubek
294382330,3823148,da,Kadlubek
294382407,3823149,da,Kadlubek
294382484,3823150,da,Kadlubek
294382561,3823151,da,Kadlub
294382715,3823153,da,Kaczyn Stary
294382792,3823154,da,Kaczyniec
294382946,3823156,da,Kaczyn-Herbasy
294383023,3823157,da,Kaczynek
294383254,3823160,da,Kaczyce
294383331,3823161,da,Kaczory
294383408,3823162,da,Kaczory
294383485,3823163,da,Kaczorowy
294383562,3823164,da,Kaczorow
294383639,3823165,da,Kaczorki
294383793,3823167,da,Kaczonowy
294383870,3823168,da,Kaczkowo stirrer
294383947,3823169,da,Kaczkowo Nowe
294384024,3823170,da,Kaczkowice
294384101,3823171,da,Kaczkow
294384178,3823172,da,Kaczka
294384563,3823177,da,Kacwin
294384717,3823179,da,Kacprowo
294384794,3823180,da,Kacprowek
294384871,3823181,da,Kacprow
294384948,3823182,da,Kacperkow
294385025,3823183,da,Kaclowa
294385102,3823184,da,Kack
294385179,3823185,da,Kacice
294385256,3823186,da,Kacice
294385333,3823187,da,Kalbin
294385410,3823188,da,Kabikiejmy Dolne
294385487,3823189,da,Kabikiejmy
294385564,3823190,da,Juszkowy Grod
294385641,3823191,da,Justynowka
294385718,3823192,da,Justynow
294385795,3823193,da,Justynow
294386103,3823197,da,Jurzec Szlachta
294386180,3823198,da,Jurzec Szlachta
294386334,3823200,da,Juryzdyka
294386411,3823201,da,Juryzdyka
294386488,3823202,da,Jeruzale
294386565,3823203,da,Jurowlany
294386642,3823204,da,Jurowce
294386719,3823205,da,Jurowce
294386796,3823206,da,Jurow
294386873,3823207,da,Jurkowo Wegorzewskie
294386950,3823208,da,Jurkowice
294387027,3823209,da,Jurkowice
294387181,3823211,da,Jurkow
294387258,3823212,da,Jurkow
294387335,3823213,da,Jurkow
294387412,3823214,da,Jurkiszki
294387489,3823215,da,Jurki
294387797,3823219,da,Jurki
294387874,3823220,da,Jurgow
294387951,3823221,da,Jurgi
294388028,3823222,da,Jureczkowa
294388105,3823223,da,Juraszowa
294388182,3823224,da,Juraszki
294388259,3823225,da,Jurasze
294388336,3823226,da,Jurandow
294388413,3823227,da,Juniewicze
294388567,3823229,da,Julkow
294388644,3823230,da,Julkow
294388721,3823231,da,Julkow
294388875,3823233,da,Juliszewo
294388952,3823234,da,Juliopol
294389029,3823235,da,Juliopol
294389106,3823236,da,Julin
294389183,3823237,da,Julianow Raducki
294389260,3823238,da,Julianow
294389337,3823239,da,Julianow
294389568,3823242,da,Julianow
294390030,3823248,da,Julianow
294390107,3823249,da,Jugoszow
294390184,3823250,da,Judziki
294390338,3823252,da,Judziki
294390415,3823253,da,Judyty Domorady
294390569,3823255,da,Juchnowiec Koscielny
294390646,3823256,da,Juchnowiec Dolny
294390723,3823257,da,Jozwikow
294390800,3823258,da,Jozefowo
294390954,3823260,da,Jozefowo
294391185,3823263,da,Jozefowo
294391339,3823265,da,Jozefowo
294391416,3823266,da,Jozefowo
294391570,3823268,da,Jozefowka
294391647,3823269,da,Jozefowek
294391878,3823272,da,Jozefow
294391955,3823273,da,Jozefow
294392032,3823274,da,Jozefow
294392109,3823275,da,Józefów
294392340,3823278,da,Jozefow
294392417,3823279,da,Jozefow
294392648,3823282,da,Jozefow
294392879,3823285,da,Jozefow
294392956,3823286,da,Jozefow
294393187,3823289,da,Jozefow
294393264,3823290,da,Jozefow
294393495,3823293,da,Jozefow
294393649,3823295,da,Jozefow nad Wisla
294393726,3823296,da,Jozefow
294393803,3823297,da,Jozefow
294393957,3823299,da,Jozefow
294394188,3823302,da,Jozefoslaw
294394265,3823303,da,Jozefina
294394342,3823304,da,Jozefin
294394881,3823311,da,Jozefin
294395035,3823313,da,Jozefatow
294395189,3823315,da,Joski
294395420,3823318,da,Jora Wielka
294395497,3823319,da,Jonkowo
294395574,3823320,da,Joniny
294395651,3823321,da,Jonnik
294395728,3823322,da,Joniec
294395805,3823323,da,Jodlownik
294395882,3823324,da,Jodlowka Tuchowska
294396113,3823327,da,Jodlowka
294396190,3823328,da,Jodlowka
294396267,3823329,da,Jodlowa
294396421,3823331,da,Jodeliszki
294396498,3823332,da,Joaniow
294396575,3823333,da,Joanin
294396652,3823334,da,Joachimow
294396729,3823335,da,Jezuickie
294396806,3823336,da,Jezowo
294396883,3823337,da,Jezowka
294396960,3823338,da,Jezowe
294397114,3823340,da,Jezow
294397191,3823341,da,Jezow
294397268,3823342,da,Jezow
294397345,3823343,da,Jeziorzec
294397422,3823344,da,Jeziorzany
294397499,3823345,da,Jeziory
294397576,3823346,da,Jeziory
294397653,3823347,da,Jeziorszczyzna
294397730,3823348,da,Jeziorowskie
294397807,3823349,da,Jeziorowskie
294397884,3823350,da,Jezioro
294397961,3823351,da,Jeziorno
294398038,3823352,da,Jeziorna Oborska
294398269,3823355,da,Jeziorko
294398346,3823356,da,Jeziorko
294398423,3823357,da,Jeziorko
294398500,3823358,da,Jeziorko
294398654,3823360,da,Jeziorki Wielkie
294398885,3823363,da,Jeziorki Mand
294398962,3823364,da,Jeziorki
294399039,3823365,da,Jeziorki
294399116,3823366,da,Jeziorka
294399193,3823367,da,Jeziorany
294399347,3823369,da,Jeziora
294399424,3823370,da,Jeziernia
294399501,3823371,da,Jezewo-Wesel
294399578,3823372,da,Jezewo Nowe
294399655,3823373,da,Jezewo
294399732,3823374,da,Jezewice
294399809,3823375,da,Jøss
294399886,3823376,da,Jøss
294400040,3823378,da,Jesowka
294400117,3823379,da,Jesionowo
294400271,3823381,da,Jesionowiec
294400348,3823382,da,Jesionka
294400425,3823383,da,Jerzyska
294400502,3823384,da,Jeruzal
294400579,3823385,da,Jeruzal
294400656,3823386,da,Jeruty
294400733,3823387,da,Jerutki
294400810,3823388,da,Jerominy
294400964,3823390,da,Jenki
294401041,3823391,da,Jemiolowo
294401118,3823392,da,Jemielite-Wypychy
294401195,3823393,da,Jemielite Stare
294401272,3823394,da,Jemieliste
294401349,3823395,da,Jelonki
294401426,3823396,da,Jelonka
294401503,3823397,da,Jelonek
294401657,3823399,da,Jelonek
294401734,3823400,da,Jelonek
294401811,3823401,da,Jelnica
294401888,3823402,da,Jelnia
294401965,3823403,da,Jelna
294402042,3823404,da,Jelna
294402119,3823405,da,Jelmun
294402196,3823406,da,Jelitow
294402273,3823407,da,Jelitki
294402427,3823409,da,Jelgun
294402504,3823410,da,Jeleniow
294402581,3823411,da,Jeleniow
294402658,3823412,da,Jeleniewo
294402735,3823413,da,Jeleniowo
294402812,3823414,da,Jeleniec
294402889,3823415,da,Jelenie
294402966,3823416,da,Jelenie
294403043,3823417,da,Jelenia Gora
294403120,3823418,da,Jelenia Gora
294403197,3823419,da,Jelen
294403351,3823421,da,Jelanka
294403428,3823422,da,Jegliniszki
294403505,3823423,da,Jegliniec
294403582,3823424,da,Jeglin
294403659,3823425,da,Jeglijowiec
294403813,3823427,da,Jedzbark
294403890,3823428,da,Jedwabno
294403967,3823429,da,Jedwabne
294404044,3823430,da,Jedrzejowka
294404198,3823432,da,Jedrzejowka
294404275,3823433,da,Jedrzejowice
294404352,3823434,da,Jedrzejow
294404429,3823435,da,Jedrzejow
294404506,3823436,da,Jędrzejów
294404583,3823437,da,Jedrzejnik
294404737,3823439,da,Jednorozec
294404814,3823440,da,Jednaczewo
294404891,3823441,da,Jedlnia-Letnisko
294404968,3823442,da,Jedlnia
294405045,3823443,da,Jedlinsk
294405122,3823444,da,Jedlinki
294405199,3823445,da,Jedlinka
294405276,3823446,da,Jedlina
294405353,3823447,da,Jedlicze
294405430,3823448,da,Jedle
294405507,3823449,da,Jedlanka Nowa
294405584,3823450,da,Jedlanka Nowa
294405661,3823451,da,Jedlanka Nowa
294405815,3823453,da,Jedlanka
294405892,3823454,da,Jedlanka
294406354,3823460,da,Jebramki
294406431,3823461,da,Jazy
294406508,3823462,da,Jazwiny
294406739,3823465,da,Jazwiny
294406816,3823466,da,Jazwie
294406893,3823467,da,Jazowsko
294406970,3823468,da,Jazowa
294407124,3823470,da,Jaziewo
294407201,3823471,da,Jazgarzew
294407278,3823472,da,Jazgarka
294407355,3823473,da,Jazdowice
294407432,3823474,da,Jaworznia
294407509,3823475,da,Jaworzna
294407663,3823477,da,Jaworze Gorne
294407740,3823478,da,Jaworze Dolne
294407817,3823479,da,Jaworze
294407894,3823480,da,Jawory
294408048,3823482,da,Jawor Solecki Wygledow
294408125,3823483,da,Jawor Solecki
294408202,3823484,da,Jaworsko
294408279,3823485,da,Jaworowka
294408356,3823486,da,Jaworowa
294408433,3823487,da,Jaworow
294408510,3823488,da,Jawor Opatowski
294408664,3823490,da,Jawornik Ruski
294408741,3823491,da,Jawornik Polski
294408895,3823493,da,Jawornik
294409049,3823495,da,Jaworki
294409126,3823496,da,Jaworek
294409203,3823497,da,Jawor
294409280,3823498,da,Jawidz
294409357,3823499,da,Jawczyce
294409511,3823501,da,Jatutow
294409588,3823502,da,Jatne
294409665,3823503,da,Jata
294409742,3823504,da,Jaszkowa
294409819,3823505,da,Jaszczurowa
294409896,3823506,da,Jaszczulty
294409973,3823507,da,Jaszczow
294410050,3823508,da,Jaszczolty
294410127,3823509,da,Jaszczew
294410204,3823510,da,Jaswily
294410281,3823511,da,Jaswilki
294410358,3823512,da,Jastrzebskie Komorniki
294410435,3823513,da,Jastrzebska Dabrowa
294410512,3823514,da,Jastrzebska Dabrowa
294410589,3823515,da,Jastrzebniki
294410666,3823516,da,Jastrzebnik
294410897,3823519,da,Jastrzebik
294410974,3823520,da,Jastrzebiec
294411051,3823521,da,Jastrzebiec
294411128,3823522,da,Jastrzebiec
294411282,3823524,da,Jastrzebie
294411359,3823525,da,Jastrzebie
294411513,3823527,da,Jastrzebia
294411667,3823529,da,Jastrzebia
294411744,3823530,da,Jastrzabka Stara
294411821,3823531,da,Jastrzabka Stara
294411898,3823532,da,Jastrzabka Nowa
294411975,3823533,da,Jastrzabka Nowa
294412052,3823534,da,Jastrzabka
294412129,3823535,da,Jastrzabka
294412206,3823536,da,Jastrzab
294412283,3823537,da,Jastrzab
294412360,3823538,da,Jastkowice
294412437,3823539,da,Jastkow
294412514,3823540,da,Jastkow
294412591,3823541,da,Jastew
294412745,3823543,da,Podlopien
294412822,3823544,da,Jasło
294412899,3823545,da,Jasliska
294412976,3823546,da,Jaslikow
294413053,3823547,da,Jaslany
294413130,3823548,da,Jaskra
294413207,3823549,da,Jaskowo
294413284,3823550,da,Jaskolowo
294413361,3823551,da,Jaski
294413438,3823552,da,Jaski
294413515,3823553,da,Jaski
294413669,3823555,da,Jasiorowka
294413823,3823557,da,Jasionowo Debowskie
294413900,3823558,da,Jasionowo Debowskie
294413977,3823559,da,Jasionowo Debowskie
294414054,3823560,da,Jasionowo Debowskie
294414131,3823561,da,Jasionowka
294414208,3823562,da,Jasionoweczka
294414285,3823563,da,Jasionowa Dolina
294414362,3823564,da,Jasionow
294414516,3823566,da,Jasionna
294414593,3823567,da,Jasionna
294414747,3823569,da,Jasionka
294414824,3823570,da,Jasionka
294414978,3823572,da,Jasionka
294415055,3823573,da,Jasionka
294415132,3823574,da,Jasionka
294415209,3823575,da,Jasion
294415440,3823578,da,Jasiennik Stary
294415517,3823579,da,Jasienna
294415594,3823580,da,Jasieniec Solecki
294415748,3823582,da,Jasieniec Iłżecki Górny
294415825,3823583,da,Jasieniec
294415902,3823584,da,Jasieniec
294415979,3823585,da,Jasieniec
294416056,3823586,da,Jasieniec
294416133,3823587,da,Jasieniec
294416210,3823588,da,Jasienica Sufczynska
294416287,3823589,da,Jasienica Rosielna
294416364,3823590,da,Jasienica
294416441,3823591,da,Jasienica
294416518,3823592,da,Jasienica
294416595,3823593,da,Jasienica
294416749,3823595,da,Jasien
294416826,3823596,da,Jasien
294416903,3823597,da,Jasien
294416980,3823598,da,Jasien
294417057,3823599,da,Jasien
294417134,3823600,da,Jasien
294417211,3823601,da,Jasiel
294417288,3823602,da,Jasice
294417365,3823603,da,Jasce
294417442,3823604,da,Jarzyly
294417519,3823605,da,Jarzen
294417596,3823606,da,Jarzebia Laka
294417673,3823607,da,Jarzabki
294417750,3823608,da,Jarzabka
294417827,3823609,da,Jartypory
294417904,3823610,da,Jaroty
294417981,3823611,da,Jaroszyn
294418058,3823612,da,Jaroszowka
294418135,3823613,da,Jaroszowa Wola
294418212,3823614,da,Jaroszki
294418289,3823615,da,Jaroszewice
294418366,3823616,da,Jaroslawiec
294418443,3823617,da,Jaroslawiec
294418520,3823618,da,Jaroslawice
294418597,3823619,da,Jaroslawice
294418674,3823620,da,Jarosław
294418751,3823621,da,Jaronowice
294418828,3823622,da,Jarocin
294418905,3823623,da,Jarocin
294418982,3823624,da,Jarnuty
294419059,3823625,da,Jarnuty
294419136,3823626,da,Jarnice
294419213,3823627,da,Jarluty Male
294419290,3823628,da,Jarluty Duze
294419444,3823630,da,Jarentowskie Pole
294419521,3823631,da,Jareniowka
294419598,3823632,da,Jarczowek
294419675,3823633,da,Jarczow
294419752,3823634,da,Jarczew
294419829,3823635,da,Jarandowo
294419906,3823636,da,Jany
294419983,3823637,da,Januszowka
294420060,3823638,da,Januszowka
294420137,3823639,da,Januszowice
294420214,3823640,da,Januszowice
294420291,3823641,da,Januszowa
294420368,3823642,da,Januszno
294420445,3823643,da,Januszkowo
294420522,3823644,da,Januszkowice
294420599,3823645,da,Januszkowice
294420676,3823646,da,Januszewo
294420753,3823647,da,Januszewice
294420830,3823648,da,Januszew
294420984,3823650,da,Janowszczyzna
294421061,3823651,da,Janow Podlaski
294421292,3823654,da,Janowo
294421369,3823655,da,Janowo
294421446,3823656,da,Janowo
294421523,3823657,da,Janowo
294421754,3823660,da,Janowo
294421831,3823661,da,Janowo
294421908,3823662,da,Janów Lubelski
294421985,3823663,da,Janowko
294422062,3823664,da,Janow Karwicki
294422139,3823665,da,Janowka
294422370,3823668,da,Janowka
294422447,3823669,da,Janowka
294422524,3823670,da,Janowka
294422601,3823671,da,Janowka
294422678,3823672,da,Janowka
294422832,3823674,da,Janowiec Szlachecki
294422909,3823675,da,Janowiec Lesniki
294422986,3823676,da,Janowiec Koscielny
294423063,3823677,da,Janowiec Jastrzabki
294423140,3823678,da,Janowiec
294423217,3823679,da,Janowiec
294423294,3823680,da,Janowiczki
294423371,3823681,da,Janowicze
294423448,3823682,da,Janowice Raczyckie
294423602,3823684,da,Janowice
294423756,3823686,da,Janowice
294423833,3823687,da,Janowice
294423910,3823688,da,Janowice
294423987,3823689,da,Janowice Poduszowskie
294424141,3823691,da,Janowice
294424218,3823692,da,Janowice
294424295,3823693,da,Janowice
294424372,3823694,da,Janowica
294424449,3823695,da,Janowica
294424526,3823696,da,Janowek
294424680,3823698,da,Janowek
294424757,3823699,da,Janowek
294424834,3823700,da,Janowek
294425065,3823703,da,Janow
294425142,3823704,da,Janow
294425219,3823705,da,Janow
294425296,3823706,da,Janow
294425373,3823707,da,Janow
294425604,3823710,da,Janow
294425681,3823711,da,Janow
294425989,3823715,da,Janow
294426297,3823719,da,Janow
294426451,3823721,da,Janostrow
294426528,3823722,da,Janopole
294426605,3823723,da,Janopole
294426682,3823724,da,Janopol
294426836,3823726,da,Janolin
294426913,3823727,da,Janochy
294426990,3823728,da,Jankow Stary
294427067,3823729,da,Jankowo-Skarbowo
294427144,3823730,da,Jankowo-Mlodzianowo
294427221,3823731,da,Jankowo
294427529,3823735,da,Jankowo
294427606,3823736,da,Jankow Nowy
294427683,3823737,da,Jankowka
294427837,3823739,da,Jankowice
294427914,3823740,da,Jankowice
294428068,3823742,da,Jankowice
294428145,3823743,da,Jankowice
294428376,3823746,da,Jankowice
294428453,3823747,da,Jankowice
294428530,3823748,da,Jankowce
294428607,3823749,da,Jankowa
294428684,3823750,da,Jankow
294428761,3823751,da,Janki Stare
294428838,3823752,da,Janki Mlode
294428915,3823753,da,Jankielowka
294428992,3823754,da,Janki
294429069,3823755,da,Janki
294429223,3823757,da,Janiszew
294429300,3823758,da,Janiszow
294429377,3823759,da,Janiszow
294429531,3823761,da,Janisze
294429608,3823762,da,Janislawice
294429762,3823764,da,Janinow
294429839,3823765,da,Janina
294429916,3823766,da,Janikowo
294429993,3823767,da,Janikowo
294430070,3823768,da,Janikowice
294430224,3823770,da,Janikow
294430301,3823771,da,Janikow
294430455,3823773,da,Janik
294430532,3823774,da,Janele
294430609,3823775,da,Jan Dziadek
294430686,3823776,da,Janda
294430763,3823777,da,Janczyce
294430840,3823778,da,Janczowa
294430917,3823779,da,Janczewo Wielkie
294430994,3823780,da,Janczewo
294431148,3823782,da,Janczewko
294431225,3823783,da,Janczewice
294431302,3823784,da,Janciowka
294431379,3823785,da,Jancewicze
294431456,3823786,da,Janaszow
294431610,3823788,da,Jamy
294431687,3823789,da,Jamy
294431764,3823790,da,Jamno
294431841,3823791,da,Jamniki
294431918,3823792,da,Jamnica
294431995,3823793,da,Jamna Gorna
294432072,3823794,da,Jamna Dolna
294432149,3823795,da,Jamna
294432226,3823796,da,Jamki
294432303,3823797,da,Jamiolki Piotrowieta
294432457,3823799,da,Jaminy
294432611,3823801,da,Jamielnik
294432688,3823802,da,Jamielne
294432765,3823803,da,Jambrzyki
294432842,3823804,da,Jalowo
294432919,3823805,da,Jalowka
294432996,3823806,da,Jalowka
294433073,3823807,da,Jalowka
294433150,3823808,da,Jalowka
294433227,3823809,da,Jalowesy
294433304,3823810,da,Jalowe
294433381,3823811,da,Jakuszowice
294433535,3823813,da,Jakusze
294433612,3823814,da,Jakunowo
294433689,3823815,da,Jakunowko
294433766,3823816,da,Jakuby
294433843,3823817,da,Jakubowy Borek
294433920,3823818,da,Jakubowskie
294433997,3823819,da,Jakubowo
294434074,3823820,da,Jakubowka
294434151,3823821,da,Jakubowka
294434228,3823822,da,Jakubowka
294434305,3823823,da,Jakubowizna
294434382,3823824,da,Jakubowice Murowane
294434459,3823825,da,Jakubowice Konskie
294434536,3823826,da,Jakubowice
294434613,3823827,da,Jakubowice
294434690,3823828,da,Jakubowice
294434844,3823830,da,Jakubowice
294434921,3823831,da,Jakubow
294434998,3823832,da,Jakubow
294435075,3823833,da,Jakubow
294435229,3823835,da,Jakubow
294435306,3823836,da,Jakubow
294435383,3823837,da,Jaktorow
294435460,3823838,da,Jaksmanice
294435537,3823839,da,Jaksice
294435691,3823841,da,Jakowki
294435768,3823842,da,Jakimowice
294435845,3823843,da,Jaki
294435922,3823844,da,Jakac Stara
294435999,3823845,da,Jakac Mloda
294436076,3823846,da,Jakac Dworna
294436153,3823847,da,Jakac Borki
294436230,3823848,da,Jajkowice
294436307,3823849,da,Jagoty
294436384,3823850,da,Jagodniki
294436461,3823851,da,Jagodnik
294436538,3823852,da,Jagodnik
294436615,3823853,da,Jagodnica
294436692,3823854,da,Jagodne Wielkie
294436769,3823855,da,Jagodne
294436923,3823857,da,Jagodne
294437000,3823858,da,Jagodne
294437077,3823859,da,Jagodne
294437154,3823860,da,Jagodne
294437231,3823861,da,Jagodne
294437308,3823862,da,Jagodne
294437385,3823863,da,Jagoczany
294437462,3823864,da,Jagniowka
294437539,3823865,da,Jagnin
294437616,3823866,da,Jaglowo
294437693,3823867,da,Jaginty
294437770,3823868,da,Jagiella
294437847,3823869,da,Jagielki
294437924,3823870,da,Jagiele
294438001,3823871,da,Jagarzewo
294438078,3823872,da,Jadwisin
294438155,3823873,da,Jadwisin
294438232,3823874,da,Jadwinow
294438309,3823875,da,Jadwigow
294438386,3823876,da,Jadwigow
294438463,3823877,da,Jadow Nowy
294438540,3823878,da,Jadowniki Mokre
294438617,3823879,da,Jadowniki
294438694,3823880,da,Jadowniki
294438771,3823881,da,Jadow
294438848,3823882,da,Jadamwola
294438925,3823883,da,Jadamowo
294439002,3823884,da,Jadaminy
294439079,3823885,da,Jadachy
294439156,3823886,da,Jaczno
294439233,3823887,da,Jaczniki
294439310,3823888,da,Jaczew
294439387,3823889,da,Jacowlany
294439464,3823890,da,Jacnia
294439541,3823891,da,Jacmierz
294439618,3823892,da,Jackowo Gorne
294439695,3823893,da,Jackowo Dolne
294439772,3823894,da,Jackowo
294439849,3823895,da,Jaciazek
294439926,3823896,da,Jachranka
294440003,3823897,da,Jachowo
294440080,3823898,da,Jachimowice
294440157,3823899,da,Jacentow
294440234,3823900,da,Jablon-Zarzeckie
294440388,3823902,da,Jablon-Spaly
294440465,3823903,da,Jablon-Sliwowo
294440542,3823904,da,Jablonskie
294440619,3823905,da,Jablonskie
294440773,3823907,da,Jablonowo-Mackowieta
294440850,3823908,da,Jablonowo Klacze
294441004,3823910,da,Jablonowo Adamy
294441081,3823911,da,Jablonowo
294441158,3823912,da,Jablonowo
294441235,3823913,da,Jablonowo
294441312,3823914,da,Jablonowiec
294441389,3823915,da,Jablonow
294441466,3823916,da,Jablonna Lacka
294441543,3823917,da,Jablonna
294441620,3823918,da,Jablonna
294441774,3823920,da,Jablonna
294441851,3823921,da,Jablonna
294441928,3823922,da,Jablonna
294442005,3823923,da,Jablonna
294442082,3823924,da,Jablon Koscielna
294442159,3823925,da,Jablonki
294442236,3823926,da,Jablonka
294442313,3823927,da,Jablonka
294442390,3823928,da,Jablonka Koscielna
294442467,3823929,da,Jablonka
294442544,3823930,da,Jablon-Jankowce
294442621,3823931,da,Jablonica Ruska
294442698,3823932,da,Jablonica Polska
294442775,3823933,da,Niska Jablonica
294442852,3823934,da,Jablonica
294442929,3823935,da,Jablonica
294443006,3823936,da,Jablonica
294443083,3823937,da,Jablon-Dabrowa
294443160,3823938,da,Jablon
294443237,3823939,da,Jablon
294443314,3823940,da,Jableczna
294443391,3823941,da,Izykowice
294443468,3823942,da,Izyce
294443545,3823943,da,Iznota
294443622,3823944,da,Izdebno Koscielne
294443699,3823945,da,Izdebno
294443776,3823946,da,Izdebno
294443853,3823947,da,Izdebnik
294444007,3823949,da,Izdebki-Wasy
294444084,3823950,da,Izdebki-Kosny
294444161,3823951,da,Izdebki-Kosmidry
294444238,3823952,da,Izdebki-Blazeje
294444315,3823953,da,Izdebki
294444392,3823954,da,Izby
294444469,3823955,da,Izbiszcze
294444546,3823956,da,Izbiska
294444623,3823957,da,Izbica
294444700,3823958,da,Izbica
294444777,3823959,da,Izabelow
294444854,3823960,da,Izabelmont
294444931,3823961,da,Izabelin
294445008,3823962,da,Izabelin-Dziekanowek
294445085,3823963,da,Izabelin
294445162,3823964,da,Izabela
294445239,3823965,da,Iwowe
294445316,3823966,da,Iwonicz-Zdroj
294445393,3823967,da,Iwonicz
294445470,3823968,da,Iwla
294445547,3823969,da,Iwkowa
294445624,3823970,da,Iwierzyce
294445701,3823971,da,Iwiczna
294445778,3823972,da,Iwaski
294445855,3823973,da,Iwanowo
294445932,3823974,da,Iwanowka
294446009,3823975,da,Iwanowka
294446086,3823976,da,Iwanki
294446240,3823978,da,Iwaniszki
294446317,3823979,da,Iwaniska
294446394,3823980,da,Istok
294446471,3823981,da,Ispina
294446548,3823982,da,Iskrzynia
294446625,3823983,da,Iskan
294446779,3823985,da,Irenow
294446856,3823986,da,Irena
294446933,3823987,da,Irena
294447010,3823988,da,Inulec
294447087,3823989,da,Inowlodz
294447164,3823990,da,Imionki
294447241,3823991,da,Imielno
294447318,3823992,da,Imielnica
294447472,3823994,da,Iłża
294447549,3823995,da,Ily
294447626,3823996,da,Ilowo
294447703,3823997,da,Ilowiec
294447780,3823998,da,Ilowiec
294447857,3823999,da,Ilowa
294447934,3824000,da,Ilow
294448011,3824001,da,Ilkowice
294448088,3824002,da,Ilkowice
294448242,3824004,da,Ilino
294448319,3824005,da,Ilinko
294448396,3824006,da,Igryly
294448473,3824007,da,Igolomia
294448550,3824008,da,Ignatowka
294448627,3824009,da,Ignatowka
294448704,3824010,da,Ignatow
294448781,3824011,da,Ignatki
294448858,3824012,da,Ignalin
294448935,3824013,da,Ignacowka
294449012,3824014,da,Ignacowka
294449089,3824015,da,Ignacow
294449243,3824017,da,Ignacow
294449320,3824018,da,Ignacow
294449551,3824021,da,Ignacewo
294449705,3824023,da,Idzki-Wykno
294449782,3824024,da,Idzki Srednie
294449859,3824025,da,Idzki Mlynowskie
294450013,3824027,da,Idzikowice
294450090,3824028,da,Idzikowice
294450167,3824029,da,Idzbark
294450244,3824030,da,Idalin
294450321,3824031,da,Ibramowice
294450398,3824032,da,Nyzhnye
294450475,3824033,da,Chyza
294450629,3824035,da,Huzele
294450706,3824036,da,Huwniki
294450783,3824037,da,Hutkow
294450860,3824038,da,Huta Zelechowska
294451014,3824040,da,Huta Zelechowska
294451168,3824042,da,Huta Zabiowolska
294451245,3824043,da,Huta Turobinska
294451322,3824044,da,Huta Szklana
294451476,3824046,da,Huta Stara
294451630,3824048,da,Huta Skaryszewska
294451707,3824049,da,Huta Rozaniecka
294451784,3824050,da,Huta Radoryska
294451938,3824052,da,Huta Podgorna
294452015,3824053,da,Huta Podgorna
294452477,3824059,da,Huta Nowa
294452554,3824060,da,Huta Nowa
294452631,3824061,da,Mleczna
294452708,3824062,da,Huta Mazowszanska
294452785,3824063,da,Huta Lubycka
294452862,3824064,da,Huta Krysztalowa
294452939,3824065,da,Huta Krzeszowska
294453016,3824066,da,Huta Komorowska
294453093,3824067,da,Huta Komarowska
294453170,3824068,da,Huta Jozefow
294453247,3824069,da,Huta Jozefow
294453324,3824070,da,Huta Jablonowa
294453401,3824071,da,Huta Gruszczyno
294453478,3824072,da,Huta Gogolowska
294453555,3824073,da,Huta Dzieraznia
294453709,3824075,da,Huta Deregowska
294453786,3824076,da,Huta-Dabrowa
294453863,3824077,da,Huta-Bobrytska
294453940,3824078,da,Huta Borowska
294454017,3824079,da,Huta Bledowska
294454094,3824080,da,Huta
294454248,3824082,da,Huta
294454325,3824083,da,Huta
294454402,3824084,da,Huta
294454556,3824086,da,Huta
294454633,3824087,da,Huta
294454710,3824088,da,Huta
294454787,3824089,da,Huta
294454941,3824091,da,Huta
294455018,3824092,da,Huta
294455326,3824096,da,Huszlew
294455403,3824097,da,Huszczka Mala
294455480,3824098,da,Huszczka Duza
294455634,3824100,da,Huszcza
294455711,3824101,da,Husynne
294455788,3824102,da,Husynne
294455865,3824103,da,Husow
294456019,3824105,da,Husinka
294456096,3824106,da,Husaki
294456173,3824107,da,Hurko
294456250,3824108,da,Hureczko
294456327,3824109,da,Hurcze
294456404,3824110,da,Hiunivka
294456481,3824111,da,Humin
294456558,3824112,da,Humiecin Retki
294456635,3824113,da,Humiecin Koski
294456866,3824116,da,Hultajewo
294457020,3824118,da,Hulcze
294457097,3824119,da,Hukowicze
294457328,3824122,da,Hucisko Nienadowskie
294457405,3824123,da,Hucisko Jawornickie
294457559,3824125,da,Hucisko
294457636,3824126,da,Hucisko
294457713,3824127,da,Hucisko
294457790,3824128,da,Hucisko
294457867,3824129,da,Hucisko
294457944,3824130,da,Hucisko
294458021,3824131,da,Hucisko
294458175,3824133,da,Hucisko
294458252,3824134,da,Hucisko
294458329,3824135,da,Hucisko
294458560,3824138,da,Hucina
294458637,3824139,da,Hubinek
294458714,3824140,da,Hubenice
294458791,3824141,da,Hubale
294458868,3824142,da,Huba
294458945,3824143,da,Hryniewicze Male
294459022,3824144,da,Hryniewicze Duze
294459099,3824145,da,Hryniewicze
294459176,3824146,da,Hrymiaczki
294459330,3824148,da,Hruszowice
294459407,3824149,da,Hruszniew
294459484,3824150,da,Hruszew
294459561,3824151,da,Hrubna
294459638,3824152,da,Hrubieszów
294459715,3824153,da,Hrube Wyzne
294459869,3824155,da,Hrube
294460023,3824157,da,Hredkow
294460100,3824158,da,Hrebenne
294460177,3824159,da,Hrebenne
294460331,3824161,da,Hozna
294460408,3824162,da,Hoszowczyk
294460485,3824163,da,Hoszow
294460562,3824164,da,Hosznia Ordynacka
294460639,3824165,da,Hosznia Abramowska
294460716,3824166,da,Hostynne
294460793,3824167,da,Horyszow Ruski
294460870,3824168,da,Horyszow Polski
294460947,3824169,da,Horyniecka
294461024,3824170,da,Horyniec-Zdroj
294461101,3824171,da,Horoszki Male
294461178,3824172,da,Horoszki Duze
294461255,3824173,da,Horoszczyce
294461332,3824174,da,Horostyta
294461409,3824175,da,Horodyshche
294461486,3824176,da,Horodyshche
294461563,3824177,da,Horodysko
294461640,3824178,da,Horodniany
294461717,3824179,da,Horodnianka
294461794,3824180,da,Horodlo
294462025,3824183,da,Hornowszczyzna
294462102,3824184,da,Hornowo
294462179,3824185,da,Hornowek
294462256,3824186,da,Hornostaje
294462333,3824187,da,Hornigi
294462410,3824188,da,Hordziezka
294462487,3824189,da,Hordziez
294462564,3824190,da,Horczaki Gorne
294462718,3824192,da,Horbow
294462795,3824193,da,Horajskie
294462872,3824194,da,Horaj
294462949,3824195,da,Hopkie
294463026,3824196,da,Honoratow
294463103,3824197,da,Holiatyn
294463180,3824198,da,Honiatyczki
294463257,3824199,da,Honiatycze
294463411,3824201,da,Homrzyska
294463565,3824203,da,Holuzne
294463642,3824204,da,Holudza
294463719,3824205,da,Holuczkow
294463796,3824206,da,Holubla
294463873,3824207,da,Holubie
294463950,3824208,da,Holowno
294464104,3824210,da,Holowki Nowe
294464181,3824211,da,Holowienki
294464335,3824213,da,Holody
294464412,3824214,da,Holodnica
294464489,3824215,da,Holny Wolmera
294464643,3824217,da,Holiki
294464720,3824218,da,Holeszow
294464951,3824221,da,Holendry Baranowskie
294465028,3824222,da,Holendry
294465336,3824226,da,Holendry
294465413,3824227,da,Holdowiec
294465567,3824229,da,Hola
294465644,3824230,da,Hodyszewo
294465721,3824231,da,Hoczew
294465798,3824232,da,Hniszow
294465875,3824233,da,Hnatkowice
294465952,3824234,da,Hludno
294466029,3824235,da,Hlomcza
294466183,3824237,da,Hipolitow
294466260,3824238,da,Hipolitowo
294466414,3824240,da,Hilarow
294466491,3824241,da,Hieronimow
294466568,3824242,da,Hermany
294466645,3824243,da,Hermanowka
294466722,3824244,da,Hermanowice
294466799,3824245,da,Hermanowa
294466876,3824246,da,Hermanow
294466953,3824247,da,Hermanow
294467030,3824248,da,Hermanow
294467107,3824249,da,Herby
294467184,3824250,da,Henryszew
294467261,3824251,da,Henrysin
294467338,3824252,da,Henrysin
294467415,3824253,da,Henrykow-Urocze
294467492,3824254,da,Henrykowo
294467569,3824255,da,Henrykowka
294467723,3824257,da,Henrykow
294467800,3824258,da,Henrykow
294468108,3824262,da,Helenowo
294468185,3824263,da,Helenowka
294468262,3824264,da,Helenowka
294468416,3824266,da,Helenow
294468493,3824267,da,Helenow
294468801,3824271,da,Helenow
294468955,3824273,da,Helenow
294469263,3824277,da,Helenow
294469417,3824279,da,Helenow
294469494,3824280,da,Helenow
294469648,3824282,da,Helenkow
294469725,3824283,da,Helenka
294469879,3824285,da,Hejdyk
294469956,3824286,da,Hedwizyn
294470033,3824287,da,Hebdow
294470187,3824289,da,Hawrylowszczyzna
294470264,3824290,da,Hawrylki
294470341,3824291,da,Hawlowice
294470572,3824294,da,Harima
294470649,3824295,da,Harsz
294470726,3824296,da,Harmoniny
294470803,3824297,da,Harklowa
294470880,3824298,da,Harklowa
294470957,3824299,da,Harkawicze
294471034,3824300,da,Harasiuki
294471111,3824301,da,Harasimowicze
294471188,3824302,da,Harachwosty
294471265,3824303,da,Hansk Pierwszy
294471342,3824304,da,Hansk Drugi
294471419,3824305,da,Hansk
294471496,3824306,da,Hanna
294471573,3824307,da,Handzlowka
294471650,3824308,da,Hanczowa
294471727,3824309,da,Hancza
294471804,3824310,da,Hamernia
294471881,3824311,da,Haluszowa
294472035,3824313,da,Haliszka
294472112,3824314,da,Halinów
294472266,3824316,da,Haliczany
294472343,3824317,da,Halickie
294472420,3824318,da,Halanie
294472497,3824319,da,Hajowniki
294472574,3824320,da,Hajnówka
294472728,3824322,da,Hajdaszek
294472882,3824324,da,Hadynow
294472959,3824325,da,Hadykowka
294473036,3824326,da,Hadle Szklarskie
294473113,3824327,da,Haczow
294473190,3824328,da,Hacki
294473267,3824329,da,Habkowce
294473344,3824330,da,Gzy
294473421,3824331,da,Gzowo
294473498,3824332,da,Gzowice
294473575,3824333,da,Gzow
294473652,3824334,da,Gwoznica Gorna
294473729,3824335,da,Gwoznica Dolna
294473806,3824336,da,Gwozdziec
294473883,3824337,da,Gwozdziec
294473960,3824338,da,Gwozdzianka
294474037,3824339,da,Gwizdziny
294474114,3824340,da,Gwizdow
294474191,3824341,da,Gwizdow
294474268,3824342,da,Gwizdaly
294474422,3824344,da,Guzy
294474499,3824345,da,Guzy
294474576,3824346,da,Guzy
294474653,3824347,da,Guzowy Piec
294474730,3824348,da,Guzowka
294474884,3824350,da,Guzowatka
294475038,3824352,da,Guzow
294475192,3824354,da,Guzow
294475269,3824355,da,Guzki
294475346,3824356,da,Guzki
294475423,3824357,da,Guzew
294475500,3824358,da,Guty Stare
294475654,3824360,da,Guty Rozynskie
294475731,3824361,da,Guty Podlesne
294475808,3824362,da,Guty Kazimierowo
294475885,3824363,da,Guty Bujno
294475962,3824364,da,Guty
294476039,3824365,da,Guty
294476116,3824366,da,Guty
294476193,3824367,da,Guty
294476270,3824368,da,Gutwin
294476347,3824369,da,Gutowszczyzna
294476424,3824370,da,Gutowiec
294476501,3824371,da,Gutow
294476578,3824372,da,Gutkowo
294476655,3824373,da,Gutkowo
294476732,3824374,da,Gutkow
294476809,3824375,da,Gutkowice
294476886,3824376,da,Gutarzewo
294476963,3824377,da,Gutanow
294477040,3824378,da,Gustawow
294477194,3824380,da,Gustawow
294477348,3824382,da,Gustawow
294477425,3824383,da,Gusin
294477579,3824385,da,Gunie
294477656,3824386,da,Gumowo Szlacheckie
294477733,3824387,da,Gumowo Szlacheckie
294477810,3824388,da,Gumowo
294477964,3824390,da,Gumowo
294478041,3824391,da,Gumniska
294478118,3824392,da,Gumniska
294478349,3824395,da,Gumienice
294478426,3824396,da,Gulow
294478503,3824397,da,Gulki
294478580,3824398,da,Gulinek
294478657,3824399,da,Gulin
294478734,3824400,da,Gulczewo
294478811,3824401,da,Gulbieniszki
294478888,3824402,da,Guja
294478965,3824403,da,Gugny
294479042,3824404,da,Gudziki
294479119,3824405,da,Gudniki
294479273,3824407,da,Guciow
294479350,3824408,da,Gucin
294479427,3824409,da,Gucin
294479504,3824410,da,Gubity
294479581,3824411,da,Grzymkowice
294479658,3824412,da,Grzymki
294479735,3824413,da,Grzymaly Szczepankowskie
294479812,3824414,da,Grzymaly Nowogrodzkie
294479889,3824415,da,Grzymaly
294479966,3824416,da,Grzymaly
294480043,3824417,da,Grzymalow
294480197,3824419,da,Grzymalkow
294480274,3824420,da,Grzymala
294480351,3824421,da,Grzybowszczyzna
294480582,3824424,da,Grzybowo
294480736,3824426,da,Grzybowce
294480813,3824427,da,Grzybowa Gora
294480890,3824428,da,Grzybow
294480967,3824429,da,Grzybow
294481044,3824430,da,Grzybow
294481121,3824431,da,Grzybow
294481198,3824432,da,Grzybow
294481275,3824433,da,Grzybow
294481352,3824434,da,Grzybiny
294481429,3824435,da,Grzybinki
294481506,3824436,da,Grzmucin
294481660,3824438,da,Grzeska
294481737,3824439,da,Grzegrzolki
294481814,3824440,da,Grzegorzowka
294481891,3824441,da,Grzegorzki
294481968,3824442,da,Grzegorzewice
294482045,3824443,da,Grzegorzewice
294482199,3824445,da,Grzegorze
294482276,3824446,da,Grzedzielisko
294482353,3824447,da,Grzedy
294482430,3824448,da,Grzedy
294482507,3824449,da,Grzedowo
294482584,3824450,da,Grzeda
294482661,3824451,da,Grzechotki
294482738,3824452,da,Grzebsk
294482815,3824453,da,Grzebowilk
294482892,3824454,da,Grzebienie
294482969,3824455,da,Gryzy
294483046,3824456,da,Gryzliny
294483123,3824457,da,Gryzikamien
294483200,3824458,da,Gryzewo
294483277,3824459,da,Grywald
294483354,3824460,da,Gryszkance
294483431,3824461,da,Grygrow
294483508,3824462,da,Grygieliszki
294483585,3824463,da,Grybow
294483662,3824464,da,Gruzy
294483739,3824465,da,Gruzka
294483816,3824466,da,Gruszyny
294483893,3824467,da,Gruszow Wielki
294483970,3824468,da,Gruszow Maly
294484047,3824469,da,Gruszowiec
294484124,3824470,da,Gruszow
294484201,3824471,da,Gruszow
294484278,3824472,da,Gruszow
294484355,3824473,da,Gruszow
294484432,3824474,da,Gruszow
294484509,3824475,da,Gruszki
294484586,3824476,da,Gruszki
294484663,3824477,da,Gruszka Zaporska
294484894,3824480,da,Gruszka Duza
294484971,3824481,da,Gruszka
294485125,3824483,da,Gruszczyno
294485202,3824484,da,Gruszczyn
294485279,3824485,da,Gruszczyn
294485356,3824486,da,Grunwald
294485433,3824487,da,Grudzyny
294485510,3824488,da,Grudzkowola
294485587,3824489,da,Grudzen-Las
294485741,3824491,da,Grudz
294485818,3824492,da,Grudz
294485895,3824493,da,Grudusk
294485972,3824494,da,Grudna Sredna
294486049,3824495,da,Grudna Kepska
294486126,3824496,da,Grudna Gorna
294486203,3824497,da,Grudna Dolna
294486280,3824498,da,Grudki
294486357,3824499,da,Grudki
294486434,3824500,da,Grucele
294486511,3824501,da,Grubale
294486665,3824503,da,Grozimy
294486742,3824504,da,Grotowo
294486819,3824505,da,Grotowice
294486896,3824506,da,Grotniki Male
294486973,3824507,da,Grotniki Duze
294487050,3824508,da,Grotki
294487127,3824509,da,Groszowice
294487204,3824510,da,Groszkowo
294487281,3824511,da,Gronowo
294487358,3824512,da,Gronowo
294487435,3824513,da,Gronostaje-Puszcza
294487512,3824514,da,Gronkow
294487589,3824515,da,Gronity
294487666,3824516,da,Gron
294487743,3824517,da,Gromnik
294487820,3824518,da,Gromki
294487897,3824519,da,Gromin
294487974,3824520,da,Gromice
294488051,3824521,da,Gromadzyn Stary
294488128,3824522,da,Gromadzyn
294488205,3824523,da,Gromadzice
294488282,3824524,da,Gromada
294488359,3824525,da,Grom
294488436,3824526,da,Grojec
294488513,3824527,da,Grójec
294488590,3824528,da,Grojec
294488667,3824529,da,Grodzonowice
294488744,3824530,da,Grodzkie Szczepanowieta
294488821,3824531,da,Grodzkie Nowe
294488898,3824532,da,Grodzkie Nowe
294488975,3824533,da,Grodziszczany
294489052,3824534,da,Grodzisko Gorne
294489129,3824535,da,Grodzisko Dolne
294489206,3824536,da,Grodzisko
294489283,3824537,da,Grodzisko
294489437,3824539,da,Grodzisko
294489514,3824540,da,Grodzisko
294489591,3824541,da,Grodzisk Mazowiecki
294489668,3824542,da,Grodziska
294489745,3824543,da,Grodzisk
294489899,3824545,da,Grodzisk Maly
294490053,3824547,da,Grodzisk
294490284,3824550,da,Grodzisk
294490361,3824551,da,Grodzisk
294490438,3824552,da,Grodziec
294490515,3824553,da,Grodyslawice
294490592,3824554,da,Grodowice
294490669,3824555,da,Grodkowo
294490746,3824556,da,Grodkowo
294490900,3824558,da,Grodkowice
294490977,3824559,da,Grodki
294491054,3824560,da,Grodek nad Dunajcem
294491131,3824561,da,Grodek
294491285,3824563,da,Grodek
294491516,3824566,da,Grodek
294491593,3824567,da,Grodek
294491670,3824568,da,Grodek
294491747,3824569,da,Grodek
294491824,3824570,da,Grodeczna
294491901,3824571,da,Grochy Stare
294491978,3824572,da,Grochy
294492055,3824573,da,Grochowka
294492132,3824574,da,Grochowka
294492209,3824575,da,Grochowiska
294492286,3824576,da,Grochowe
294492363,3824577,da,Grochowce
294492440,3824578,da,Grochowa
294492517,3824579,da,Grochow
294492671,3824581,da,Grocholice
294492748,3824582,da,Grochocice
294492902,3824584,da,Groble
294493133,3824587,da,Grobla
294493287,3824589,da,Grobelki
294493364,3824590,da,Grezowka
294493441,3824591,da,Grezow
294493518,3824592,da,Gremzdy Polskie
294493672,3824594,da,Gremzdel
294493749,3824595,da,Gregorowce
294493826,3824596,da,Gredzice
294493903,3824597,da,Gredzice
294493980,3824598,da,Gredele
294494057,3824599,da,Grechow
294494134,3824600,da,Grebow
294494211,3824601,da,Greboszow
294494288,3824602,da,Grebosze
294494365,3824603,da,Grebocin
294494442,3824604,da,Grebkow
294494519,3824605,da,Grebki
294494596,3824606,da,Grebenice
294494673,3824607,da,Grebalow
294494750,3824608,da,Grazymy
294494827,3824609,da,Grazow
294494904,3824610,da,Graziowa
294494981,3824611,da,Grauze Nowe
294495058,3824612,da,Granow
294495135,3824613,da,Granne
294495212,3824614,da,Graniczna
294495289,3824615,da,Granice
294495366,3824616,da,Granice
294495520,3824618,da,Granice
294495674,3824620,da,Granica
294495828,3824622,da,Gralewo
294495905,3824623,da,Gralewo
294495982,3824624,da,Grale
294496059,3824625,da,Grala-Dabrowizna
294496136,3824626,da,Grajwo
294496290,3824628,da,Grajow
294496367,3824629,da,Grajewo
294496444,3824630,da,Gradzkie Elckie
294496521,3824631,da,Gradzkie
294496598,3824632,da,Gradzkie
294496675,3824633,da,Gradziki
294496752,3824634,da,Gradzanowo
294496829,3824635,da,Grady Polewne
294496906,3824636,da,Grady-Mozdzenie
294496983,3824637,da,Grady-Michaly
294497060,3824638,da,Grady Male
294497137,3824639,da,Grady Duze
294497214,3824640,da,Grady
294497291,3824641,da,Grady
294497522,3824644,da,Grady
294497599,3824645,da,Grady
294497676,3824646,da,Grady
294497753,3824647,da,Grady
294497830,3824648,da,Grady
294497907,3824649,da,Grady
294497984,3824650,da,Grady
294498061,3824651,da,Grady
294498138,3824652,da,Grady
294498215,3824653,da,Grady
294498292,3824654,da,Gradow
294498369,3824655,da,Gradki
294498446,3824656,da,Gradki
294498523,3824657,da,Gracuch
294498600,3824658,da,Gracjanow
294498677,3824659,da,Grabszczyzna
294498754,3824660,da,Grabow Zalesny
294498831,3824661,da,Grabowy Las
294498908,3824662,da,Grabow Szlachecki
294498985,3824663,da,Grabowska Wola
294499139,3824665,da,Grabow Rycki
294499216,3824666,da,Grabowo-Wadolowo
294499370,3824668,da,Grabowo-Olszewo
294499447,3824669,da,Grabowo Nowe
294499524,3824670,da,Grabowo
294499601,3824671,da,Grabowo
294499678,3824672,da,Grabowo
294499755,3824673,da,Grabowo
294499832,3824674,da,Grabowo
294499909,3824675,da,Grabowo
294499986,3824676,da,Grabowo-Skorupki
294500063,3824677,da,Grabowo
294500294,3824680,da,Grabowo
294500371,3824681,da,Grabow Nowy
294500448,3824682,da,Grabownica Starzenska
294500525,3824683,da,Grabownica Stara
294500679,3824685,da,Grabownica
294500756,3824686,da,Grabow nad Wisla
294500833,3824687,da,Grabow nad Pilica
294500910,3824688,da,Grabowko
294500987,3824689,da,Grabowka
294501064,3824690,da,Grabowka
294501141,3824691,da,Grabowka
294501218,3824692,da,Grabowka
294501295,3824693,da,Grabowka
294501372,3824694,da,Grabowka
294501526,3824696,da,Grabowka
294501603,3824697,da,Grabowiec-Gora
294501757,3824699,da,Grabowiec
294501834,3824700,da,Grabowiec
294501911,3824701,da,Grabowiec
294501988,3824702,da,Grabowiec
294502219,3824705,da,Grabowiec
294502296,3824706,da,Grabowiec
294502450,3824708,da,Grabowiec
294502527,3824709,da,Grabowiec
294502604,3824710,da,Grabowica
294502681,3824711,da,Grabowica
294502758,3824712,da,Grabowek
294502835,3824713,da,Grabowe Grady
294502912,3824714,da,Grabowczyk
294502989,3824715,da,Grabowa
294503220,3824718,da,Grabowa
294503297,3824719,da,Grabowa
294503374,3824720,da,Grabow
294503451,3824721,da,Grabow
294503528,3824722,da,Grabnowola
294503605,3824723,da,Grabno
294503682,3824724,da,Grabno
294503759,3824725,da,Grabnik
294503836,3824726,da,Grabnik
294503913,3824727,da,Grabnik
294503990,3824728,da,Grabniak
294504067,3824729,da,Grabniak
294504144,3824730,da,Grabniak
294504221,3824731,da,Grabkow
294504298,3824732,da,Grabkow
294504375,3824733,da,Grabki Duze
294504452,3824734,da,Grabiny
294504529,3824735,da,Grabiny
294504606,3824736,da,Grabinek
294504683,3824737,da,Grabina
294504760,3824738,da,Grabina
294504914,3824740,da,Grabina
294504991,3824741,da,Grabina
294505068,3824742,da,Grabina
294505222,3824744,da,Grabina
294505376,3824746,da,Grabin
294505453,3824747,da,Stare Grabie
294505607,3824749,da,Grabienice
294505684,3824750,da,Grabie
294505838,3824752,da,Grabie
294505992,3824754,da,Grobice
294506069,3824755,da,Grabice
294506146,3824756,da,Grabianow
294506223,3824757,da,Grabianka
294506377,3824759,da,Grabczewo
294506454,3824760,da,Grabce Jozefpolskie
294506608,3824762,da,Grabarka
294506762,3824764,da,Grabanow
294506839,3824765,da,Grab
294506916,3824766,da,Gozna
294507070,3824768,da,Gozlice
294507147,3824769,da,Gozdziowka
294507224,3824770,da,Gozdzikow
294507301,3824771,da,Gozdzik
294507378,3824772,da,Gozdzielin
294507455,3824773,da,Gozd Stary
294507532,3824774,da,Gozdow
294507609,3824775,da,Gozd Lipinski
294507686,3824776,da,Gozdkow
294507763,3824777,da,Gozdek
294507917,3824779,da,Gozdawa
294508071,3824781,da,Gozdawa
294508148,3824782,da,Gozd
294508225,3824783,da,Gozd
294508379,3824785,da,Gozd
294508456,3824786,da,Gozd
294508533,3824787,da,Gozd
294508610,3824788,da,Goworowo
294508687,3824789,da,Goworowo
294508764,3824790,da,Goworowek
294508841,3824791,da,Goworki
294508918,3824792,da,Gowarczow
294509072,3824794,da,Goszyce
294509149,3824795,da,Goszczyn
294509226,3824796,da,Goszczyce Mlynskie
294509380,3824798,da,Goszczk
294509457,3824799,da,Goszczewice
294509534,3824800,da,Goszcza
294509611,3824801,da,Gostwica
294509688,3824802,da,Gostomin
294509765,3824803,da,Gostomia
294509842,3824804,da,Gostkowo
294509919,3824805,da,Gostkowo
294509996,3824806,da,Gostkowo
294510150,3824808,da,Gostkow
294510304,3824810,da,Gosprzydowa
294510381,3824811,da,Gosniewice
294510535,3824813,da,Gosliny Nowe
294510689,3824815,da,Goslawice
294510766,3824816,da,Goski-Wasosze
294510843,3824817,da,Goski-Pelki
294510920,3824818,da,Gosie Duze
294510997,3824819,da,Gosciszka
294511074,3824820,da,Gosciniec
294511151,3824821,da,Gosciniec
294511228,3824822,da,Goscimin Zawady
294511305,3824823,da,Gosciewicz
294511382,3824824,da,Goscieradów
294511459,3824825,da,Goscieradow
294511536,3824826,da,Goscienczyce
294511613,3824827,da,Gosciejewo
294511690,3824828,da,Gosan
294511767,3824829,da,Gorzyczany
294511844,3824830,da,Gorzyce
294511921,3824831,da,Gorzyce
294511998,3824832,da,Gorzyce
294512075,3824833,da,Gorzyce
294512152,3824834,da,Gorzno
294512229,3824835,da,Gorzkow
294512306,3824836,da,Gorzkow
294512383,3824837,da,Gorzkow
294512460,3824838,da,Gorzkow
294512768,3824842,da,Gorzejowa
294512845,3824843,da,Gorzany
294512922,3824844,da,Gorzanka
294512999,3824845,da,Gorzakiew
294513076,3824846,da,Gory Wysokie
294513153,3824847,da,Gorysze
294513230,3824848,da,Goryslawice
294513307,3824849,da,Gory Sieradzkie
294513461,3824851,da,Goryn
294513538,3824852,da,Gory Mokre
294513615,3824853,da,Gory Miechowskie
294513769,3824855,da,Gory Karwackie
294513846,3824856,da,Gory
294514000,3824858,da,Gory
294514077,3824859,da,Gory
294514154,3824860,da,Gory
294514770,3824868,da,Gory
294514847,3824869,da,Gory
294514924,3824870,da,Gory
294515001,3824871,da,Gortaty
294515078,3824872,da,Gortatowice
294515155,3824873,da,Gorszczyzna
294515232,3824874,da,Gorskie
294515309,3824875,da,Gorskie
294515540,3824878,da,Gorowo Ilaweckie
294515617,3824879,da,Gorowo
294515694,3824880,da,Gorowo
294515848,3824882,da,Gorny Mlyn
294515925,3824883,da,Gorny Ben
294516002,3824884,da,Gornowola
294516079,3824885,da,Gorno
294516156,3824886,da,Gorno
294516233,3824887,da,Gorno
294516310,3824888,da,Gorniki
294516387,3824889,da,Gorniki
294516464,3824890,da,Gorne
294516541,3824891,da,Gorna Wola
294516618,3824892,da,Gorna Wies
294516695,3824893,da,Gorna Owczarnia
294516849,3824895,da,Gorlowko
294516926,3824896,da,Gorlo
294517003,3824897,da,Gorliczyna
294517080,3824898,da,Gorlice
294517157,3824899,da,Gorkowo
294517234,3824900,da,Gorklo
294517311,3824901,da,Gorki Witowice
294517388,3824902,da,Gorki Szczukowskie
294517465,3824903,da,Gorki-Sypniewo
294517773,3824907,da,Gorki Duze
294517850,3824908,da,Gorki Borze
294517927,3824909,da,Gorki
294518004,3824910,da,Gorki
294518158,3824912,da,Gorki
294518235,3824913,da,Gorki
294518312,3824914,da,Gorki
294518389,3824915,da,Gorki
294518466,3824916,da,Gorki
294518543,3824917,da,Gorki
294518620,3824918,da,Gorki
294518697,3824919,da,Gorki
294518774,3824920,da,Gorki
294518851,3824921,da,Gorki
294519005,3824923,da,Gorki
294519082,3824924,da,Gorki
294519236,3824926,da,Gorki
294519313,3824927,da,Gorki
294519390,3824928,da,Gorki
294519544,3824930,da,Gorki
294519621,3824931,da,Gorki
294519698,3824932,da,Gorki
294519929,3824935,da,Gorki
294520006,3824936,da,Gorka Lubartowska
294520083,3824937,da,Gorka Kosciejowska
294520160,3824938,da,Gorka Jaklinska
294520237,3824939,da,Rastushcheye
294520314,3824940,da,Rastushcheye
294520391,3824941,da,Gorecko Stare
294520468,3824942,da,Gorecko Koscielne
294520545,3824943,da,Gorecko
294520622,3824944,da,Gordejki
294520699,3824945,da,Gorczyce
294520776,3824946,da,Gorczyce
294520853,3824947,da,Gorczyca
294520930,3824948,da,Gorazdowo
294521007,3824949,da,Goraszka
294521084,3824950,da,Gora Swietego Jana
294521161,3824951,da,Gora Strykowa
294521238,3824952,da,Gora Ropczycka
294521315,3824953,da,Gora Pulawska
294521392,3824954,da,Gorany
294521469,3824955,da,Gora Motyczna
294521546,3824956,da,Góra Kalwaria
294521623,3824957,da,Gorajowice
294521700,3824958,da,Gorajec-Zagroble-Kolonia
294521777,3824959,da,Gorajec-Zagroble-Kolonia
294521854,3824960,da,Gorajec
294521931,3824961,da,Goraj
294522085,3824963,da,Gora
294522162,3824964,da,Gora
294522316,3824966,da,Gora
294522470,3824968,da,Gora
294522778,3824972,da,Gora
294522932,3824974,da,Gontarze
294523009,3824975,da,Goniwilk Stary
294523086,3824976,da,Goniwilk Nowy
294523163,3824977,da,Goniadz
294523240,3824978,da,Gongolina
294523317,3824979,da,Gonczyce
294523394,3824980,da,Gomolka
294523471,3824981,da,Golystok
294523625,3824983,da,Golyn
294523702,3824984,da,Golymin Polnoc
294523779,3824985,da,Golymin-Osrodek
294523856,3824986,da,Golymin Nowy
294523933,3824987,da,Goluchow
294524010,3824988,da,Golubki
294524087,3824989,da,Golubka
294524164,3824990,da,Golubie Wezewskie
294524241,3824991,da,Golubie
294524318,3824992,da,Golubie
294524395,3824993,da,Golowierzchy
294524472,3824994,da,Goloty
294524549,3824995,da,Golotczyzna
294524626,3824996,da,Goloszyce
294524703,3824997,da,Golosze
294524780,3824998,da,Golonki
294524857,3824999,da,Goloniwy
294524934,3825000,da,Gologora
294525011,3825001,da,Golkowice
294525088,3825002,da,Golkow
294525165,3825003,da,Goliszowiec
294525242,3825004,da,Golice
294525319,3825005,da,Golijan
294525396,3825006,da,Goleszow
294525550,3825008,da,Golen
294525627,3825009,da,Golemki
294525704,3825010,da,Gole Lazy
294525781,3825011,da,Golejow
294525858,3825012,da,Goledzin
294525935,3825013,da,Goleczyna
294526012,3825014,da,Golebiowka
294526166,3825016,da,Golebin Parcele
294526243,3825017,da,Golebin Parcele
294526320,3825018,da,Golebin Parcele
294526397,3825019,da,Golebiewo
294526474,3825020,da,Golebie
294526551,3825021,da,Golebie
294526628,3825022,da,Gole
294526705,3825023,da,Gołdap
294526782,3825024,da,Golcowa
294526859,3825025,da,Golcowa
294527013,3825027,da,Golce
294527090,3825028,da,Golawin
294527167,3825029,da,Golawice
294527244,3825030,da,Golaszyn
294527321,3825031,da,Golasze Moscickie
294527475,3825033,da,Golan
294527552,3825034,da,Golanki
294527706,3825036,da,Golanka
294527783,3825037,da,Golanka
294527860,3825038,da,Golabki
294527937,3825039,da,Golabek
294528014,3825040,da,Gojsc
294528091,3825041,da,Gojsc
294528168,3825042,da,Gojsc
294528245,3825043,da,Gojsc
294528322,3825044,da,Gojcow
294528476,3825046,da,Gogolow
294528553,3825047,da,Gogole Wielkie
294528630,3825048,da,Godziszow
294528707,3825049,da,Godzisz
294528784,3825050,da,Godzimierz
294528938,3825052,da,Godziejewo
294529015,3825053,da,Godzieby
294529092,3825054,da,Godzianow
294529169,3825055,da,Godowa
294529246,3825056,da,Godow
294529323,3825057,da,Godow
294529400,3825058,da,Godow
294529477,3825059,da,Godlewo Wielkie
294529554,3825060,da,Godlewo-Warsze
294529631,3825061,da,Godlewo-Pietaki
294529708,3825062,da,Godlewo-Milewek
294529785,3825063,da,Godlewo-Mierniki
294529862,3825064,da,Godlewo Luby
294529939,3825065,da,Godlewo-Gorzejewo
294530016,3825066,da,Godlewo Cechny
294530093,3825067,da,Godlewo Backi
294530170,3825068,da,Godlewo
294530324,3825070,da,Godki
294530401,3825071,da,Godacze
294530478,3825072,da,Gocly
294530555,3825073,da,Goclaw
294530632,3825074,da,Gobiaty
294530709,3825075,da,Gnojno
294530786,3825076,da,Gnojno
294530863,3825077,da,Gnojno
294530940,3825078,da,Gnojno
294531017,3825079,da,Gnojnik
294531094,3825080,da,Gnojnica
294531171,3825081,da,Gnila
294531248,3825082,da,Gniezdziska
294531325,3825083,da,Gniewoszow
294531479,3825085,da,Gniewniewice Nowe
294531556,3825086,da,Gniewiecin
294531633,3825087,da,Gniewczyna Tryniecka
294531710,3825088,da,Gniewczyna
294531787,3825089,da,Gnieszowice
294531864,3825090,da,Gniejewice
294531941,3825091,da,Gnieciuki
294532018,3825092,da,Gniazdowo
294532095,3825093,da,Gniazdowice
294532172,3825094,da,Gniazdkow
294532249,3825095,da,Gniadki
294532326,3825096,da,Gnaty Wiesniany
294532403,3825097,da,Gnaty-Szczerbaki
294532480,3825098,da,Gnaty
294532557,3825099,da,Gnatowo
294532634,3825100,da,Stare Gnatowice
294532711,3825101,da,Gnatowice
294532788,3825102,da,Gluzy
294532942,3825104,da,Gluzek
294533019,3825105,da,Gluszyna
294533096,3825106,da,Gluszyn
294533173,3825107,da,Gluszczyzna
294533250,3825108,da,Glusko Duze
294533327,3825109,da,Glusk
294533404,3825110,da,Glusk
294533481,3825111,da,Glusiec
294533635,3825113,da,Glupianka
294533712,3825114,da,Glupczow
294533789,3825115,da,Gludna
294533866,3825116,da,Gluchowek
294534097,3825119,da,Gluchow
294534174,3825120,da,Gluchow
294534328,3825122,da,Gluchow
294534405,3825123,da,Gluchow
294534482,3825124,da,Gluch
294534559,3825125,da,Glowne
294534636,3825126,da,Glowka
294534713,3825127,da,Glowienka
294534790,3825128,da,Glowczyn Towarzystwo
294534944,3825130,da,Glowczyn
294535098,3825132,da,Glowaczowa
294535175,3825133,da,Glowaczow
294535252,3825134,da,Glow
294535329,3825135,da,Glotowo
294535406,3825136,da,Gloskow
294535560,3825138,da,Glomno
294535637,3825139,da,Glojsce
294535714,3825140,da,Głogów Małopolski
294535791,3825141,da,Glogowiec
294535868,3825142,da,Glogowiany
294535945,3825143,da,Glogow
294536022,3825144,da,Glogno
294536099,3825145,da,Glody
294536176,3825146,da,Glodowo Wielkie
294536253,3825147,da,Glodowo
294536330,3825148,da,Glodowo
294536407,3825149,da,Glodowo
294536484,3825150,da,Glodno
294536561,3825151,da,Glodki
294536638,3825152,da,Globikowka
294536715,3825153,da,Globikowa
294536792,3825154,da,Glisne
294536869,3825155,da,Gliny Wielkie
294536946,3825156,da,Gliny Male
294537023,3825157,da,Gliny
294537177,3825159,da,Glinojeck
294537254,3825160,da,Glinny Stok
294537331,3825161,da,Glinnik
294537408,3825162,da,Glinnik
294537485,3825163,da,Glinne
294537562,3825164,da,Glinne
294537639,3825165,da,Glinki Rafaly
294537716,3825166,da,Glinki
294537793,3825167,da,Glinki
294537947,3825169,da,Glinki
294538024,3825170,da,Glinki
294538101,3825171,da,Glinki
294538178,3825172,da,Glinki
294538332,3825174,da,Glinka
294538409,3825175,da,Gliniski
294538486,3825176,da,Gliniszcze Wielkie
294538563,3825177,da,Gliniszcze Male
294538640,3825178,da,Gliniska
294538717,3825179,da,Gliniska
294538794,3825180,da,Glinik Sredni
294538871,3825181,da,Glinik Polski
294539025,3825183,da,Glinik Gorny
294539102,3825184,da,Glinik Dolny
294539179,3825185,da,Glinik Charzewski
294539256,3825186,da,Glinik
294539487,3825189,da,Gliniec
294539564,3825190,da,Gliniczek
294539641,3825191,da,Glinice
294539795,3825193,da,Gliniany
294539949,3825195,da,Glinianka
294540026,3825196,da,Glinianka
294540103,3825197,da,Gliniak
294540180,3825198,da,Glina
294540257,3825199,da,Glina
294540334,3825200,da,Glina
294540411,3825201,da,Glina
294540565,3825203,da,Glichow
294540642,3825204,da,Glewiec
294540719,3825205,da,Glew
294540796,3825206,da,Gledy
294540873,3825207,da,Gleboki Row
294540950,3825208,da,Glebokie
294541027,3825209,da,Glebokie
294541104,3825210,da,Glebokie
294541181,3825211,da,Glebokie
294541258,3825212,da,Gleboki Brod
294541335,3825213,da,Gleboka Droga
294541412,3825214,da,Gleboka
294541489,3825215,da,Gleboka
294541566,3825216,da,Gleboczyzna
294541643,3825217,da,Gleboczyca
294541720,3825218,da,Glebocz Wielki
294541797,3825219,da,Gleboczek
294541874,3825220,da,Glebock
294542028,3825222,da,Gleba
294542105,3825223,da,Glazow
294542182,3825224,da,Glazewo
294542259,3825225,da,Glazejewo
294542336,3825226,da,Gladyszow
294542413,3825227,da,Glad
294542490,3825228,da,Glad
294542567,3825229,da,Glad
294542721,3825231,da,Gladczyn Szlachecki
294542798,3825232,da,Glacka
294542952,3825234,da,Glabowo
294543029,3825235,da,Gizyno
294543106,3825236,da,Gizynek
294543183,3825237,da,Giżycko
294543337,3825239,da,Gizyce
294543414,3825240,da,Gizyce
294543568,3825242,da,Gizewo
294543645,3825243,da,Gize
294543799,3825245,da,Gisiel
294543876,3825246,da,G Jinh Tien
294543953,3825247,da,Gilowka Gorna
294544030,3825248,da,Gilowka Dolna
294544107,3825249,da,Gilowka
294544261,3825251,da,Gilow
294544338,3825252,da,Gilow
294544569,3825255,da,Gilawy
294544646,3825256,da,Gietrzwald
294544723,3825257,da,Gietkie
294544800,3825258,da,Gierzwald
294544877,3825259,da,Gierwaty
294544954,3825260,da,Gierwaty
294545031,3825261,da,Gierowa
294545108,3825262,da,Gierniak
294545185,3825263,da,Gierloz
294545262,3825264,da,Gierkiny
294545416,3825266,da,Gierczyce
294545493,3825267,da,Gierczyce
294545570,3825268,da,Gieraszowice
294545647,3825269,da,Nowe Gieralty
294545724,3825270,da,Gielzow
294545801,3825271,da,Gielzow
294545878,3825272,da,Gielniow
294545955,3825273,da,Gielnia
294546109,3825275,da,Gielczyn
294546186,3825276,da,Gielczyn
294546340,3825278,da,Gielczew
294546417,3825279,da,Gielczew
294546494,3825280,da,Gielad
294546571,3825281,da,Giednia
294546648,3825282,da,Giedlarowa
294546725,3825283,da,Giedajty
294546802,3825284,da,Giebultow
294546879,3825285,da,Giby
294546956,3825286,da,Gibalka
294547033,3825287,da,Gesiki
294547110,3825288,da,Gesice
294547187,3825289,da,Gesia Wolka
294547341,3825291,da,Gesianka
294547418,3825292,da,Ges
294547495,3825293,da,Germanicha
294547572,3825294,da,Gerlachow
294547649,3825295,da,Geniusze
294547726,3825296,da,Generalowo
294547803,3825297,da,Gebiny
294547880,3825298,da,Gebiczyn
294547957,3825299,da,Gebice
294548034,3825300,da,Gebarzow
294548111,3825301,da,Gebalowka
294548188,3825302,da,Gębałka
294548265,3825303,da,Gdow
294548342,3825304,da,Gdola
294548419,3825305,da,Gdeszyn
294548496,3825306,da,Gazwa
294548573,3825307,da,Gazdy
294548727,3825309,da,Gawrzyjalki
294548804,3825310,da,Gawrychy
294548881,3825311,da,Gawrych-Ruda
294548958,3825312,da,Gawrony
294549035,3825313,da,Gawrony
294549189,3825315,da,Gaworzyna
294549343,3825317,da,Gawluszowice
294549420,3825318,da,Gawlowo
294549497,3825319,da,Gawlowka
294549574,3825320,da,Gawlowek
294549651,3825321,da,Gawlowek
294549728,3825322,da,Gawlow
294549805,3825323,da,Gawlow
294549882,3825324,da,Gawliki Wielkie
294549959,3825325,da,Gawki
294550036,3825326,da,Gawiny
294550113,3825327,da,Gawarzec Gorny
294550190,3825328,da,Gawarzec Dolny
294550267,3825329,da,Gawartowa Wola
294550344,3825330,da,Gaudyny
294550575,3825333,da,Gatno Dierwsze
294550652,3825334,da,Gassy
294550729,3825335,da,Gasowka Stara
294550806,3825336,da,Gasowka Skwaki
294550883,3825337,da,Gasowka Oleksin
294551114,3825340,da,Gasowka
294551191,3825341,da,Gasow
294551268,3825342,da,Gasocin
294551345,3825343,da,Gaski
294551422,3825344,da,Gaski
294551653,3825347,da,Gaski
294551807,3825349,da,Gasiory
294551884,3825350,da,Gasiory
294551961,3825351,da,Gasiorowo Olsztyneckie
294552115,3825353,da,Gasiorowo
294552423,3825357,da,Gasiorow
294552500,3825358,da,Gasewo
294552577,3825359,da,Gasewo
294552654,3825360,da,Gasawy Rzadowe-Niwy
294552731,3825361,da,Gasawy Rzadowe
294552808,3825362,da,Gasawy Plebanskie
294552962,3825364,da,Garzewo
294553039,3825365,da,Garzewko
294553116,3825366,da,Garwolin
294553193,3825367,da,Garwolewo
294553270,3825368,da,Gartatowice
294553424,3825370,da,Garnowo
294553501,3825371,da,Garno
294553578,3825372,da,Garnek
294553655,3825373,da,Garlow
294553809,3825375,da,Garlino-Racibory
294553886,3825376,da,Garlino
294553963,3825377,da,Garkowo Nowe
294554040,3825378,da,Garkowo Nowe
294554271,3825381,da,Gardyny
294554348,3825382,da,Gardoty
294554425,3825383,da,Gardlino
294554502,3825384,da,Garczyn Maly
294554579,3825385,da,Garczyn Duzy
294554656,3825386,da,Garby
294554810,3825388,da,Garbowo Nowe
294554887,3825389,da,Garbow
294554964,3825390,da,Stary Garbow
294555041,3825391,da,Garbno
294555118,3825392,da,Garbno
294555195,3825393,da,Garbek
294555272,3825394,da,Garbatowka
294555349,3825395,da,Garbatka-Letnisko
294555426,3825396,da,Garbatka Dluga
294555503,3825397,da,Garbas Drugi
294555580,3825398,da,Garbas Drugi
294555657,3825399,da,Garbas
294555734,3825400,da,Garbacz
294555811,3825401,da,Gapinin
294555888,3825402,da,Gany
294555965,3825403,da,Gant
294556042,3825404,da,Gamratka
294556119,3825405,da,Gamerki Wielkie
294556196,3825406,da,Galwuny
294556273,3825407,da,Galow
294556350,3825408,da,Gandomineh
294556427,3825409,da,Galomin
294556504,3825410,da,Galkowo
294556581,3825411,da,Galki
294556966,3825416,da,Galiny
294557043,3825417,da,Galezow
294557120,3825418,da,Galezow
294557197,3825419,da,Galezice
294557274,3825420,da,Galajny
294557505,3825423,da,Gajrowskie
294557582,3825424,da,Gajowniki
294557659,3825425,da,Gajowka
294557813,3825427,da,Gajle
294557890,3825428,da,Gaj Koniemlocki
294557967,3825429,da,Gaj Gruszczanski
294558121,3825431,da,Gaj Czerniecinski
294558275,3825433,da,Gaj
294558352,3825434,da,Gaj
294558429,3825435,da,Gaj
294558737,3825439,da,Gazik
294558814,3825440,da,Gazik
294558891,3825441,da,Gagolin
294558968,3825442,da,Gagolin
294559045,3825443,da,Gaglawki
294559122,3825444,da,Gady
294559199,3825445,da,Gadomskie
294559430,3825448,da,Gadka
294559507,3825449,da,Gadka
294559584,3825450,da,Gadawa
294559661,3825451,da,Gaczyska
294559738,3825452,da,Gaczkowice
294559815,3825453,da,Gackie
294559892,3825454,da,Gacki
294559969,3825455,da,Gacki
294560046,3825456,da,Gace Slupieckie
294560123,3825457,da,Gachi
294560277,3825459,da,Gachi
294560431,3825461,da,Gachi
294560508,3825462,da,Gabultow
294560585,3825463,da,Gabon
294560662,3825464,da,Gaba
294560739,3825465,da,Futory
294560816,3825466,da,Futoma
294560893,3825467,da,Furmany
294560970,3825468,da,Furmanow
294561201,3825471,da,Frysztak
294561278,3825472,da,Frygnowo
294561355,3825473,da,Frydman
294561432,3825474,da,Frycowa
294561586,3825476,da,Fredropol
294561663,3825477,da,Franusin
294561740,3825478,da,Franopol
294561894,3825480,da,Franknowo
294561971,3825481,da,Frankamionka
294562048,3825482,da,Franckowa Buda
294562125,3825483,da,Franciszkowo
294562279,3825485,da,Franciszkow
294562433,3825487,da,Franciszkow
294562587,3825489,da,Franciszkow
294562664,3825490,da,Franciszkow
294563049,3825495,da,Franciszkany
294563126,3825496,da,Frampol
294563203,3825497,da,Fraknowo
294563280,3825498,da,Fraczkowo
294563357,3825499,da,Fraczki
294563434,3825500,da,Fracki
294563511,3825501,da,Fornetka
294563588,3825502,da,Folwark Rozwadowka
294563665,3825503,da,Folwarki Wielkie
294563742,3825504,da,Folwarki Tylwickie
294563819,3825505,da,Folwarki Male
294563896,3825506,da,Folwarki
294563973,3825507,da,Folusz
294564050,3825508,da,Folusz
294564127,3825509,da,Florynske
294564204,3825510,da,Florianow
294564358,3825512,da,Florczaki
294564435,3825513,da,Flisy
294564589,3825515,da,Flesze
294564666,3825516,da,Fiukowka
294564820,3825518,da,Fiugajki
294564897,3825519,da,Firlej
294565128,3825522,da,Filipy
294565205,3825523,da,Filipy
294565359,3825525,da,Filipy
294565436,3825526,da,Filipowka
294565667,3825529,da,Filipow
294565744,3825530,da,Filipki Male
294565821,3825531,da,Filipki Duze
294565898,3825532,da,Filipinow
294565975,3825533,da,Filice
294566052,3825534,da,Fidury
294566206,3825536,da,Ferdynandow
294566283,3825537,da,Felinow
294566360,3825538,da,Felin
294566437,3825539,da,Feliksowka
294566514,3825540,da,Feliksow
294566591,3825541,da,Feliksow
294566822,3825544,da,Feliksin
294567053,3825547,da,Fiedorowizna
294567130,3825548,da,Faustynowo
294567207,3825549,da,Faszcze
294567284,3825550,da,Fasciszowa
294567361,3825551,da,Faryny
294567438,3825552,da,Fanislawiczki
294567515,3825553,da,Fanislawice
294567669,3825555,da,Famulki Krolewskie
294567746,3825556,da,Famulki Brochowskie
294567823,3825557,da,Falsztyn
294567900,3825558,da,Falkowice
294567977,3825559,da,Falkowa
294568131,3825561,da,Falkow
294568208,3825562,da,Falki
294568285,3825563,da,Falki
294568439,3825565,da,Faliszowka
294568516,3825566,da,Faliszowice
294568593,3825567,da,Faliszewice
294568670,3825568,da,Falentyn
294568747,3825569,da,Falenty Duze
294568824,3825570,da,Falenty
294568901,3825571,da,Falejowka
294568978,3825572,da,Belecin Stary
294569055,3825573,da,Falecin Nowy
294569209,3825575,da,Falecin
294569517,3825579,da,Falecice
294569594,3825580,da,Falbogi Wielkie
294569671,3825581,da,Falbogi
294569748,3825582,da,Falatycze
294569825,3825583,da,Fajslawice
294569902,3825584,da,Ewy
294569979,3825585,da,Ewunin
294570056,3825586,da,Ewopole
294570133,3825587,da,Ewelinow
294570210,3825588,da,Ewelin
294570287,3825589,da,Eustachow
294570364,3825590,da,Eugeniow
294570441,3825591,da,Eugeniow
294570518,3825592,da,Esterka
294570595,3825593,da,Ernestynow
294570672,3825594,da,Erminow
294570749,3825595,da,Emowo
294570826,3825596,da,Emolinek
294570903,3825597,da,Emilow
294570980,3825598,da,Emilianowka
294571057,3825599,da,Emilianow
294571211,3825601,da,Emilianow
294571288,3825602,da,Emilianow
294571442,3825604,da,Emilcin
294571519,3825605,da,Elzbietow
294571673,3825607,da,Elzbietow
294571750,3825608,da,Elzbieta
294571827,3825609,da,Elzbiecin
294572135,3825613,da,Elzbiecin
294572212,3825614,da,Ełk
294572289,3825615,da,Elizowka
294572366,3825616,da,Eliaszuki
294572443,3825617,da,Elgnowko
294572520,3825618,da,Eldyty Wielkie
294572597,3825619,da,Eldyty Male
294572674,3825620,da,Ejszeryszki
294572751,3825621,da,Edwardow
294572905,3825623,da,Edwardow
294573059,3825625,da,Edwardow
294573213,3825627,da,Dzwonowa
294573290,3825628,da,Dzwonkowice
294573367,3825629,da,Dzwonek
294573444,3825630,da,Dzwola
294573521,3825631,da,Dzwiniacz Gorny
294573598,3825632,da,Dzwiniacz Dolny
294573675,3825633,da,Dzwierzuty
294573752,3825634,da,Dzwierznia
294573829,3825635,da,Dzwiersztyny
294573983,3825637,da,Dziurow
294574060,3825638,da,Dziurow
294574137,3825639,da,Dziurkow
294574214,3825640,da,Dziurdziow
294574291,3825641,da,Dziurdzioly
294574368,3825642,da,Dziurdziewo
294574522,3825644,da,Dzikow Stary
294574599,3825645,da,Dzikowo Warminskie
294574676,3825646,da,Dzikowo Warminskie
294574753,3825647,da,Dzikow Nowy
294574830,3825648,da,Dzikowiec Nowy
294574907,3825649,da,Dzikowiec
294574984,3825650,da,Dzikie
294575061,3825651,da,Dziezki
294575138,3825652,da,Dziewule
294575215,3825653,da,Dziewin
294575369,3825655,da,Dziewieczyce
294575446,3825656,da,Dziewiecioly
294575523,3825657,da,Dziewiecierz
294575600,3825658,da,Dziewiatle
294575677,3825659,da,Dzietrzychowo
294575754,3825660,da,Dzieslawice
294575985,3825663,da,Dzierzkowice-Zastawie
294576062,3825664,da,Dzierzkowice Wola
294576139,3825665,da,Dzierzkowice-Gory
294576216,3825666,da,Dzierzkowek
294576293,3825667,da,Dzierzkowek
294576370,3825668,da,Dzierzkow
294576447,3825669,da,Dzierzki
294576524,3825670,da,Dzierzki
294576601,3825671,da,Dzierzgowo
294576678,3825672,da,Dzierzgow
294576755,3825673,da,Dzierzgi
294576832,3825674,da,Dzierzenin
294577063,3825677,da,Dzierzbia
294577217,3825679,da,Dzierzaznia
294577294,3825680,da,Dzierzanowo
294577371,3825681,da,Dzierzanowo
294577448,3825682,da,Dzierzaniny
294577525,3825683,da,Dzierwany
294577602,3825684,da,Dzierszyn
294577679,3825685,da,Dzierniakowo
294577756,3825686,da,Dzierdziowka
294577833,3825687,da,Dzieraznia
294577987,3825689,da,Dziemierzyce
294578064,3825690,da,Dzielnik
294578141,3825691,da,Dzielnica
294578218,3825692,da,Dzielna
294578295,3825693,da,Dzielin
294578372,3825694,da,Dzielce
294578449,3825695,da,Dziektarzewo
294578526,3825696,da,Dziekowizna
294578603,3825697,da,Jask-e Kohneh
294578680,3825698,da,Dziekanow Polski
294578757,3825699,da,Dziekanow Lesny
294578834,3825700,da,Dziekanowice
294578911,3825701,da,Dziekanowice
294578988,3825702,da,Dziekanow
294579065,3825703,da,Dziegiele
294579142,3825704,da,Dziegiele
294579219,3825705,da,Dziedziule
294579296,3825706,da,Dzieczewo
294579373,3825707,da,Dziecioly
294579450,3825708,da,Dziecioly
294579527,3825709,da,Dziecioly
294579604,3825710,da,Dzieciolowo
294579681,3825711,da,Dzieciolowka
294579758,3825712,da,Dziecinów
294579835,3825713,da,Dziecinne
294579912,3825714,da,Dziecinin
294579989,3825715,da,Dziechciniec
294580066,3825716,da,Dziebaltow Stary
294580143,3825717,da,Dziarnow
294580220,3825718,da,Dizijan
294580297,3825719,da,Dizijan
294580374,3825720,da,Dzialy
294580451,3825721,da,Dzialosze
294580528,3825722,da,Działdowo
294580605,3825723,da,Dziaduszyce
294580836,3825726,da,Dziadowo
294581067,3825729,da,Dziadkowskie
294581144,3825730,da,Dziadkowice
294581298,3825732,da,Dzbonie
294581375,3825733,da,Dzbenin
294581452,3825734,da,Dzbenin
294581606,3825736,da,Dzbanice
294581683,3825737,da,Dzbadzek
294581760,3825738,da,Dzbadz
294581837,3825739,da,Dyzin
294581914,3825740,da,Dywity
294581991,3825741,da,Dyszobaba
294582068,3825742,da,Dys
294582145,3825743,da,Dynów
294582222,3825744,da,Dyniska
294582299,3825745,da,Dynak
294582376,3825746,da,Dymitrow Maly
294582453,3825747,da,Dymitrow Duzy
294582530,3825748,da,Dyminy
294582607,3825749,da,Dymer
294582684,3825750,da,Dymarka
294582761,3825751,da,Dylewo
294582838,3825752,da,Dylewo
294582992,3825754,da,Dylew
294583069,3825755,da,Dyle
294583223,3825757,da,Dylagowka
294583300,3825758,da,Dylagowa
294583377,3825759,da,Dydule
294583454,3825760,da,Dydnia
294583608,3825762,da,Dybowo
294583762,3825764,da,Dybowo
294583839,3825765,da,Dybowo
294583916,3825766,da,Dybow
294584070,3825768,da,Yubla
294584147,3825769,da,Dybkow
294584224,3825770,da,Dybki
294584378,3825772,da,Dworzysko
294584455,3825773,da,Dworzyska
294584532,3825774,da,Dworzysk
294584609,3825775,da,Dworzno
294584763,3825777,da,Dwornia
294584917,3825779,da,Dworczysko
294585071,3825781,da,Dworackie
294585148,3825782,da,Dwikozy
294585225,3825783,da,Dwernik
294585302,3825784,da,Dwerniczek
294585379,3825785,da,Duzy Dol
294585456,3825786,da,Dutrow
294585533,3825787,da,Dusznica
294585610,3825788,da,Duszatyn
294585687,3825789,da,Dursztyn
294585764,3825790,da,Durlasy
294585841,3825791,da,Durdy
294585918,3825792,da,Duranow
294585995,3825793,da,Duranow
294586072,3825794,da,Durag
294586149,3825795,da,Duraczow
294586226,3825796,da,Duraczow
294586303,3825797,da,Dunkowiczki
294586380,3825798,da,Dunkowice
294586534,3825800,da,Dunajek Wielki
294586688,3825802,da,Dunajek
294586765,3825803,da,Dunaj
294586842,3825804,da,Duly
294586919,3825805,da,Dulkowszczyzna
294587073,3825807,da,Dulcza Wielka
294587150,3825808,da,Dulcza Mala
294587227,3825809,da,Dulabka
294587304,3825810,da,Dukt
294587458,3825812,da,Dukla
294587535,3825813,da,Dukaczew
294587612,3825814,da,Dudy Puszczanskie
294587689,3825815,da,Dudynce
294587766,3825816,da,Dudy Nadrzeczne
294587997,3825819,da,Dudowizna
294588074,3825820,da,Dudki
294588151,3825821,da,Dudki
294588228,3825822,da,Dudki
294588305,3825823,da,Dudki
294588382,3825824,da,Dudka
294588536,3825826,da,Duczymin Koscielny
294588613,3825827,da,Duczki
294588690,3825828,da,Ducka Wola
294588921,3825831,da,Duchny Stare
294588998,3825832,da,Duchny Stare
294589075,3825833,da,Duchny
294589152,3825834,da,Duchny
294589229,3825835,da,Duchnow
294589306,3825836,da,Dubowo Drugie
294589383,3825837,da,Dubowo
294589537,3825839,da,Dubow
294589614,3825840,da,Dubno
294589768,3825842,da,Dubicze
294589845,3825843,da,Dubne
294589922,3825844,da,Dubliny
294590076,3825846,da,Dublany
294590153,3825847,da,Dubiny
294590307,3825849,da,Dubienka
294590384,3825850,da,Dubiecko
294590461,3825851,da,Dubicze Tofilowce
294590538,3825852,da,Dubicze Osoczne
294590615,3825853,da,Dubicze Cerkiewne
294590692,3825854,da,Dubica
294590769,3825855,da,Dubiazyn
294590846,3825856,da,Dubeninki
294590923,3825857,da,Dubeczno
294591000,3825858,da,Dubasno
294591077,3825859,da,Dubasiewszczyzna
294591154,3825860,da,Dubas
294591231,3825861,da,Drzewicz
294591308,3825862,da,Drzewicz
294591385,3825863,da,Drzewica
294591462,3825864,da,Drzewce
294591539,3825865,da,Drzewce
294591616,3825866,da,Drzenkowice
294591693,3825867,da,Dryszczow
294591770,3825868,da,Drygulec
294591847,3825869,da,Drygaly
294591924,3825870,da,Dryga
294592001,3825871,da,Drwinia
294592078,3825872,da,Drweczno
294592155,3825873,da,Drwecz
294592232,3825874,da,Drweck
294592309,3825875,da,Drweca
294592386,3825876,da,Drwaly
294592463,3825877,da,Drwaly
294592540,3825878,da,Drwalewice
294592617,3825879,da,Drwalew
294592694,3825880,da,Druzkow Pusty
294592848,3825882,da,Drupia
294593002,3825884,da,Drugnia Rzadowa
294593079,3825885,da,Drugnia
294593156,3825886,da,Drozejowice
294593233,3825887,da,Drozecin Stary
294593310,3825888,da,Deokjin
294593464,3825890,da,Drozdowo
294593618,3825892,da,Drozdowo
294593772,3825894,da,Drozdowo
294593849,3825895,da,Drozdowko
294593926,3825896,da,Drozdowka
294594003,3825897,da,Drozdow
294594157,3825899,da,Drohojow
294594234,3825900,da,Drohobyczka
294594311,3825901,da,Drohiczyn
294594388,3825902,da,Drohiczany
294594465,3825903,da,Drogowle
294594542,3825904,da,Drogoszewo
294594619,3825905,da,Drogosze
294594696,3825906,da,Drogojowka
294594773,3825907,da,Drogiszka
294594850,3825908,da,Droginia
294594927,3825909,da,Drochow Gorny
294595004,3825910,da,Drochow Dolny
294595081,3825911,da,Droblin
294595158,3825912,da,Droblin
294595235,3825913,da,Drgicz
294595312,3825914,da,Drezno
294595389,3825915,da,Drezek
294595466,3825916,da,Drewnowo Lipskie
294595543,3825917,da,Drewnowo-Golyn
294595620,3825918,da,Drewnik
294595851,3825921,da,Dreszew
294595928,3825922,da,Drenstwo
294596005,3825923,da,Drelow
294596082,3825924,da,Dreglin
294596159,3825925,da,Drazno
294596236,3825926,da,Drazniew
294596313,3825927,da,Drazgow
294596390,3825928,da,Drazewo
294596467,3825929,da,Drazdzewo Nowe
294596544,3825930,da,Drazdzewo Kujawy
294596621,3825931,da,Drazdzewo
294596698,3825932,da,Dratow
294596775,3825933,da,Draminek
294596852,3825934,da,Dramin
294596929,3825935,da,Drahle
294597006,3825936,da,Dragi
294597083,3825937,da,Dragany
294597160,3825938,da,Draganowa
294597468,3825942,da,Downiewo
294597622,3825944,da,Downary
294597699,3825945,da,Dowiaty
294597776,3825946,da,Dorsze
294597853,3825947,da,Dorsze
294597930,3825948,da,Dorozki
294598084,3825950,da,Dorotowo
294598161,3825951,da,Dorotka
294598238,3825952,da,Dorohusk
294598315,3825953,da,Dorohucza
294598469,3825955,da,Dorbozy
294598546,3825956,da,Donosy
294598623,3825957,da,Donatkowice
294598700,3825958,da,Domostawa
294598777,3825959,da,Domoslawice
294598854,3825960,da,Domoslaw
294599008,3825962,da,Domkowo
294599085,3825963,da,Dominow
294599162,3825964,da,Dominikowice
294599239,3825965,da,Dominikanowka
294599316,3825966,da,Dominiczyn
294599393,3825967,da,Domiarki
294599470,3825968,da,Domatkow
294599547,3825969,da,Domaszowice
294599624,3825970,da,Domaszno
294599701,3825971,da,Domaszewnica
294599855,3825973,da,Domaszew
294599932,3825974,da,Domaradzice
294600086,3825976,da,Domaradz
294600163,3825977,da,Domanowo Stare
294600471,3825981,da,Domaniewice
294600548,3825982,da,Domaniewek
294600625,3825983,da,Domaniew
294600779,3825985,da,Zazelazna
294600856,3825986,da,Domanice
294600933,3825987,da,Domacyny
294601010,3825988,da,Dolzyca
294601087,3825989,da,Dolzyca
294601241,3825991,da,Doly Biskupie
294601318,3825992,da,Doly
294601395,3825993,da,Doly
294601549,3825995,da,Dolubowo
294601780,3825998,da,Dolne Pole
294601857,3825999,da,Dolna
294602011,3826001,da,Dolki
294602165,3826003,da,Doliwy
294602242,3826004,da,Doliwy
294602550,3826008,da,Dolina
294602627,3826009,da,Dolholiska
294602704,3826010,da,Dolhobyczow
294602781,3826011,da,Dolhobrody
294602858,3826012,da,Dolha
294602935,3826013,da,Dolegi
294603012,3826014,da,Dolega
294603089,3826015,da,Dolega
294603166,3826016,da,Doleck
294603243,3826017,da,Dol
294603397,3826019,da,Doktorce
294603628,3826022,da,Dojazdow
294603705,3826023,da,Dodow
294603782,3826024,da,Dobuzek
294603859,3826025,da,Dobsk
294603936,3826026,da,Dobrzynka
294604013,3826027,da,Dobrzyniowka
294604167,3826029,da,Dobrzyniewo Koscielne
294604244,3826030,da,Dobrzyniewo Duze
294604321,3826031,da,Dobrzyniec
294604398,3826032,da,Dobrzyn
294604475,3826033,da,Dobrzyjalowo
294604552,3826034,da,Dobrzeszow
294604629,3826035,da,Dobrzenica
294604706,3826036,da,Dobrzechow
294604783,3826037,da,Dobrzanow
294604860,3826038,da,Dobrzankowo
294604937,3826039,da,Dobrzanka
294605014,3826040,da,Dobryn Maly
294605091,3826041,da,Brynivka
294605168,3826042,da,Dobryniow
294605245,3826043,da,Dobrynin
294605322,3826044,da,Dobrynia
294605553,3826047,da,Dobrylow
294605630,3826048,da,Dobry Lasek
294605707,3826049,da,Dobry Las
294605784,3826050,da,Dobrut
294605861,3826051,da,Dobrucowa
294605938,3826052,da,Dobruchna
294606169,3826055,da,Dobrowola
294606323,3826057,da,Dobrowoda
294606400,3826058,da,Dobrowoda
294606477,3826059,da,Dobrow
294606554,3826060,da,Dobroslawow
294606708,3826062,da,Dobromysl
294606785,3826063,da,Dobromysl
294606862,3826064,da,Dobromierzyce
294606939,3826065,da,Dobroleka
294607016,3826066,da,Dobrogosty
294607093,3826067,da,Dobrociesz
294607170,3826068,da,Dobrocice
294607247,3826069,da,Dobrochy
294607324,3826070,da,Dobrkow
294607401,3826071,da,Dobre Miasto
294607478,3826072,da,Dobroye
294607555,3826073,da,Dobroye
294607632,3826074,da,Dobra Wola
294607709,3826075,da,Dobra Wola
294607786,3826076,da,Dobra Wola
294607940,3826078,da,Dobratycze
294608017,3826079,da,Dobranowice
294608094,3826080,da,Dobranowice
294608248,3826082,da,Dobra
294608325,3826083,da,Dobra
294608402,3826084,da,Dobra
294608479,3826085,da,Dobra
294608556,3826086,da,Dobra
294608633,3826087,da,Dobkowice
294608710,3826088,da,Dobki
294608787,3826089,da,Dobieszyn
294608864,3826090,da,Dobieszyn
294608941,3826091,da,Dobiesz
294609018,3826092,da,Dobieslawice
294609095,3826093,da,Dobczyn
294609249,3826095,da,Dobczyce
294609326,3826096,da,Dobcza
294609403,3826097,da,Doba
294609480,3826098,da,Dmusy
294609557,3826099,da,Dmosice
294609634,3826100,da,Dmochy-Wochy
294609711,3826101,da,Dmochy-Rogale
294609788,3826102,da,Dmochy-Retki
294609865,3826103,da,Dmochy-Glinki
294609942,3826104,da,Dmochy-Mrozy
294610019,3826105,da,Dminin
294610096,3826106,da,Dluzniow
294610173,3826107,da,Dluzniewo
294610250,3826108,da,Dluzniewo
294610404,3826110,da,Dluzniewice
294610481,3826111,da,Dluzki
294610558,3826112,da,Dluzka
294610635,3826113,da,Dluzew
294610712,3826114,da,Dluzek
294610789,3826115,da,Dluzec Wielki
294610866,3826116,da,Dluzec
294610943,3826117,da,Dluzec
294611097,3826119,da,Dlutowo
294611174,3826120,da,Dlutowo
294611251,3826121,da,Dlutowka
294611328,3826122,da,Dluska Wola
294611405,3826123,da,Dlugowola
294611482,3826124,da,Dlugowola
294611713,3826127,da,Dlugosze
294611790,3826128,da,Dlugosiodlo
294611867,3826129,da,Dlugosielce
294612021,3826131,da,Dlugoleka Wielka
294612098,3826132,da,Klonowo
294612252,3826134,da,Dlugoleka
294612329,3826135,da,Dlugoleka
294612483,3826137,da,Dlugokaty
294612560,3826138,da,Dlugokaty
294612714,3826140,da,Dlugojow
294612791,3826141,da,Dlugojow
294612868,3826142,da,Dlugochorzele
294613022,3826144,da,Dlugi Luh
294613099,3826145,da,Dlugi Kat
294613176,3826146,da,Dlugi Kat
294613253,3826147,da,Dlugi Kat
294613330,3826148,da,Dlugie Kamienskie
294613407,3826149,da,Dlugie
294613484,3826150,da,Dlugie
294613561,3826151,da,Dlugie
294613638,3826152,da,Dlugie
294613715,3826153,da,Dlugie
294613792,3826154,da,Dlugie
294613869,3826155,da,Dlugie
294614023,3826157,da,Dlugi Brod
294614100,3826158,da,Dlugi Borek
294614177,3826159,da,Dluga Szlachecka
294614254,3826160,da,Dluga Koscielna
294614331,3826161,da,Dluga Brzezina
294614408,3826162,da,Dluga
294614639,3826165,da,Deszno
294614793,3826167,da,Desznica
294614947,3826169,da,Desno
294615024,3826170,da,Deskurow
294615101,3826171,da,Derylaki
294615178,3826172,da,Derow
294615255,3826173,da,Derlatka
294615409,3826175,da,Dereznia-Zagrody
294615486,3826176,da,Dereznia Solska
294615563,3826177,da,Dereznia Majdanska
294615640,3826178,da,Derewiczna
294615717,3826179,da,Dereczanka
294615794,3826180,da,Derc
294615948,3826182,da,Depultycze Krolewskie
294616102,3826184,da,Denkowek
294616256,3826186,da,Deniski
294616333,3826187,da,Delastowice
294616410,3826188,da,Deksyty
294616564,3826190,da,Degucie
294616718,3826192,da,Decie
294616795,3826193,da,Deby
294616872,3826194,da,Deby
294617026,3826196,da,Debszczyzna
294617103,3826197,da,Debszczyzna
294617180,3826198,da,Debska Wola
294617257,3826199,da,Debsk
294617488,3826202,da,Debowola
294617565,3826203,da,Debowo
294617719,3826205,da,Debowo
294617873,3826207,da,Debowko
294618027,3826209,da,Debowka
294618104,3826210,da,Debowka
294618181,3826211,da,Debowierzchy
294618258,3826212,da,Debowiec Maly
294618335,3826213,da,Debowiec
294618489,3826215,da,Debowiec
294618643,3826217,da,Debowiec
294618874,3826220,da,Debowiec
294618951,3826221,da,Debowica
294619028,3826222,da,Debowce
294619182,3826224,da,Debowa Kloda
294619336,3826226,da,Debowa Gora
294619490,3826228,da,Debowa
294619567,3826229,da,Debow
294619644,3826230,da,Debow
294619721,3826231,da,Deborzyn
294619798,3826232,da,Deborzeczka
294619875,3826233,da,Debnowola
294620106,3826236,da,Debno
294620260,3826238,da,Debno
294620337,3826239,da,Debno
294620414,3826240,da,Debno
294620491,3826241,da,Debniki
294620645,3826243,da,Debnik
294620722,3826244,da,Debnica
294620799,3826245,da,Debniak
294621107,3826249,da,Debniak
294621261,3826251,da,Debna
294621338,3826252,da,Dęblin
294621415,3826253,da,Demblin
294621492,3826254,da,Debiny
294621646,3826256,da,Debiny
294621800,3826258,da,Debiny
294621877,3826259,da,Debiny
294621954,3826260,da,Debinki
294622031,3826261,da,Debinki
294622108,3826262,da,Debinki
294622185,3826263,da,Debina
294622724,3826270,da,Debina
294622955,3826273,da,Debienica
294623032,3826274,da,Debica
294623109,3826275,da,Dębica
294623186,3826276,da,Debiany
294623263,3826277,da,Debiany
294623494,3826280,da,Debiany
294623571,3826281,da,Debe Wielkie
294623648,3826282,da,Debe Male
294623802,3826284,da,Debe
294623879,3826285,da,Debe Wielkie
294623956,3826286,da,Debe
294624033,3826287,da,Debczyna
294624110,3826288,da,Deba Koliszowy
294624187,3826289,da,Deba
294624341,3826291,da,Deba
294624572,3826294,da,Dawidy
294624649,3826295,da,Dawidy
294624726,3826296,da,Dawidy
294624803,3826297,da,Dawidowicze
294624880,3826298,da,Dawidow
294625034,3826300,da,Dawia
294625111,3826301,da,Daszowka
294625265,3826303,da,Dasze
294625342,3826304,da,Darowne
294625419,3826305,da,Darowice
294625496,3826306,da,Darow
294625573,3826307,da,Daromin
294625804,3826310,da,Danowskie
294625881,3826311,da,Danowo
294626112,3826314,da,Danowo
294626189,3826315,da,Danowo
294626266,3826316,da,Danowka
294626343,3826317,da,Danowka
294626420,3826318,da,Dankow
294626497,3826319,da,Daniszewo
294626651,3826321,da,Danilowo Male
294626728,3826322,da,Danilowo Duze
294626805,3826323,da,Danilowo
294627036,3826326,da,Danilowce
294627113,3826327,da,Daniele
294627190,3826328,da,Danczypol
294627267,3826329,da,Dance
294627344,3826330,da,Damiety
294627421,3826331,da,Damienice
294627498,3826332,da,Damiany
294627575,3826333,da,Damianow
294627652,3826334,da,Daltrozow
294627806,3826336,da,Dalnia
294627883,3826337,da,Daliowa
294627960,3826338,da,Dalewice
294628037,3826339,da,Daleszyce
294628114,3826340,da,Daleszewice
294628268,3826342,da,Dalekie
294628422,3826344,da,Dalechowy
294628499,3826345,da,Dalechowice
294628807,3826349,da,Dagi
294628884,3826350,da,Dag
294629038,3826352,da,Dachowa
294629115,3826353,da,Dachnow
294629192,3826354,da,Dacharzow
294629500,3826358,da,Dabrowy
294629577,3826359,da,Dabrowskie
294629654,3826360,da,Dabrowskie
294629731,3826361,da,Dabrowno
294629885,3826363,da,Dabrowki Brenskie
294629962,3826364,da,Dabrowki
294630193,3826367,da,Dabrowki
294630347,3826369,da,Dabrowki
294630424,3826370,da,Dabrowka Zablotnia
294630501,3826371,da,Dabrowka-Wylazy
294630578,3826372,da,Dabrowka Wislocka
294630655,3826373,da,Dabrowka Wielka
294630732,3826374,da,Dabrowka Warszawska
294630809,3826375,da,Dabrowka Tuchowska
294630886,3826376,da,Dabrowka Szczepanowska
294630963,3826377,da,Dabrowka Starzenska
294631040,3826378,da,Dabrowka Stara
294631117,3826379,da,Dabrowka-Stany
294631271,3826381,da,Dabrowka Polska
294631425,3826383,da,Dabrowka Podlezna
294631502,3826384,da,Dabrowka Pniowska
294631579,3826385,da,Dabrowka Nowa
294631656,3826386,da,Dabrowka-Niwka
294631810,3826388,da,Dabrowka Nagorna
294631887,3826389,da,Dabrowka Morska
294631964,3826390,da,Dabrowka Mala
294632041,3826391,da,Dabrowka-Lug
294632118,3826392,da,Dabrowka Koscielna
294632349,3826395,da,Dabrowka
294632426,3826396,da,Dabrowka
294632503,3826397,da,Dabrowka
294632657,3826399,da,Dabrowka
294632888,3826402,da,Dabrowka
294632965,3826403,da,Dabrowka
294633196,3826406,da,Dabrowka
294633427,3826409,da,Dabrowka
294633504,3826410,da,Dabrowka
294633581,3826411,da,Dabrowka
294633966,3826416,da,Dabrowka
294634043,3826417,da,Dabrowka
294634120,3826418,da,Dabrowka
294634582,3826424,da,Dabrowka
294634890,3826428,da,Dabrowica Mala
294634967,3826429,da,Dabrowica Duza
294635044,3826430,da,Dabrowica
294635121,3826431,da,Dabrowica
294635198,3826432,da,Dabrowica
294635275,3826433,da,Dabrowica
294635429,3826435,da,Dabrowica
294635506,3826436,da,Dabrowica
294635660,3826438,da,Dabrowa-Zablotne
294635737,3826439,da,Dabrowa-Wilki
294635814,3826440,da,Dabrowa Wielka
294635891,3826441,da,Dabrowa-Tworki
294635968,3826442,da,Dąbrowa Tarnowska
294636045,3826443,da,Dabrowa-Szatanki
294636122,3826444,da,Dabrowa Rzeczycka
294636276,3826446,da,Dabrowa-Nowa Wies
294636353,3826447,da,Dabrowa-Moczydly
294636430,3826448,da,Dabrowa-Michalki
294636507,3826449,da,DabrowaLazy
294636661,3826451,da,Dabrowa Kozlowska
294636738,3826452,da,Dabrowa-Kity
294636815,3826453,da,Dabrowa-Kaski
294636892,3826454,da,Dabrowa-Gogole
294636969,3826455,da,Dabrowa-Dzieciel
294637046,3826456,da,Dabrowa-Dolegi
294637123,3826457,da,Dabrowa Chotomowska
294637200,3826458,da,Dabrowa-Cherubiny
294637277,3826459,da,Dabrowa-Bybytki
294637354,3826460,da,Dąbrowa Białostocka
294637431,3826461,da,Dabrowa
294637508,3826462,da,Dabrowa
294637816,3826466,da,Dabrowa
294637893,3826467,da,Dabrowa
294638047,3826469,da,Dabrowa
294638586,3826476,da,Dabrowa
294638740,3826478,da,Dabrowa
294639048,3826482,da,Dabrowa
294639125,3826483,da,Dabrowa
294639202,3826484,da,Dabrowa
294639356,3826486,da,Dabrowa
294639587,3826489,da,Dabrowa
294639818,3826492,da,Dabrowa
294639972,3826494,da,Dabrowa
294640280,3826498,da,Dabrowa
294640665,3826503,da,Dabrowa
294640742,3826504,da,Dabrowa
294641358,3826512,da,Dabie
294641666,3826516,da,Dabie
294641743,3826517,da,Dabia Stara
294641974,3826520,da,Dabek
294642051,3826521,da,Dabek
294642128,3826522,da,Dab
294642359,3826525,da,Czyzyki
294642436,3826526,da,Czyzow Szlachecki
294642513,3826527,da,Czyzow Plebanski
294642590,3826528,da,Czyzowice
294642667,3826529,da,Czyzow
294642744,3826530,da,Czyzow
294642821,3826531,da,Czyzow
294642898,3826532,da,Czyzow
294642975,3826533,da,Czyzew-Sutki
294643052,3826534,da,Czyzew
294643129,3826535,da,Czyzew
294643206,3826536,da,Czyszkowek
294643514,3826540,da,Czyrna
294643591,3826541,da,Czyprki
294643745,3826543,da,Czuszow
294643822,3826544,da,Czuryly
294643976,3826546,da,Czuprynowo
294644053,3826547,da,Czumow
294644130,3826548,da,Czulice
294644207,3826549,da,Czulczyce
294644284,3826550,da,Czukty
294644361,3826551,da,Czudowice
294644515,3826553,da,Czudec
294644592,3826554,da,Czuchow-Pienki
294644669,3826555,da,Czuchow
294644746,3826556,da,Czuchleby
294644823,3826557,da,Czubin
294644900,3826558,da,Czubajowizna
294644977,3826559,da,Czostkow
294645054,3826560,da,Czosnowka
294645131,3826561,da,Czosnow
294645208,3826562,da,Czortowice
294645285,3826563,da,Czorsztyn
294645362,3826564,da,Czolomyje
294645439,3826565,da,Czolna
294645516,3826566,da,Czolna
294645593,3826567,da,Czochanie
294645670,3826568,da,Czochanie
294645747,3826569,da,Czlekowka
294645824,3826570,da,Czestoszowice
294645901,3826571,da,Czestoniew
294645978,3826572,da,Czestocice
294646055,3826573,da,Czestoborowice
294646132,3826574,da,Czesniki
294646209,3826575,da,Czeslawice
294646286,3826576,da,Czerwony Krzyz
294646363,3826577,da,Czerwony Dwor
294646440,3826578,da,Czerwony Bor
294646517,3826579,da,Czerwonki
294646594,3826580,da,Czerwonki
294646671,3826581,da,Czerwonka
294646748,3826582,da,Czerwonka
294646825,3826583,da,Czerwonka
294646902,3826584,da,Czerwonka
294646979,3826585,da,Czerwonka
294647056,3826586,da,Czerwonka
294647133,3826587,da,Czerwonka
294647210,3826588,da,Czerwonka
294647287,3826589,da,Czerwonka
294647364,3826590,da,Czerwonka Polesna
294647441,3826591,da,Czerwone
294647518,3826592,da,Czerwona Wola
294647595,3826593,da,Czerwona Wola
294647672,3826594,da,Czerwona Niwa
294647749,3826595,da,Czerwona Gora
294647826,3826596,da,Czerwona
294647903,3826597,da,Czerwinsk nad Wisla
294647980,3826598,da,Czerwinsk
294648057,3826599,da,Czerwin
294648211,3826601,da,Czertyzne
294648288,3826602,da,Czertez
294648365,3826603,da,Czersl
294648442,3826604,da,Czersk
294648519,3826605,da,Czermin
294648596,3826606,da,Czernikow
294648750,3826608,da,Czerniki
294648904,3826610,da,Czerniewice
294648981,3826611,da,Czerniejow
294649058,3826612,da,Czerniejow
294649212,3826614,da,Czerniejow
294649289,3826615,da,Czerniejew
294649443,3826617,da,Czerniec
294649520,3826618,da,Czernie
294649597,3826619,da,Czernie
294649674,3826620,da,Czernidla
294649828,3826622,da,Czerniczyn
294649905,3826623,da,Czernichow
294649982,3826624,da,Czernice Borowe
294650059,3826625,da,Czernice
294650136,3826626,da,Czernice
294650213,3826627,da,Czernica
294650290,3826628,da,Czernic
294650367,3826629,da,Czerniawka
294650444,3826630,da,Czerniawka
294650675,3826633,da,Czermno
294650752,3826634,da,Czermno
294650829,3826635,da,Czermna
294650906,3826636,da,Czermin
294650983,3826637,da,Czerlonka
294651060,3826638,da,Czerkasy
294651137,3826639,da,Czerewki
294651291,3826641,da,Czeremcha
294651445,3826643,da,Czerce
294651522,3826644,da,Czeputka
294651599,3826645,da,Czepielin
294651676,3826646,da,Czepiele
294651753,3826647,da,Czemierniki
294651830,3826648,da,Czemierniki
294651907,3826649,da,Czelusnica
294651984,3826650,da,Czelatyce
294652061,3826651,da,Chekoldy
294652215,3826653,da,Czekanow
294652369,3826655,da,Czekaj
294652446,3826656,da,Czekaj
294652523,3826657,da,Czechy Zablotne
294652677,3826659,da,Czechy
294652754,3826660,da,Czechow Kat
294652908,3826662,da,Czechowka
294653062,3826664,da,Czechowizna
294653139,3826665,da,Czechowice
294653216,3826666,da,Czechow
294653293,3826667,da,Czeberaki
294653370,3826668,da,Czeberaki
294653447,3826669,da,Czchow
294653524,3826670,da,Czaszyn
294653601,3826671,da,Czaszkowo
294653678,3826672,da,Czastkowice
294653755,3826673,da,Czastkow Mazowiecki
294653832,3826674,da,Czastkow
294653909,3826675,da,Czaslaw
294653986,3826676,da,Czarzyzna
294654063,3826677,da,Czartowiec
294654140,3826678,da,Czartowczyk
294654217,3826679,da,Czartoszowy
294654294,3826680,da,Czartosy
294654371,3826681,da,Czartoria
294654448,3826682,da,Czartoria
294654525,3826683,da,Czartajew
294654602,3826684,da,Czarnystok
294654679,3826685,da,Czarnystok
294654756,3826686,da,Czarny Potok
294654833,3826687,da,Czarny Piec
294654910,3826688,da,Czarny Lug
294654987,3826689,da,Czarny Las
294655064,3826690,da,Czarny Las
294655141,3826691,da,Czarny Las
294655295,3826693,da,Czarny Kierz
294655449,3826695,da,Czarnucha
294655526,3826696,da,Czarnoziem
294655757,3826699,da,Czarnowoda
294655834,3826700,da,Czarnowo
294655988,3826702,da,Czarnowo
294656142,3826704,da,Czarnowka
294656219,3826705,da,Czarnowiec
294656373,3826707,da,Czarnowek
294656450,3826708,da,Czarnowaz
294656681,3826711,da,Czarnow
294656835,3826713,da,Czarnoty
294656989,3826715,da,Czarnotrzew
294657066,3826716,da,Czarnostow
294657143,3826717,da,Czarnorzeki
294657220,3826718,da,Czarnolozy
294657297,3826719,da,Czarnolas
294657374,3826720,da,Czarnoglow
294657451,3826721,da,Czarnocinek
294657528,3826722,da,Czarnocin
294657605,3826723,da,Czarnocin
294657682,3826724,da,Czarnocin
294657759,3826725,da,Czarnocin
294657836,3826726,da,Czarnocin
294657913,3826727,da,Czarnochowice
294657990,3826728,da,Czarniewo
294658067,3826729,da,Czarniecka Gora
294658144,3826730,da,Czarnia
294658221,3826731,da,Czarnia
294658452,3826734,da,Czarne
294658760,3826738,da,Czarna Wies
294658914,3826740,da,Czarna Wielka
294659145,3826743,da,Czarna Srednia
294659530,3826748,da,Czarnakowizna
294659607,3826749,da,Czarna Gora
294659684,3826750,da,Czarna Glina
294659761,3826751,da,Czarna Cerkiewna
294659838,3826752,da,Czarna Buchta
294659915,3826753,da,Czarna Białostocka
294660069,3826755,da,Czarna
294660146,3826756,da,Czarna
294660223,3826757,da,Czarna
294660377,3826759,da,Czarna
294660685,3826763,da,Czarna
294660762,3826764,da,Czarna
294660839,3826765,da,Czarna
294660916,3826766,da,Czarna
294660993,3826767,da,Czarkowy Grad
294661070,3826768,da,Czarkowy
294661147,3826769,da,Czarkowka Mala
294661224,3826770,da,Czarkowka Duza
294661378,3826772,da,Czaplow
294661455,3826773,da,Czaplino
294661609,3826775,da,Czaplinek
294661686,3826776,da,Czaplice Wielkie
294661763,3826777,da,Czaplice Kurki
294661840,3826778,da,Czaplice Baki
294661917,3826779,da,Czaplice
294661994,3826780,da,Czaple
294662071,3826781,da,Czaple Gorne
294662225,3826783,da,Czalczyn
294662302,3826784,da,Czajkowa
294662379,3826785,da,Czajkow
294662533,3826787,da,Czajki
294662610,3826788,da,Czaje-Wolka
294662687,3826789,da,Czajeczyce
294662764,3826790,da,Czajecice
294662841,3826791,da,Czaje-Bagno
294662918,3826792,da,Czaczow
294663072,3826794,da,Czachy
294663149,3826795,da,Czachy
294663226,3826796,da,Czachy
294663303,3826797,da,Czachowek
294663380,3826798,da,Czachow
294663457,3826799,da,Czachow
294663688,3826802,da,Cyprki
294663765,3826803,da,Cypriany
294663919,3826805,da,Cylujki
294663996,3826806,da,Cyk
294664073,3826807,da,Cygow
294664150,3826808,da,Cygany
294664227,3826809,da,Cygany
294664304,3826810,da,Cyganowka
294664381,3826811,da,Cyganka
294664612,3826814,da,Cycow
294664689,3826815,da,Chyhyryn
294664766,3826816,da,Cychrowska Wola
294664843,3826817,da,Cybulki
294664920,3826818,da,Cybulin
294664997,3826819,da,Cybulice
294665074,3826820,da,Cwikow
294665151,3826821,da,Cwikly-Rupie
294665228,3826822,da,Cwikly-Krajewo
294665305,3826823,da,Cwiklin
294665382,3826824,da,Cwietalka
294665459,3826825,da,Cwaliny Male
294665536,3826826,da,Cwaliny Duze
294665613,3826827,da,Cwaliny
294665767,3826829,da,Curyn
294665844,3826830,da,Cuple
294665921,3826831,da,Cupel
294665998,3826832,da,Cukrowka
294666075,3826833,da,Cudzynowice
294666152,3826834,da,Cudow
294666229,3826835,da,Cudnow
294666306,3826836,da,Cudnochy
294666460,3826838,da,Coniew
294666537,3826839,da,Cmolas
294667230,3826848,da,Cminsk
294667307,3826849,da,Cmilow
294667384,3826850,da,Cmielow
294667461,3826851,da,Clo
294667538,3826852,da,Ciwoniuki
294667615,3826853,da,Ciuslice
294667692,3826854,da,Ciumicze
294667769,3826855,da,Ciuckowo
294667846,3826856,da,Ciszyca
294667923,3826857,da,Ciszyca Dolna
294668000,3826858,da,Ciszyca
294668077,3826859,da,Ciszewo
294668154,3826860,da,Cisownik
294668231,3826861,da,Cisownik
294668385,3826863,da,Cisowka
294668462,3826864,da,Cisowek
294668693,3826867,da,Cisowe
294668770,3826868,da,Cisowa
294668847,3826869,da,Cisow
294668924,3826870,da,Cisow
294669001,3826871,da,Cisna
294669078,3826872,da,Ciski
294669155,3826873,da,Cisk
294669232,3826874,da,Cisie
294669540,3826878,da,Cisia Wola
294669617,3826879,da,Cis
294669771,3826881,da,Ciotusza Stara
294669925,3826883,da,Ciotcza
294670002,3826884,da,Ciosowa
294670079,3826885,da,Ciosny
294670156,3826886,da,Ciosmy
294670233,3826887,da,Ciolkowo
294670310,3826888,da,Cimochy
294670464,3826890,da,Cimochowizna
294670541,3826891,da,Cimanie
294670618,3826892,da,Cikowice
294670695,3826893,da,Ciezkowice
294670772,3826894,da,Ciezkie
294670849,3826895,da,Cieszyna
294670926,3826896,da,Cieszyn
294671003,3826897,da,Cieszkowy
294671080,3826898,da,Cieszkowo
294671157,3826899,da,Cieszety
294671311,3826901,da,Ciesze
294671388,3826902,da,Cieszanow
294671465,3826903,da,Cieszacin Wielki
294671542,3826904,da,Cieszacin Maly
294671619,3826905,da,Cisowka
294671696,3826906,da,Ciesnisk Wielki
294671773,3826907,da,Ciesle
294671850,3826908,da,Ciesle
294671927,3826909,da,Cieslanki
294672004,3826910,da,Ciesina
294672081,3826911,da,Cierzpiety
294672235,3826913,da,Cierpisz
294672312,3826914,da,Cierpisz
294672389,3826915,da,Cierpigorz
294672543,3826917,da,Cierpieta
294672697,3826919,da,Cierno-Zabieniec
294672774,3826920,da,Cierniowka
294672851,3826921,da,Ciernie
294672928,3826922,da,Cierchy
294673159,3826925,da,Cieplice
294673236,3826926,da,Cieple
294673313,3826927,da,Ciepla
294673390,3826928,da,Ciepielow Stary
294673467,3826929,da,Ciepielow
294673544,3826930,da,Ciepielin
294673621,3826931,da,Ciepielewo
294673698,3826932,da,Ciensza
294673852,3826934,da,Cieniawa
294673929,3826935,da,Ciemny Las
294674006,3826936,da,Ciemnoszyje
294674083,3826937,da,Ciemno
294674160,3826938,da,Ciemno
294674237,3826939,da,Ciemniewo
294674468,3826942,da,Ciemniewko
294674622,3826944,da,Ciemne Gnojna
294674699,3826945,da,Ciemne
294674776,3826946,da,Ciemna Dabrowa
294674853,3826947,da,Ciemierzowice
294674930,3826948,da,Ciemianka
294675007,3826949,da,Cieluszki
294675084,3826950,da,Cieloszka
294675161,3826951,da,Cieliczanka
294675238,3826952,da,Cielesnica
294675315,3826953,da,Cielemec
294675392,3826954,da,Cielechowizna
294675469,3826955,da,Cieladz
294675546,3826956,da,Cieksyn
294675623,3826957,da,Ciekoty
294675700,3826958,da,Cieklinsko
294675777,3826959,da,Cieklin
294675854,3826960,da,Cieck
294675931,3826961,da,Cieciwa
294676008,3826962,da,Cieciszew
294676085,3826963,da,Cieciory
294676162,3826964,da,Cieciorki
294676239,3826965,da,Cieciorki
294676316,3826966,da,Ciecierzyn
294676393,3826967,da,Ciecierze
294676470,3826968,da,Cieciersk
294676547,3826969,da,Ciecierowka
294676624,3826970,da,Ciechostowice
294676701,3826971,da,Ciechomin
294676778,3826972,da,Ciechomin
294676855,3826973,da,Ciechocin
294676932,3826974,da,Ciechlin
294677009,3826975,da,Ciechanowiec
294677086,3826976,da,Ciechanów
294677163,3826977,da,Ciechanki Lancuchowskie
294677240,3826978,da,Ciechanki Lancuchowskie
294677317,3826979,da,Ciechanki Krzesimowskie
294677394,3826980,da,Ciechania
294677471,3826981,da,Cieblowice
294677548,3826982,da,Cicibor Maly
294677625,3826983,da,Cicibor Duzy
294677702,3826984,da,Cichy
294677779,3826985,da,Cichowo
294677856,3826986,da,Cichostow
294677933,3826987,da,Cicholaski
294678010,3826988,da,Cichoburz
294678087,3826989,da,Male Ciche
294678164,3826990,da,Cichawy
294678241,3826991,da,Cichawka
294678318,3826992,da,Cichawa
294678395,3826993,da,Cibory
294678472,3826994,da,Cibory
294678549,3826995,da,Ciborowice
294678626,3826996,da,Ciasne
294678703,3826997,da,Chyzyny
294678780,3826998,da,Chyzowki
294678857,3826999,da,Chyzowice
294678934,3827000,da,Chyze
294679011,3827001,da,Chytrowka
294679088,3827002,da,Chytrowka
294679165,3827003,da,Chytra
294679319,3827005,da,Chyrzyna
294679396,3827006,da,Chyrzyna
294679473,3827007,da,Chyrowa
294679550,3827008,da,Chynow
294679627,3827009,da,Chyly
294679704,3827010,da,Chyliny Lesne
294679781,3827011,da,Chyliny
294679858,3827012,da,Chylin Stary
294679935,3827013,da,Chylin Nowy
294680012,3827014,da,Chylin
294680089,3827015,da,Chyliczki Stare
294680166,3827016,da,Chyliczki
294680243,3827017,da,Chyliczki
294680320,3827018,da,Chylice
294680474,3827020,da,Chyczewo
294680551,3827021,da,Chycza
294680628,3827022,da,Chybow
294680705,3827023,da,Chybice
294680782,3827024,da,Chworosciany
294680859,3827025,da,Chwaszczewo
294680936,3827026,da,Chwascice
294681013,3827027,da,Chwaniow
294681090,3827028,da,Chwalowice
294681167,3827029,da,Chwalowice
294681244,3827030,da,Chwalowice
294681321,3827031,da,Chwalki
294681398,3827032,da,Chwalikowka
294681475,3827033,da,Chwalibogowice
294681552,3827034,da,Chwalibogi
294681629,3827035,da,Chwalecin
294681706,3827036,da,Chutkowice
294681783,3827037,da,Chutcze
294681860,3827038,da,Chustki
294681937,3827039,da,Chudowola
294682014,3827040,da,Chudow
294682091,3827041,da,Chudolipie
294682168,3827042,da,Chudek
294682245,3827043,da,Chrzesne
294682399,3827045,da,Chrzczony
294682476,3827046,da,Chrzczonowice
294682553,3827047,da,Chrzczonki
294682630,3827048,da,Chrzczany
294682707,3827049,da,Chrzczanka
294682784,3827050,da,Chrzaszczewek
294682861,3827051,da,Chrzaszczew
294682938,3827052,da,Chrzastowka
294683015,3827053,da,Chrzastow
294683169,3827055,da,Chrzanowo-Bronisze
294683246,3827056,da,Chrzanowo
294683323,3827057,da,Chrzanowo
294683400,3827058,da,Chrzanowo
294683477,3827059,da,Chrzanowo
294683631,3827061,da,Chrzanow Maly
294683708,3827062,da,Chrzanow Duzy
294683785,3827063,da,Chrzanow
294683862,3827064,da,Chrzanow
294683939,3827065,da,Chrzachowek
294684016,3827066,da,Chrzachow
294684093,3827067,da,Chruszczyna
294684170,3827068,da,Chruszczewka
294684247,3827069,da,Chruszczewka
294684324,3827070,da,Chrusty
294684401,3827071,da,Chrusty
294684478,3827072,da,Chrustowice
294684555,3827073,da,Chrustne
294684632,3827074,da,Chruslina-Kolonia
294684709,3827075,da,Chruslin
294684786,3827076,da,Chruslin
294684863,3827077,da,Chruslice
294684940,3827078,da,Chruslanki Mazanowskie
294685017,3827079,da,Chruslanki Jozefowskie
294685094,3827080,da,Chrusciele Nowe
294685171,3827081,da,Chrusciele
294685248,3827082,da,Chruscice
294685325,3827083,da,Chrostowo Zalesie
294685402,3827084,da,Chrostowo Wielkie
294685479,3827085,da,Chrostowo
294685556,3827086,da,Chrostowo
294685633,3827087,da,Chrostowa
294685787,3827089,da,Chrosna
294685864,3827090,da,Chrosla
294685941,3827091,da,Chroscin
294686095,3827093,da,Chroscice
294686172,3827094,da,Chrosc
294686249,3827095,da,Chronow
294686326,3827096,da,Chronow
294686403,3827097,da,Chronibory
294686480,3827098,da,Chromna
294686634,3827100,da,Chromin
294686711,3827101,da,Chrolowice
294686788,3827102,da,Chroboty
294686865,3827103,da,Cichoburz
294686942,3827104,da,Chhreynno
294687019,3827105,da,Chrewt
294687096,3827106,da,Chrapanow
294687173,3827107,da,Chrabostowka
294687250,3827108,da,Chraboly
294687481,3827111,da,Chotyze
294687558,3827112,da,Chotyniec
294687635,3827113,da,Hodynivka
294687712,3827114,da,Chotylub
294687789,3827115,da,Chotylow
294687866,3827116,da,Chotycze
294687943,3827117,da,Chotum Baraki
294688020,3827118,da,Chotum
294688097,3827119,da,Chotowa
294688174,3827120,da,Chotow
294688251,3827121,da,Chotomow
294688328,3827122,da,Chotelek
294688405,3827123,da,Chotel Czerwony
294688482,3827124,da,Chotcza Gorna
294688559,3827125,da,Chotcza Dolna
294688636,3827126,da,Choszczow
294688713,3827127,da,Choszczow
294688790,3827128,da,Choszczewo
294688944,3827130,da,Choszcze
294689098,3827132,da,Chosna
294689175,3827133,da,Chorzow
294689252,3827134,da,Chorzewa
294689329,3827135,da,Chorzelow
294689406,3827136,da,Chorzele
294689483,3827137,da,Chorzele
294689560,3827138,da,Choruzowce
294689637,3827139,da,Chorupnik
294689714,3827140,da,Choroszczynka
294689791,3827141,da,Choroszczewo
294689868,3827142,da,Choroszcz
294689945,3827143,da,Choromany-Witnice
294690022,3827144,da,Choromany
294690099,3827145,da,Chorkówka
294690176,3827146,da,Chorchosy
294690330,3827148,da,Chorazyce
294690407,3827149,da,Chorazec
294690484,3827150,da,Chorap
294690561,3827151,da,Choragwica
294690638,3827152,da,Chomranice
294690715,3827153,da,Chomontowo
294690869,3827155,da,Chomice
294690946,3827156,da,Chometow
294691023,3827157,da,Chomentowo
294691100,3827158,da,Chomentowek
294691177,3827159,da,Chomentow
294691254,3827160,da,Chomentow
294691331,3827161,da,Chomeciska Male
294691408,3827162,da,Chomeciska Duze
294691485,3827163,da,Chomec
294691562,3827164,da,Cholowice
294691639,3827165,da,Cholewy
294691716,3827166,da,Cholewy
294691870,3827168,da,Cholewiana Gora
294691947,3827169,da,Chojny Stare
294692101,3827171,da,Chojny-Naruszczki
294692178,3827172,da,Chojny
294692332,3827174,da,Chojnowo
294692409,3827175,da,Chojnowo
294692486,3827176,da,Chojnowo
294692563,3827177,da,Chojnowo
294692717,3827179,da,Chojnowek
294692794,3827180,da,Chojnow
294692871,3827181,da,Chojno Stare
294692948,3827182,da,Chojno Nowe
294693025,3827183,da,Chojniki
294693102,3827184,da,Chojnik
294693179,3827185,da,Chojnata
294693256,3827186,da,Chojewo
294693333,3827187,da,Chojeniec
294693410,3827188,da,Chojeczno
294693564,3827190,da,Choja
294693641,3827191,da,Choiny
294693718,3827192,da,Choiny
294693795,3827193,da,Choiny
294694026,3827196,da,Chodywance
294694180,3827198,da,Chodow
294694257,3827199,da,Chodory
294694334,3827200,da,Chodorowka nowa
294694488,3827202,da,Chodnow
294694565,3827203,da,Chodlik
294694642,3827204,da,Chodkowo
294694719,3827205,da,Chodkowo
294694796,3827206,da,Chodkow Nowy
294694873,3827207,da,Chodkow
294695027,3827209,da,Chodel
294695104,3827210,da,Chodanie
294695181,3827211,da,Chodakowka
294695335,3827213,da,Chodaczow
294695412,3827214,da,Chocki
294695489,3827215,da,Chociwek
294695566,3827216,da,Chociw
294695643,3827217,da,Chociszewo
294695720,3827218,da,Chociszew
294695797,3827219,da,Chocimow
294695951,3827221,da,Chocholki
294696028,3827222,da,Chochlow
294696105,3827223,da,Chocen
294696182,3827224,da,Chobrzany
294696259,3827225,da,Chobotki
294696336,3827226,da,Chmiełówka
294696413,3827227,da,Chmiełówka
294696490,3827228,da,Chmielowka
294696567,3827229,da,Chmielowka
294696644,3827230,da,Chmielowice
294696721,3827231,da,Chmielow
294696798,3827232,da,Chmielew
294696875,3827233,da,Chmielow
294696952,3827234,da,Chmielow
294697029,3827235,da,Chmielow
294697106,3827236,da,Chmielow
294697183,3827237,da,Chmielonek
294697260,3827238,da,Chmielniki
294697337,3827239,da,Chmielnik
294697414,3827240,da,Chmielnik
294697491,3827241,da,Chmielnik
294697645,3827243,da,Chmielewo Wielkie
294697722,3827244,da,Chmielewo
294697799,3827245,da,Chmielewo
294697953,3827247,da,Chmielewo
294698030,3827248,da,Chmielewo
294698107,3827249,da,Chmielewo
294698184,3827250,da,Chmielewo
294698261,3827251,da,Chmielewko-Wasosze
294698338,3827252,da,Chmielewko
294698415,3827253,da,Chmielew
294698492,3827254,da,Chmielew
294698569,3827255,da,Chmiele-Pogorzele
294698646,3827256,da,Chmielen Wielki
294698723,3827257,da,Chmielek
294698800,3827258,da,Chmiel
294698877,3827259,da,Chmiel
294698954,3827260,da,Chmiel
294699031,3827261,da,Chludnie
294699108,3827262,da,Chlopkow
294699185,3827263,da,Chlopkow
294699262,3827264,da,Chlopice
294699339,3827265,da,Chopivtsi
294699416,3827266,da,Chlopia Laka
294699493,3827267,da,Chlistawy
294699570,3827268,da,Chlewiska
294699647,3827269,da,Chlewiska
294699724,3827270,da,Chlewiska
294699801,3827271,da,Chlewice
294699878,3827272,da,Chlebowo Nowe
294699955,3827273,da,Chlebnia
294700032,3827274,da,Chlebiotki
294700109,3827275,da,Chlebiotki
294700186,3827276,da,Chlebiotki
294700263,3827277,da,Chlebczyn
294700340,3827278,da,Chlaniowek
294700417,3827279,da,Chlaniow
294700494,3827280,da,Chinow Stary
294700571,3827281,da,Chinkow
294700648,3827282,da,Chilmeny
294700725,3827283,da,Chelsty
294700802,3827284,da,Chelsty
294700879,3827285,da,Chelst
294701033,3827287,da,Chelmiec
294701110,3827288,da,Chelmiec
294701187,3827289,da,Chelmce
294701264,3827290,da,Chelmce
294701418,3827292,da,Chełm
294701495,3827293,da,Chelm
294701572,3827294,da,Chelchy-Klimki
294701649,3827295,da,Chelchy Ilowe
294701726,3827296,da,Chelchy Dzierskie
294701803,3827297,da,Chelchy
294701880,3827298,da,Chelchy
294701957,3827299,da,Chelchy
294702034,3827300,da,Chelchy
294702188,3827302,da,Checiny
294702265,3827303,da,Checiny
294702342,3827304,da,Chechnowka
294702419,3827305,da,Chechły
294702573,3827307,da,Chechlowo
294702650,3827308,da,Charzyny
294702727,3827309,da,Charzowice
294702804,3827310,da,Charzewice
294702881,3827311,da,Charzewice
294703035,3827313,da,Charytany
294703112,3827314,da,Charlez
294703189,3827315,da,Charlejow
294703266,3827316,da,Charciabalda Budy
294703343,3827317,da,Charciabalda
294703420,3827318,da,Charbinowice
294703497,3827319,da,Chanie Chursy
294703574,3827320,da,Chancza
294703651,3827321,da,Chalupki Zaleskie
294703805,3827323,da,Chalupki Dusowskie
294703882,3827324,da,Chalupki Chotynieckie
294703959,3827325,da,Chalupki
294704036,3827326,da,Chalupki
294704113,3827327,da,Chalupki
294704190,3827328,da,Chalupki
294704267,3827329,da,Chalupki
294704344,3827330,da,Chalupki
294704652,3827334,da,Chalupki
294704729,3827335,da,Chalupki
294704806,3827336,da,Chajety
294704960,3827338,da,Chadzyn
294705037,3827339,da,Chadzyn
294705191,3827341,da,Chaberkowo
294705268,3827342,da,Cewkow
294705422,3827344,da,Cetula
294705499,3827345,da,Ceten
294705576,3827346,da,Cerkiewnik
294705653,3827347,da,Cergowa
294705730,3827348,da,Cerekiew
294705807,3827349,da,Cerekiew
294705884,3827350,da,Ceranow
294705961,3827351,da,Cempkowo
294706038,3827352,da,Celiny
294706269,3827355,da,Celiny
294706346,3827356,da,Celiny
294706423,3827357,da,Celinow
294706500,3827358,da,Celinow
294706654,3827360,da,Celinow
294706808,3827362,da,Celigow
294706885,3827363,da,Celestynow
294706962,3827364,da,Celestynow
294707039,3827365,da,Celejow
294707116,3827366,da,Celejow
294707270,3827368,da,Cekanow
294707501,3827371,da,Ceglow
294707578,3827372,da,Cegielnia Psucka
294707655,3827373,da,Cegielnia
294708117,3827379,da,Cedzyna
294708194,3827380,da,Cedry
294708271,3827381,da,Cedrowice
294708348,3827382,da,Cecylowka
294708502,3827384,da,Cecele
294708579,3827385,da,Ceber
294708656,3827386,da,Calowanie
294708733,3827387,da,Cacow
294708810,3827388,da,Bzury
294709041,3827391,da,Bzowiec
294709118,3827392,da,Bzowiec
294709195,3827393,da,Bzow
294709272,3827394,da,Bzite
294709349,3827395,da,Bzinek
294709503,3827397,da,Bzianka
294709580,3827398,da,Bzianka
294709734,3827400,da,Bytyn
294709811,3827401,da,Bytomsko
294709888,3827402,da,Byszyce
294709965,3827403,da,Byszow
294710042,3827404,da,Byszewo-Wygoda
294710119,3827405,da,Byszewo
294710196,3827406,da,Byszewice
294710273,3827407,da,Bystrzyca Stara
294710350,3827408,da,Bystrzyca Nowa
294710427,3827409,da,Bystrzyca
294710504,3827410,da,Bystrzyca
294710581,3827411,da,Bystrzyca
294710658,3827412,da,Bystrzyca
294710812,3827414,da,Bystrzanow
294710889,3827415,da,Bystrowice
294710966,3827416,da,Bystrojowice
294711043,3827417,da,Bystre
294711120,3827418,da,Bystre
294711351,3827421,da,Bystra
294711582,3827424,da,Byliny Stare
294711659,3827425,da,Byliny Nowe
294711736,3827426,da,Bylino
294711813,3827427,da,Bylice
294711890,3827428,da,Bykowo
294711967,3827429,da,Bykowce
294712044,3827430,da,Byki
294712198,3827432,da,Bydlowa
294712275,3827433,da,Byczow
294712352,3827434,da,Byczki
294712429,3827435,da,Byczek
294712506,3827436,da,Bychawa
294712583,3827437,da,Bychawa
294712660,3827438,da,Buzyski
294712737,3827439,da,Buzyska
294712814,3827440,da,Buzka
294713045,3827443,da,Brynzy
294713122,3827444,da,Butrymowce
294713199,3827445,da,Buszyce
294713276,3827446,da,Buszkowiczki
294713353,3827447,da,Buszkowice
294713430,3827448,da,Buszkowice
294713507,3827449,da,Buszkow
294713584,3827450,da,Busowno
294713661,3827451,da,Busno
294713738,3827452,da,Busko-Zdrój
294713892,3827454,da,Burzyn
294713969,3827455,da,Burzyn
294714046,3827456,da,Burzec
294714123,3827457,da,Burwin
294714200,3827458,da,Burszewo
294714277,3827459,da,Bursz
294714354,3827460,da,Burniszki
294714508,3827462,da,Burlaki
294714585,3827463,da,Burkaty
294714662,3827464,da,Burkat
294714739,3827465,da,Burkarty
294714893,3827467,da,Burdeniszki
294714970,3827468,da,Burchaty
294715201,3827471,da,Buradow
294715278,3827472,da,Stare Bulkowo
294715355,3827473,da,Bulkowo
294715509,3827475,da,Bulianow
294715586,3827476,da,Bulewizna
294715663,3827477,da,Bukwald
294715740,3827478,da,Bukowsko
294715817,3827479,da,Bukowski Las
294715894,3827480,da,Bukowska Wola
294715971,3827481,da,Bukowo
294716048,3827482,da,Bukowno
294716125,3827483,da,Bukownica
294716356,3827486,da,Bukowka
294716510,3827488,da,Bukowina Tatrzańska
294716587,3827489,da,Bukowina
294716664,3827490,da,Bukowina
294716741,3827491,da,Bukowina
294716818,3827492,da,Bukowiec Wielki
294716895,3827493,da,Bukowiec Wielki
294716972,3827494,da,Bukowiec Opoczynski
294717049,3827495,da,Bukowiec nad Pilica
294717203,3827497,da,Bukowiec
294717280,3827498,da,Bukowiec
294717434,3827500,da,Bukowiec
294717511,3827501,da,Bukowiec
294717742,3827504,da,Bukowiec
294717819,3827505,da,Bukowie
294717896,3827506,da,Bukowice
294717973,3827507,da,Bukowice
294718050,3827508,da,Bukowiany
294718127,3827509,da,Bukowa Wielka
294718204,3827510,da,Bukowa Mala
294718281,3827511,da,Bukowa Gora
294718358,3827512,da,Bukowa Gora
294718435,3827513,da,Bukowa
294718512,3827514,da,Bukowa
294718589,3827515,da,Bukowa
294718743,3827517,da,Bujny
294718820,3827518,da,Bujnowo
294718897,3827519,da,Bujne
294718974,3827520,da,Bujenka
294719051,3827521,da,Bujanica
294719128,3827522,da,Bujaly-Mikosze
294719205,3827523,da,Bujaly-Gniewosze
294719282,3827524,da,Bujaly
294719359,3827525,da,Bujaki
294719436,3827526,da,Bujaki
294719513,3827527,da,Bujak
294719590,3827528,da,Bugzy Ploskie
294719667,3827529,da,Bugi
294719744,3827530,da,Bugaj
294719821,3827531,da,Bugaj
294720052,3827534,da,Bugaj
294720129,3827535,da,Bugaj
294720283,3827537,da,Bugaj
294720591,3827541,da,Budynin
294720745,3827543,da,Budzyn
294720976,3827546,da,Budzyn
294721284,3827550,da,Budziszynek
294721361,3827551,da,Budziszyn
294721438,3827552,da,Budziszki
294721515,3827553,da,Budzisz
294721592,3827554,da,Budzislaw
294721669,3827555,da,Budziska
294721900,3827558,da,Budziska
294721977,3827559,da,Budziska
294722054,3827560,da,Budziska
294722131,3827561,da,Budziarze
294722208,3827562,da,Budzewo
294722285,3827563,da,Budzewko
294722439,3827565,da,Budy Zosine
294722516,3827566,da,Budy Zelazne
294722670,3827568,da,Budy Zaklasztorne
294722747,3827569,da,Budy Wolinskie
294722901,3827571,da,Budy Wielgoleskie
294722978,3827572,da,Budy Usniackie
294723055,3827573,da,Budy Sulkowskie
294723132,3827574,da,Budy-Strzyze
294723209,3827575,da,Budy-Strzybowskie
294723286,3827576,da,Budy Stawiskie
294723517,3827579,da,Stirr Budy
294723594,3827580,da,Budy Siennickie
294723671,3827581,da,Budy Rzadowe
294723748,3827582,da,Budy Rumockie
294723825,3827583,da,Budy Radzyminskie
294723902,3827584,da,Budy Przytockie
294724056,3827586,da,Budy Prywatne
294724133,3827587,da,Budy Poryckie
294724210,3827588,da,Budy Petrykoskie
294724287,3827589,da,Budy Nowe
294724518,3827592,da,Budy Mszczonowskie
294724672,3827594,da,Budy Michalowskie
294724826,3827596,da,Budy-Matusy
294724903,3827597,da,Budy Lancuckie
294724980,3827598,da,Budy Kupietynskie
294725057,3827599,da,Budy Kuminskie
294725134,3827600,da,Budy Krepskie
294725211,3827601,da,Budy Kraszewskie
294725288,3827602,da,Budy-Kozlowka
294725365,3827603,da,Budykierz
294725442,3827604,da,Budy-Kalki
294725519,3827605,da,Budy Jozefowskie
294725596,3827606,da,Budy Ilowskie
294725673,3827607,da,Budy-Grzybek
294725827,3827609,da,Budy-Grudzie
294725904,3827610,da,Budy Grabskie
294725981,3827611,da,Budy Gizynskie
294726058,3827612,da,Budy Garlinskie
294726212,3827614,da,Budy Czarnockie
294726366,3827616,da,Budy Chojnackie
294726443,3827617,da,Budy Brodzkie
294726520,3827618,da,Budy Brankowskie
294726674,3827620,da,Budy Bolewskie
294726828,3827622,da,Budy Barczackie
294726905,3827623,da,Budy Augustowskie
294726982,3827624,da,Budy
294728060,3827638,da,Budwiecie
294728137,3827639,da,Budry
294728214,3827640,da,Budomierz
294728291,3827641,da,Budno
294728445,3827643,da,Budne Sowieta
294728522,3827644,da,Budne
294728599,3827645,da,Budlewo
294728676,3827646,da,Budkowo
294728753,3827647,da,Budkow
294729061,3827651,da,Budki
294729215,3827653,da,Budki
294729600,3827658,da,Budel
294729677,3827659,da,Buda Zawidugierska
294729754,3827660,da,Buda Ruska
294729831,3827661,da,Buda
294729908,3827662,da,Buczyna
294730216,3827666,da,Buczyna
294730601,3827671,da,Buczkow
294730678,3827672,da,Buczki
294730755,3827673,da,Buczek
294730832,3827674,da,Bucze
294730909,3827675,da,Bucze
294731063,3827677,da,Bucki
294731217,3827679,da,Buchalowice
294731371,3827681,da,Bubele
294731679,3827685,da,Brzyska Wola
294731756,3827686,da,Brzyska
294731833,3827687,da,Brzyscie
294731987,3827689,da,Berezynka
294732064,3827690,da,Brzydowo
294732295,3827693,da,Brzoze
294732372,3827694,da,Brzuza
294732526,3827696,da,Brzustowiec
294732603,3827697,da,Brzustowek
294732680,3827698,da,Brzustow
294732757,3827699,da,Brzustow
294732834,3827700,da,Brzuskowola
294732911,3827701,da,Brzuska
294732988,3827702,da,Brzumin
294733065,3827703,da,Brzuchania
294733142,3827704,da,Brzozowy Kat
294733219,3827705,da,Brzozowy Kat
294733296,3827706,da,Brzozow Stary
294733450,3827708,da,Bojanowo Stare
294733527,3827709,da,Bojanowo Stare
294733604,3827710,da,Brzozowo-Panki
294733758,3827712,da,Brzozowo-Maje
294733835,3827713,da,Brzozowo-Leg
294733989,3827715,da,Brzozowo-Dabrowka
294734066,3827716,da,Brzozowo-Czary
294734143,3827717,da,Brzozowo-Chrzczony
294734220,3827718,da,Brzozowo-Antonie
294734297,3827719,da,Brzozowo
294734451,3827721,da,Brzozowo
294734528,3827722,da,Brzozowo
294734605,3827723,da,Brzozowo
294734759,3827725,da,Brzozow Nowy
294734836,3827726,da,Brzozowko
294734913,3827727,da,Brzozowka Ziemianska
294735067,3827729,da,Brzozowka Koronna
294735144,3827730,da,Brzozowka Folwarczna
294735298,3827732,da,Brzozowka
294735452,3827734,da,Brzozowka
294735529,3827735,da,Brzozowka
294735606,3827736,da,Brzozowka
294735683,3827737,da,Brzozowka
294735760,3827738,da,Brzozowka
294735837,3827739,da,Brzozowka
294735914,3827740,da,Brzozowiec
294736068,3827742,da,Brzozowiec
294736145,3827743,da,Brzozowica Mala
294736222,3827744,da,Brzozowica Duza
294736299,3827745,da,Brzozowica
294736376,3827746,da,Brzozowa Wolka
294736453,3827747,da,Brzozowa Gac
294736530,3827748,da,Brzozowa
294736684,3827750,da,Brzozowa
294736761,3827751,da,Brzozowa
294736838,3827752,da,Brzozow
294736992,3827754,da,Brzozow
294737069,3827755,da,Brzozow
294737146,3827756,da,Brzozów
294737300,3827758,da,Brzozki Male
294737454,3827760,da,Brzozka
294737531,3827761,da,Brzoza Stadnicka
294737608,3827762,da,Brzoza Krolewska
294737685,3827763,da,Brzoza
294737762,3827764,da,Brzoza
294737839,3827765,da,Brzostowo
294737916,3827766,da,Brzostowka
294737993,3827767,da,Brzostowiec
294738147,3827769,da,Brzostowa Gora
294738224,3827770,da,Brzostowa
294738301,3827771,da,Brzostkow
294738378,3827772,da,Brzostki
294738455,3827773,da,Brzostek
294738532,3827774,da,Brzezowka
294738609,3827775,da,Brzezowka
294738686,3827776,da,Brzezowka
294738840,3827778,da,Brzezowka
294739071,3827781,da,Brzezowa
294739148,3827782,da,Brzezowa
294739225,3827783,da,Brzezno Mazurskie
294739302,3827784,da,Brzezno Lynskie
294739456,3827786,da,Brzezno
294739610,3827788,da,Brzezno
294739687,3827789,da,Brzezno
294739764,3827790,da,Brzeznik
294739918,3827792,da,Brzeznica Lesna
294739995,3827793,da,Brzeznica Ksiazeca
294740072,3827794,da,Brzeznica Bychawska
294740149,3827795,da,Brzeznica
294740226,3827796,da,Brzeznica
294740303,3827797,da,Brzeznica
294740380,3827798,da,Brzeznica
294740457,3827799,da,Brzeznica
294740534,3827800,da,Brzeznica
294740611,3827801,da,Brzezna
294740842,3827804,da,Brzeziny
294740996,3827806,da,Brzeziny
294741073,3827807,da,Brzeziny
294741150,3827808,da,Brzeziny
294741381,3827811,da,Brzeziny
294741458,3827812,da,Brzeziny
294741535,3827813,da,Brzeziny
294741612,3827814,da,Brzeziny
294741689,3827815,da,Brzeziny
294741766,3827816,da,Brzeziny
294741920,3827818,da,Brzeziny
294742074,3827820,da,Brzezinki Stare
294742151,3827821,da,Brzezinki Nowe
294742305,3827823,da,Brzezinki
294742382,3827824,da,Brzezinki
294742459,3827825,da,Brzezinki
294742690,3827828,da,Brzezina
294742844,3827830,da,Brzezienko
294743152,3827834,da,Brzezie
294743229,3827835,da,Brzezice
294743306,3827836,da,Brzezce
294743383,3827837,da,Brzezawa
294743460,3827838,da,Brzezanka
294743537,3827839,da,Brzesko
294743614,3827840,da,Brzeski-Kolaki
294743691,3827841,da,Brzeski
294743768,3827842,da,Brzeska Wola
294743845,3827843,da,Brzescie
294744230,3827848,da,Brzesce
294744461,3827851,da,Brzegi Dolne
294744538,3827852,da,Brzegi
294744615,3827853,da,Brzegi
294744692,3827854,da,Brzegi
294744846,3827856,da,Brzegi
294744923,3827857,da,Brzeg
294745077,3827859,da,Brzechow
294745154,3827860,da,Brzana
294745231,3827861,da,Brzaczowice
294745308,3827862,da,Bryzgow
294745385,3827863,da,Bryzgiel
294745462,3827864,da,Bryzdzyn
294745539,3827865,da,Brynica Sucha
294745616,3827866,da,Brynica Mokra
294745693,3827867,da,Brynica
294745847,3827869,da,Brylince
294745924,3827870,da,Bykiv
294746155,3827873,da,Brygidow
294746232,3827874,da,Brychy
294746309,3827875,da,Brwinów
294746463,3827877,da,Bruszewo
294746540,3827878,da,Nowy Brus
294746617,3827879,da,Brusow
294746771,3827881,da,Nowe Brusno
294746848,3827882,da,Brusno
294746925,3827883,da,Brusnik
294747002,3827884,da,Stary Brus
294747079,3827885,da,Brus
294747156,3827886,da,Brunary
294747233,3827887,da,Bruliny
294747310,3827888,da,Brulino-Lipskie
294747464,3827890,da,Brulin
294747541,3827891,da,Brukowo
294747618,3827892,da,Brudzow
294747695,3827893,da,Brudzewice
294747772,3827894,da,Brudnow
294747849,3827895,da,Brudno
294747926,3827896,da,Brudki Stare
294748003,3827897,da,Brudki Nowe
294748234,3827900,da,Brozowka
294748465,3827903,da,Browina
294748542,3827904,da,Broszkow
294748619,3827905,da,Bronowo Plewnik
294748696,3827906,da,Bronowo
294748773,3827907,da,Bronowice
294748850,3827908,da,Bronow
294748927,3827909,da,Bronow
294749004,3827910,da,Bronocice
294749081,3827911,da,Bronkowice
294749158,3827912,da,Bronytsia
294749235,3827913,da,Broniszowice
294749312,3827914,da,Broniszow
294749389,3827915,da,Broniszow
294749466,3827916,da,Broniszewo
294749543,3827917,da,Broniszew
294749620,3827918,da,Bronisze
294749697,3827919,da,Bronislawy
294749774,3827920,da,Bronislawow
294749851,3827921,da,Bronislawow
294750236,3827926,da,Bronislawow
294750313,3827927,da,Bronislawow
294750390,3827928,da,Bronislawka
294750544,3827930,da,Broniow
294750621,3827931,da,Bronina
294750775,3827933,da,Bronikowo
294750852,3827934,da,Broniewice
294750929,3827935,da,Bronice
294751083,3827937,da,Bronczyce
294751160,3827938,da,Bronczany
294751237,3827939,da,Bronaki-Pietrasze
294751314,3827940,da,Bronaki-Olki
294751391,3827941,da,Bromierzyk
294751468,3827942,da,Bromierz
294751545,3827943,da,Brok
294751622,3827944,da,Brok
294751699,3827945,da,Brogowa
294751776,3827946,da,Brodziecin
294751853,3827947,da,Brodziaki
294751930,3827948,da,Brody Mlockie
294752007,3827949,da,Brody Male
294752084,3827950,da,Brody Male
294752161,3827951,da,Brody Duze
294752238,3827952,da,Brody Duze
294752392,3827954,da,Hannivka
294752469,3827955,da,Hannivka
294752546,3827956,da,Hannivka
294752623,3827957,da,Hannivka
294752700,3827958,da,Hannivka
294752777,3827959,da,Hannivka
294752931,3827961,da,Brodowo-Baboly
294753008,3827962,da,Brodowo
294753085,3827963,da,Brodowo
294753162,3827964,da,Brodowo
294753239,3827965,da,Brodowe Laki
294753470,3827968,da,Brodki
294753547,3827969,da,Brodacze
294753624,3827970,da,Brod
294753778,3827972,da,Brochow
294753855,3827973,da,Brnik
294754009,3827975,da,Bren Osuchowski
294754086,3827976,da,Brenica
294754163,3827977,da,Bren
294754240,3827978,da,Brelikow
294754394,3827980,da,Brejdyny
294754471,3827981,da,Breginie
294754548,3827982,da,Bredynki
294754625,3827983,da,Bratucice
294754779,3827985,da,Bratkowka
294754856,3827986,da,Bratkowice
294754933,3827987,da,Bratkow
294755087,3827989,da,Braswald
294755395,3827993,da,Branszczyk
294755472,3827994,da,Brańsk
294755549,3827995,da,Brankow
294755780,3827998,da,Branica Suchowolska
294755857,3827999,da,Branica Mala
294756011,3828001,da,Branew Szlachecka
294756088,3828002,da,Branew Szlachecka
294756165,3828003,da,Branewka
294756242,3828004,da,Brandwica
294756319,3828005,da,Bi'r `Amir
294756396,3828006,da,Bramka
294756473,3828007,da,Brajniki
294756550,3828008,da,Braciejowice
294756627,3828009,da,Braciejowa
294756704,3828010,da,Bozy Dar
294756858,3828012,da,Bozydar
294756935,3828013,da,Bozowka
294757012,3828014,da,Bozniewice
294757089,3828015,da,Bozenica
294757243,3828017,da,Boze
294757320,3828018,da,Boza Wola
294757397,3828019,da,Boza Wola
294757474,3828020,da,Boza Wola
294757551,3828021,da,Boza Wola
294757628,3828022,da,Botowo
294757705,3828023,da,Botkuny
294757782,3828024,da,Boszczynek
294757859,3828025,da,Bosutow
294758013,3828027,da,Bosse
294758090,3828028,da,Bosowice
294758244,3828030,da,Boska Wola
294758475,3828033,da,Borzymy
294758552,3828034,da,Borzymy
294758629,3828035,da,Borzymy
294758706,3828036,da,Borzymow
294758783,3828037,da,Borzykowa
294758860,3828038,da,Borzychy
294759014,3828040,da,Borzejewo Stare
294759091,3828041,da,Borzejewo Stare
294759399,3828045,da,Borzecin
294759476,3828046,da,Borzechow
294759630,3828048,da,Boryszew
294759707,3828049,da,Boryszew
294759784,3828050,da,Borysowszczyzna
294759938,3828052,da,Borysowka
294760169,3828055,da,Borysow
294760323,3828057,da,Boryslaw
294760400,3828058,da,Borysik
294760554,3828060,da,Borychow
294760708,3828062,da,Boruty
294760862,3828064,da,Borusowa
294760939,3828065,da,Borucza
294761016,3828066,da,Borucicha
294761093,3828067,da,Bortatycze
294761247,3828069,da,Borszowice
294761324,3828070,da,Borszowice
294761401,3828071,da,Borsukowka
294761478,3828072,da,Borsuki
294761709,3828075,da,Borsuk
294761863,3828077,da,Borowskie Zaki
294762017,3828079,da,Borowskie Michaly
294762094,3828080,da,Borowskie Gziki
294762171,3828081,da,Borowskie Cibory
294762248,3828082,da,Borowo
294762556,3828086,da,Borownica
294762633,3828087,da,Borownica
294762710,3828088,da,Borownia
294762787,3828089,da,Borowna
294762864,3828090,da,Borowki
294763018,3828092,da,Borowiny
294763326,3828096,da,Borowina
294763634,3828100,da,Borowiki
294763788,3828102,da,Borowiec
294764250,3828108,da,Borowie
294764327,3828109,da,Borowica
294764404,3828110,da,Borowek
294764481,3828111,da,Borowek
294764635,3828113,da,Borowe
294764712,3828114,da,Borowe
294765020,3828118,da,Borowce
294765097,3828119,da,Borowa Wola
294765174,3828120,da,Borowa Gora
294765328,3828122,da,Borowa Gora
294765405,3828123,da,Borowa Gora
294765482,3828124,da,Borowa
294765713,3828127,da,Borowa
294765867,3828129,da,Borowa
294766175,3828133,da,Borow
294766252,3828134,da,Boronice
294766406,3828136,da,Boriatyn
294766560,3828138,da,Bor Kunowski
294766637,3828139,da,Borkowszczyzna
294766714,3828140,da,Borkowo-Falenta
294766868,3828142,da,Borkowo
294766945,3828143,da,Borkowo
294767022,3828144,da,Borkowizna
294767176,3828146,da,Borkowiny
294767253,3828147,da,Borkowice
294767330,3828148,da,Borkow
294767407,3828149,da,Borkow
294767484,3828150,da,Borkow
294767638,3828152,da,Borki-Wyrki
294767715,3828153,da,Borki Wielkie
294767792,3828154,da,Borki Wielbarskie
294767869,3828155,da,Borki-Soldy
294767946,3828156,da,Borki Rozowskie
294768023,3828157,da,Borki-Paduchy
294768100,3828158,da,Borki Nizinskie
294769178,3828172,da,Borki
294769255,3828173,da,Borki
294769409,3828175,da,Borki
294769563,3828177,da,Borki
294769948,3828182,da,Borki
294770025,3828183,da,Borki
294770333,3828187,da,Borki
294770564,3828190,da,Boria
294770795,3828193,da,Borek Stary
294770949,3828195,da,Borek Maly
294771334,3828200,da,Borek
294771488,3828202,da,Borek
294771950,3828208,da,Borek
294772104,3828210,da,Boreczek
294772181,3828211,da,Bordziłowka Stara
294772258,3828212,da,Bordziłowka Nowa
294772335,3828213,da,Bordzilowka Nowa
294772412,3828214,da,Borczyn
294772489,3828215,da,Borcuchy
294772566,3828216,da,Borchow
294772643,3828217,da,Borawskie mand
294772720,3828218,da,Borawskie-Awissa
294772797,3828219,da,Borawskie
294773028,3828222,da,Boratynszczyzna
294773105,3828223,da,Boratyniec Ruski
294773182,3828224,da,Boratyniec Lacki
294773259,3828225,da,Boratyn
294773336,3828226,da,Bor
294773413,3828227,da,Bor
294773567,3828229,da,Bonow
294773644,3828230,da,Bononia
294773721,3828231,da,Bonkowo-Podlesne
294773798,3828232,da,Bonkowo Koscielne
294773875,3828233,da,Bonin
294773952,3828234,da,Bondziszki
294774029,3828235,da,Bondaruz
294774106,3828236,da,Bondary
294774183,3828237,da,Boncza
294774260,3828238,da,Boncza
294774337,3828239,da,Bonarowka
294774414,3828240,da,Bombla
294774568,3828242,da,Bolow
294774645,3828243,da,Bolmin
294774799,3828245,da,Bolimowska Wies
294774876,3828246,da,Bolimow
294774953,3828247,da,Oleshyn
294775030,3828248,da,Bolesty
294775261,3828251,da,Bolestraszyce
294775338,3828252,da,Boleslaw
294775415,3828253,da,Boleslavchyk
294775492,3828254,da,Bolejny
294775646,3828256,da,Bolechowice
294775723,3828257,da,Bolcie
294775800,3828258,da,Boksze Nowe
294775877,3828259,da,Boksyce
294775954,3828260,da,Boksyce
294776031,3828261,da,Boksyce
294776108,3828262,da,Bokow
294776185,3828263,da,Bokiny
294776262,3828264,da,Bokinka Panska
294776339,3828265,da,Bokinka Krolewska
294776416,3828266,da,Bokinia
294776493,3828267,da,Bojmie
294776570,3828268,da,Bojki
294776647,3828269,da,Bojewo
294776724,3828270,da,Bojary
294776801,3828271,da,Bojary
294777032,3828274,da,Bojany
294777186,3828276,da,Bojanowo
294777263,3828277,da,Bojanowka
294777340,3828278,da,Bojanow
294777417,3828279,da,Bojanczyce
294777494,3828280,da,Boiska Stare
294777571,3828281,da,Boiska
294777725,3828283,da,Bohutyn
294777879,3828285,da,Boncuklu
294777956,3828286,da,Bohoniki
294778033,3828287,da,Bohdan
294778187,3828289,da,Boguty-Zurawie
294778264,3828290,da,Boguty-Pianki
294778341,3828291,da,Boguszyn
294778418,3828292,da,Boguszyce
294778572,3828294,da,Boguszowka
294778649,3828295,da,Boguszowka
294778726,3828296,da,Boguszkow
294778803,3828297,da,Boguszki
294778880,3828298,da,Bogusze Stare
294778957,3828299,da,Bogusze Stare
294779034,3828300,da,Bogusze-Litewka
294779111,3828301,da,Bogusze
294779265,3828303,da,Bogusza
294779342,3828304,da,Boguslawy
294779419,3828305,da,Boguslawki Male
294779496,3828306,da,Boguslawki Duze
294779727,3828309,da,Boguslaw
294779804,3828310,da,Bogurzynek
294779881,3828311,da,Bogurzyn
294779958,3828312,da,Bogumily
294780035,3828313,da,Bogumilowice
294780112,3828314,da,Bogucin
294780343,3828317,da,Bogucin
294780420,3828318,da,Bogucice
294780497,3828319,da,Bogucice
294780574,3828320,da,Boguchwaly
294780651,3828321,da,Boguchwała
294780728,3828322,da,Bogoryja
294780805,3828323,da,Bogoria
294780882,3828324,da,Bogoria
294780959,3828325,da,Boglewska Wola
294781036,3828326,da,Boglewska Wola
294781113,3828327,da,Boglewice
294781190,3828328,da,Bogdany Wielkie
294781344,3828330,da,Bogdany
294781421,3828331,da,Bogdanki
294781498,3828332,da,Bogdanka
294781575,3828333,da,Bogatynskie
294781652,3828334,da,Bogatki
294781729,3828335,da,Bogate
294781806,3828336,da,Bogaczewo
294781883,3828337,da,Bogacko
294781960,3828338,da,Bodzew
294782037,3828339,da,Bodzentyn
294782114,3828340,da,Bodzechow
294782191,3828341,da,Bodzanow
294782268,3828342,da,Bodzanow
294782345,3828343,da,Boduszow
294782422,3828344,da,Bodaki
294782499,3828345,da,Bodaki
294782576,3828346,da,Bodaczow
294782653,3828347,da,Bodaczki
294782730,3828348,da,Boczow
294782884,3828350,da,Boczkowice
294782961,3828351,da,Boczkowice
294783038,3828352,da,Boczki-Swidrowo
294783115,3828353,da,Boczki
294783192,3828354,da,Bocwinka
294783269,3828355,da,Bocwinka
294783423,3828357,da,Bochkivtsi
294783577,3828359,da,Bochotnica
294783731,3828361,da,Bochnia
294783808,3828362,da,Bocheniec
294783885,3828363,da,Bochanowa
294784039,3828365,da,Boby-Ksieze
294784116,3828366,da,Bobryk
294784347,3828369,da,Bobrza
294784501,3828371,da,Bobry
294784578,3828372,da,Bobrowo
294784655,3828373,da,Bobrowniki Wielkie
294784732,3828374,da,Bobrowniki Male
294784809,3828375,da,Bobrowniki
294784886,3828376,da,Bobrowniki
294784963,3828377,da,Bobrowniki
294785040,3828378,da,Bobrowniki
294785117,3828379,da,Bobrowniki
294785194,3828380,da,Bobrownik
294785271,3828381,da,Bobrowka
294785348,3828382,da,Bobrowka
294785425,3828383,da,Bobrowka
294785502,3828384,da,Bobrowisko
294785579,3828385,da,Bobrowiec
294785656,3828386,da,Bobrowiec
294785733,3828387,da,Bobrowe
294785810,3828388,da,Bobrowce
294785887,3828389,da,Bobrowa
294785964,3828390,da,Bobrowa
294786041,3828391,da,Bobrka Kanczucka
294786118,3828392,da,Bobrka
294786195,3828393,da,Bobrka
294786272,3828394,da,Bobrek
294786503,3828397,da,Bobowiska
294786580,3828398,da,Bobowa
294786657,3828399,da,Bobliwo
294786965,3828403,da,Bobin
294787042,3828404,da,Bobin
294787119,3828405,da,Blazkow
294787273,3828407,da,Bludzie Male
294787427,3828409,da,Bloto
294787504,3828410,da,Blotnowola
294787581,3828411,da,Stara Blotnica
294787658,3828412,da,Blotnica
294787812,3828414,da,Blotki
294787889,3828415,da,Blota
294788043,3828417,da,Blonie Male
294788120,3828418,da,Blonie Duze
294788274,3828420,da,Błonie
294788351,3828421,da,Blonie
294788505,3828423,da,Blonie
294788659,3828425,da,Blonie
294788736,3828426,da,Blonie
294788813,3828427,da,Blomino-Jeze
294789044,3828430,da,Blogoszow
294789121,3828431,da,Blogoszewo
294789198,3828432,da,Blogoszcz
294789275,3828433,da,Blogocice
294789352,3828434,da,Blochy
294789429,3828435,da,Lizynka
294789506,3828436,da,Bliżów
294789583,3828437,da,Blizocin
294789660,3828438,da,Blizhnye
294789737,3828439,da,Blizna
294789814,3828440,da,Blizna
294789891,3828441,da,Blizianka
294789968,3828442,da,Bliskowice
294790122,3828444,da,Blichowo
294790199,3828445,da,Bleszno
294790276,3828446,da,Bledziszki
294790430,3828448,da,Bledowo
294790738,3828452,da,Bledowko
294790815,3828453,da,Bledowa Zglobienska
294790892,3828454,da,Bledowa Tyczynska
294790969,3828455,da,Bledow
294791046,3828456,da,Bledow
294791123,3828457,da,Bledostowo
294791200,3828458,da,Blednica
294791277,3828459,da,Blenda
294791354,3828460,da,Blechnarka
294791431,3828461,da,Blazowa
294791585,3828463,da,Blazek
294791662,3828464,da,Blazejki
294791739,3828465,da,Blazejewice
294791893,3828467,da,Blazkowa
294791970,3828468,da,Blaszkow
294792047,3828469,da,Blaskowizna
294792124,3828470,da,Blanki
294792201,3828471,da,Blakaly
294792355,3828473,da,Biorkow Wielki
294792432,3828474,da,Biorkow Maly
294792509,3828475,da,Bity Kamien
294792586,3828476,da,Bitkowo
294792740,3828478,da,Bisztynek
294792817,3828479,da,Biszewo
294792894,3828480,da,Biszcza
294792971,3828481,da,Bistuszowa
294793048,3828482,da,Biskupiec
294793125,3828483,da,Biskupie
294793202,3828484,da,Biskupice Radlowskie
294793279,3828485,da,Biskupice Lubelskie
294793356,3828486,da,Biskupice Lubelskie
294793433,3828487,da,Biskupice
294793587,3828489,da,Biskupice
294793664,3828490,da,Biskupice
294793741,3828491,da,Biskupice
294793818,3828492,da,Biskupice
294793895,3828493,da,Biskupice
294793972,3828494,da,Biskupice
294794126,3828496,da,Stara Bircza
294794203,3828497,da,Bircza
294794280,3828498,da,Binkowice
294794357,3828499,da,Biniatki
294794511,3828501,da,Binduzka
294794588,3828502,da,Binduga
294794665,3828503,da,Binduga
294794742,3828504,da,Binczarowa
294794819,3828505,da,Binczarowa
294794896,3828506,da,Bilwiny
294794973,3828507,da,Bilwiny
294795050,3828508,da,Bilwiny
294795127,3828509,da,Bilwinowo
294795204,3828510,da,Bilsko
294795281,3828511,da,Biłgoraj
294795358,3828512,da,Bilczyce
294795435,3828513,da,Bilczow
294795512,3828514,da,Bilcza
294795589,3828515,da,Bilcza
294795666,3828516,da,Bikowek
294795743,3828517,da,Bihale
294795820,3828518,da,Biezdziedza
294795897,3828519,da,Biezdziadka
294795974,3828520,da,Biezany
294796051,3828521,da,Bieszkow
294796128,3828522,da,Biesowo
294796205,3828523,da,Biesowko
294796282,3828524,da,Biesnik
294796436,3828526,da,Biesna
294796513,3828527,da,Biesiadki
294796667,3828529,da,Biesiadki
294796821,3828531,da,Biesal
294797052,3828534,da,Bierwiecka Wola
294797129,3828535,da,Bierwce
294797206,3828536,da,Bierowka
294797283,3828537,da,Bierniki
294797360,3828538,da,Biernik
294797514,3828540,da,Biernaty Srednie
294797591,3828541,da,Biernaty
294797668,3828542,da,Biernatki
294797745,3828543,da,Bierdziez
294797822,3828544,da,Bienkowo
294797899,3828545,da,Bienkowice
294797976,3828546,da,Bienkowice
294798130,3828548,da,Bienki-Karkuty
294798361,3828551,da,Bieniowce
294798438,3828552,da,Bieniewo
294798515,3828553,da,Bieniewice
294798592,3828554,da,Bieniewiec
294798669,3828555,da,Bieniedzice
294798746,3828556,da,Bienie
294798900,3828558,da,Bieniaszowice
294798977,3828559,da,Bieniasze
294799054,3828560,da,Bienduszka
294799131,3828561,da,Bienczyce
294799208,3828562,da,Bien
294799285,3828563,da,Bielsk Podlaski
294799362,3828564,da,Bielsko
294799439,3828565,da,Bielskie
294799516,3828566,da,Bielowy
294799593,3828567,da,Bielowice
294799824,3828570,da,Bieliny Poduchowne
294799901,3828571,da,Bieliny
294799978,3828572,da,Bieliny
294800055,3828573,da,Bieliny
294800286,3828576,da,Bieliny
294800363,3828577,da,Bielino
294800440,3828578,da,Bieliniec
294800517,3828579,da,Belina
294800825,3828583,da,Bielicha
294800979,3828585,da,Bielice
294801133,3828587,da,Bielewicze
294801210,3828588,da,Bieleckie Mlyny
294801287,3828589,da,Bielecha
294801364,3828590,da,Biele
294801441,3828591,da,Biele
294801595,3828593,da,Bielcza
294801672,3828594,da,Bielawy
294801903,3828597,da,Bielawa
294801980,3828598,da,Bielany
294802211,3828601,da,Bielany
294802673,3828607,da,Bielanka
294802750,3828608,da,Bielakowo
294802827,3828609,da,Biel
294802904,3828610,da,Biejkowska Wola
294802981,3828611,da,Biejkow
294803058,3828612,da,Biegonity
294803135,3828613,da,Bieganow
294803212,3828614,da,Biedrzykowice
294803289,3828615,da,Biedrzychow
294803366,3828616,da,Biedrzyce-Stara Wies
294803443,3828617,da,Biedrzyce-Kozieglowy
294803520,3828618,da,Biodry
294803597,3828619,da,Biedaszki
294803674,3828620,da,Biedaczow
294803751,3828621,da,Biedaczow
294803828,3828622,da,Biecz
294803905,3828623,da,Biechow
294803982,3828624,da,Biechow
294804059,3828625,da,Al Bidi
294804367,3828629,da,Bibiampol
294804444,3828630,da,Bijvard
294804521,3828631,da,Białystok
294804598,3828632,da,Bialystoczek
294804675,3828633,da,Bialynin-Podbor
294804829,3828635,da,Bialynin
294805060,3828638,da,Bialy Lug
294805214,3828640,da,Bialy Dunajec
294805291,3828641,da,Bialy Bor
294805368,3828642,da,Bialitet
294805522,3828644,da,Bialusny Lasek
294805599,3828645,da,Bialowola
294805676,3828646,da,Bialowody
294805753,3828647,da,Bialowoda
294805984,3828650,da,Bialowieza
294806061,3828651,da,Bialowieza
294806138,3828652,da,Bialowiersnie
294806215,3828653,da,Bialousy
294806292,3828654,da,Bialosuknia
294806446,3828656,da,Bialoskory
294806523,3828657,da,Bialorzeczka
294806600,3828658,da,Bialopole
294806677,3828659,da,Bialoleka
294806754,3828660,da,Bialojany
294806831,3828661,da,Bialogrady
294806908,3828662,da,Bialogory
294806985,3828663,da,Bialogorne
294807062,3828664,da,Bialogorce
294807216,3828666,da,Bialobrzegi
294807370,3828668,da,Bialobrzegi
294807447,3828669,da,Białobrzegi
294807678,3828672,da,Bialobrzegi
294807832,3828674,da,Bialobrzegi
294807909,3828675,da,Bialobrzegi
294808063,3828677,da,Bialobrzeg Dalszy
294808140,3828678,da,Bialobrzeg Blizszy
294808217,3828679,da,Bialoborze
294808294,3828680,da,Bialoboki
294808371,3828681,da,Bialobiel
294808602,3828684,da,Bialki Gorne
294808679,3828685,da,Bialki Dolne
294808756,3828686,da,Bialki
294809141,3828691,da,Bialka
294809218,3828692,da,Bialka
294809295,3828693,da,Bialka
294809372,3828694,da,Bialka
294809449,3828695,da,Bialka Tatrzanska
294809526,3828696,da,Bialiki
294809603,3828697,da,Bialorogi
294809757,3828699,da,Biale Jeziorki
294809911,3828701,da,Bialoblota
294809988,3828702,da,Biale
294810219,3828705,da,Bialczyn
294810373,3828707,da,Biala Woda
294810527,3828709,da,Biala Wies
294810604,3828710,da,Bialaszewo
294810681,3828711,da,Baluga Trnavska
294810758,3828712,da,Biała Podlaska
294810835,3828713,da,Biala Piska
294810912,3828714,da,Biala Olecka
294810989,3828715,da,Biala Nizna
294811143,3828717,da,Bialaczow
294811374,3828720,da,Biala
294811528,3828722,da,Biadoliny Szlacheckie
294811605,3828723,da,Biadoliny Radlowskie
294811682,3828724,da,Biadaczka
294811759,3828725,da,Bezwola
294811836,3828726,da,Beznik
294811913,3828727,da,Bezmiechowa Gorna
294811990,3828728,da,Bezmiechowa Dolna
294812067,3828729,da,Bezledy
294812144,3828730,da,Bezlawki
294812221,3828731,da,Bezek
294812375,3828733,da,Beszyce
294812452,3828734,da,Beszowa
294812529,3828735,da,Bestwiny
294812606,3828736,da,Bessow
294812683,3828737,da,Besko
294812760,3828738,da,Berzniki
294812914,3828740,da,Bernow
294813145,3828743,da,Berezyszcze
294813222,3828744,da,Berezowka
294813453,3828747,da,Bereznica Wyzna
294813607,3828749,da,Bereznica
294813761,3828751,da,Berezka
294813838,3828752,da,Bereza
294813915,3828753,da,Berest
294813992,3828754,da,Berezka
294814069,3828755,da,Beresc
294814146,3828756,da,Berehy Gorne
294814223,3828757,da,Berehy Gorne
294814762,3828764,da,Beniaminow
294814839,3828765,da,Benenard
294814916,3828766,da,Bemowo Piskie
294815070,3828768,da,Bełżyce
294815147,3828769,da,Belzow
294815224,3828770,da,Belwin
294815301,3828771,da,Belsk Maly
294815378,3828772,da,Belsk Duzy
294815455,3828773,da,Belno
294815532,3828774,da,Belno
294815609,3828775,da,Belk
294815686,3828776,da,Pobednoye
294815763,3828777,da,Belda
294815840,3828778,da,Belczac
294815994,3828780,da,Belchowka
294816071,3828781,da,Belchow
294816148,3828782,da,Bekiesza
294816225,3828783,da,Bejsce
294816302,3828784,da,Bejdy
294816456,3828786,da,Begno
294816533,3828787,da,Bedzieszyna
294816610,3828788,da,Bedziszewo
294816687,3828789,da,Bedzienica
294816764,3828790,da,Bedziemysl
294816841,3828791,da,Bedziaki
294816918,3828792,da,Bednarzowka
294816995,3828793,da,Bednarze
294817072,3828794,da,Bednary
294817149,3828795,da,Bednary
294817226,3828796,da,Bednarka
294817303,3828797,da,Bedlno
294817380,3828798,da,Bedlno
294817457,3828799,da,Bedlenko
294817534,3828800,da,Beczyn
294817611,3828801,da,Beczkow
294817688,3828802,da,Beckowo
294817765,3828803,da,Becejly
294817842,3828804,da,Bebnowo
294817919,3828805,da,Bebnow
294817996,3828806,da,Babynychi
294818073,3828807,da,Bazylow
294818150,3828808,da,Bazow
294818227,3828809,da,Bazanów Nowy
294818304,3828810,da,Bazanow Nowy
294818381,3828811,da,Bazanowka
294818458,3828812,da,Batycze
294818535,3828813,da,Batowice
294818612,3828814,da,Batorz
294818689,3828815,da,Baszowice
294818766,3828816,da,Basznia Gorna
294818843,3828817,da,Basznia Dolna
294818920,3828818,da,Baszki
294818997,3828819,da,Basonia
294819074,3828820,da,Basinow
294819151,3828821,da,Basinow
294819305,3828823,da,Barzykowo
294819459,3828825,da,Barycz Nowa
294819536,3828826,da,Baryczka
294819613,3828827,da,Baryczka
294819690,3828828,da,Barycz
294819767,3828829,da,Barycz
294819921,3828831,da,Barycz
294819998,3828832,da,Barycz
294820152,3828834,da,Barwinek
294820229,3828835,da,Barwinek
294820306,3828836,da,Barwiki
294820460,3828838,da,Bartoszyce
294820537,3828839,da,Bartoszowka
294820614,3828840,da,Bartoszowka
294820691,3828841,da,Bartoszowiny
294820768,3828842,da,Bartoszki
294820845,3828843,da,Bartosze
294820922,3828844,da,Bartolty Wielkie
294820999,3828845,da,Bartolty Male
294821076,3828846,da,Bartoldy
294821153,3828847,da,Bartodzieje
294821307,3828849,da,Bartodzieje
294821384,3828850,da,Bartodzieje
294821461,3828851,da,Bartniki
294821538,3828852,da,Bartniki
294821615,3828853,da,Bartniki
294821692,3828854,da,Bartniki
294821769,3828855,da,Bartne
294821923,3828857,da,Bartlomiejowice
294822154,3828860,da,Bartkowa-Posadowa
294822231,3828861,da,Bartkow
294822385,3828863,da,Bartki
294822462,3828864,da,Bartki
294822539,3828865,da,Bartazek
294822616,3828866,da,Bartag
294822693,3828867,da,Barszczowka
294822770,3828868,da,Barszczowa Gora
294822847,3828869,da,Barszczewo
294822924,3828870,da,Barszcze
294823078,3828872,da,Barlogi
294823155,3828873,da,Barkowo
294823232,3828874,da,Barglow Koscielny
294823309,3828875,da,Barglowka
294823386,3828876,da,Barglow Dworny
294823463,3828877,da,Bardzice
294823540,3828878,da,Bardo
294823617,3828879,da,Barczkow
294823694,3828880,da,Barczewo
294823771,3828881,da,Barczewko
294823848,3828882,da,Barczaca
294823925,3828883,da,Barcza
294824002,3828884,da,Barcikowo
294824156,3828886,da,Barcice
294824310,3828888,da,Barcice
294824387,3828889,da,Barchany
294824464,3828890,da,Barchow
294824541,3828891,da,Barchaczow
294824618,3828892,da,Barce
294824695,3828893,da,Barbarowka
294824772,3828894,da,Barany
294824849,3828895,da,Barany
294824926,3828896,da,Barany
294825080,3828898,da,Baranow Sandomierski
294825157,3828899,da,Baranowo
294825234,3828900,da,Baranowo
294825311,3828901,da,Baranowo
294825388,3828902,da,Baranowo
294825465,3828903,da,Baranowka
294825619,3828905,da,Barnowiec
294825773,3828907,da,Baranowek
294825850,3828908,da,Baranow
294825927,3828909,da,Baranow
294826312,3828914,da,Baranow
294826389,3828915,da,Baranki
294826466,3828916,da,Baranica
294826620,3828918,da,Baran
294826697,3828919,da,Baraki
294826928,3828922,da,Barak
294827005,3828923,da,Barak
294827236,3828926,da,Bankowszczyzna
294827313,3828927,da,Banki
294827390,3828928,da,Baniocha
294827467,3828929,da,Banie Mazurskie
294827544,3828930,da,Banica
294827621,3828931,da,Banica
294827775,3828933,da,Bandysie
294827852,3828934,da,Bandrow Narodowy
294827929,3828935,da,Banachy
294828160,3828938,da,Balupiany
294828237,3828939,da,Balucianka
294828314,3828940,da,Baltow
294828391,3828941,da,Baltow
294828468,3828942,da,Balnica
294828545,3828943,da,Balinka
294828699,3828945,da,Baligrod
294828776,3828946,da,Balice
294828853,3828947,da,balle
294828930,3828948,da,Baldzki Piec
294829084,3828950,da,Balcerow
294829161,3828951,da,Balbinow
294829238,3828952,da,Balamutowo
294829315,3828953,da,Balaje
294829469,3828955,da,Bakula
294829546,3828956,da,Bakowiec
294829700,3828958,da,Bakowa
294829854,3828960,da,Bakow
294830085,3828963,da,Bakaniuk
294830162,3828964,da,Bakalarzewo
294830239,3828965,da,Bajtkowo
294830316,3828966,da,Bajory Wielkie
294830470,3828968,da,Bajki-Zalesie
294830624,3828970,da,Bajdyty
294830701,3828971,da,Bajdy
294830855,3828973,da,Bagny
294831009,3828975,da,Bagno
294831086,3828976,da,Bagno
294831240,3828978,da,Baginskie
294831394,3828980,da,Baginskie
294831548,3828982,da,Bagienice Male
294831625,3828983,da,Bagienice Male
294831702,3828984,da,Bagienice Duze
294831779,3828985,da,Bagienice
294831933,3828987,da,Bagienice
294832164,3828990,da,Badze
294832241,3828991,da,Badrzychowice
294832318,3828992,da,Badow Gorny
294832395,3828993,da,Badle
294832549,3828995,da,Badkow
294832626,3828996,da,Baczyna
294832703,3828997,da,Baczkow
294832780,3828998,da,Baczkow
294833011,3829001,da,Baczki
294833088,3829002,da,Baczki
294833319,3829005,da,Bacze Suche
294833396,3829006,da,Bacze Mokre
294833473,3829007,da,Bacze
294833550,3829008,da,Baczalka
294833627,3829009,da,Baczal Gorny
294833704,3829010,da,Baczal Dolny
294833858,3829012,da,Backowice
294833935,3829013,da,Baciuty
294834012,3829014,da,Baciki Srednie
294834089,3829015,da,Baciki Dalsze
294834166,3829016,da,Baciki Blizsze
294834320,3829018,da,Bachus
294834397,3829019,da,Bachury
294834474,3829020,da,Bachow
294834551,3829021,da,Bachorzec
294834628,3829022,da,Bachorza
294834705,3829023,da,Bachorz
294834859,3829025,da,Bachmatowka
294834936,3829026,da,Bachlawa
294835013,3829027,da,Bachanowo
294835090,3829028,da,Baby
294835167,3829029,da,Babule
294835244,3829030,da,Babskie Budy
294835321,3829031,da,Babsk
294835398,3829032,da,Babrosty
294835475,3829033,da,Baboszewo
294835629,3829035,da,Babki Oleckie
294835706,3829036,da,Babki Gaseckie
294835783,3829037,da,Babki
294835860,3829038,da,Babino
294835937,3829039,da,Babin
294836014,3829040,da,Babin
294836091,3829041,da,Bambilor
294836168,3829042,da,Babiki
294836322,3829044,da,Babieta
294836399,3829045,da,Babieniec
294836476,3829046,da,Babicha
294836553,3829047,da,Babice
294836630,3829048,da,Babice
294836707,3829049,da,Babice
294836784,3829050,da,Babica
294836938,3829052,da,Babianka
294837246,3829056,da,Babczyzna
294837323,3829057,da,Babance
294837400,3829058,da,Baba
294837477,3829059,da,Aurelin
294837631,3829061,da,Augustyny
294837708,3829062,da,Augustynka
294837785,3829063,da,Augustowo
294837862,3829064,da,Augustowo
294838016,3829066,da,Augustowka
294838093,3829067,da,Augustowek
294838170,3829068,da,Augustow
294838324,3829070,da,Augustow
294838401,3829071,da,Augustow
294838555,3829073,da,Augamy
294838632,3829074,da,Ateny
294838709,3829075,da,Asuny
294838786,3829076,da,Arynow
294839017,3829079,da,Gar Kandi
294839094,3829080,da,Ardapy
294839171,3829081,da,Arciechow
294839248,3829082,da,Arcelin
294839325,3829083,da,Arbasy
294839402,3829084,da,Anuszewo
294839479,3829085,da,Anusin
294839556,3829086,da,Anusin
294839633,3829087,da,Anusin
294839710,3829088,da,Antosin
294839787,3829089,da,Antopol
294839864,3829090,da,Antonowo
294839941,3829091,da,Antonowka
294840095,3829093,da,Antoniowka
294840326,3829096,da,Antoniowka
294840403,3829097,da,Antoniowka
294840788,3829102,da,Antoniowka
294840865,3829103,da,Antoniow
294841019,3829105,da,Antoniow
294841250,3829108,da,Antoniow
294841327,3829109,da,Antoniow
294841481,3829111,da,Antonin Stary
294841558,3829112,da,Antoninow
294841712,3829114,da,Antonin Nowy
294841789,3829115,da,Antonina
294841866,3829116,da,Antonin
294841943,3829117,da,Antonin
294842174,3829120,da,Antoniew
294842251,3829121,da,Antonielow
294842328,3829122,da,Agnone
294842405,3829123,da,Antonia
294842482,3829124,da,Antonia
294842636,3829126,da,Umantsivka
294842713,3829127,da,Antolin
294842790,3829128,da,Antolin
294842867,3829129,da,Anonin
294842944,3829130,da,Annowo
294843021,3829131,da,Annowka
294843098,3829132,da,Annow
294843252,3829134,da,Annoslaw
294843714,3829140,da,Annopol
294843791,3829141,da,Annopol
294843868,3829142,da,Annobor
294843945,3829143,da,Anielpol
294844022,3829144,da,Anielow
294844099,3829145,da,Anielinek
294844330,3829148,da,Anielin
294844407,3829149,da,Anielin
294844484,3829150,da,Anielin
294844561,3829151,da,Anielin
294844715,3829153,da,Anielin
294844792,3829154,da,Andzin
294844869,3829155,da,Andrzejowka
294844946,3829156,da,Andrzejowka
294845023,3829157,da,Andrzejowka
294845100,3829158,da,Andrzejowka
294845177,3829159,da,Andrzejow
294845331,3829161,da,Andrzejow
294845408,3829162,da,Andrzejow
294845562,3829164,da,Andrzejki
294845639,3829165,da,Andrzejewo
294845716,3829166,da,Andrzejewo
294845793,3829167,da,Andryjanki
294845870,3829168,da,Andrychy
294845947,3829169,da,Andruszkowice
294846024,3829170,da,Ancuty
294846101,3829171,da,Anastazew
294846178,3829172,da,Amelin
294846255,3829173,da,Amelin
294846332,3829174,da,Amelin
294846486,3829176,da,Altanka
294846563,3829177,da,Alojzow
294846640,3829178,da,Alojzow
294846717,3829179,da,Alfredowka
294846794,3829180,da,Alfonsow
294846948,3829182,da,Aleksandrowsk
294847025,3829183,da,Aleksandrowo
294847256,3829186,da,Aleksandrowo
294847487,3829189,da,Aleksandrowka
294847564,3829190,da,Aleksandrowka
294847872,3829194,da,Aleksandrowka
294847949,3829195,da,Aleksandrowka
294848026,3829196,da,Aleksandrowka
294848334,3829200,da,Aleksandrowka
294848488,3829202,da,Aleksandrow
294848642,3829204,da,Aleksandrow
294848719,3829205,da,Aleksandrow
294848873,3829207,da,Aleksandrow
294848950,3829208,da,Aleksandrow
294849027,3829209,da,Aleksandrow
294849412,3829214,da,Aleksandrow
294849489,3829215,da,Aleksandrow
294849566,3829216,da,Aleksandrow
294849720,3829218,da,Aleksandria
294849797,3829219,da,Albinow
294849874,3829220,da,Albigowa
294849951,3829221,da,Albertow
294850105,3829223,da,Aksmanice
294850182,3829224,da,Agrafinowka
294850259,3829225,da,Agatowka
294850336,3829226,da,Agatowka
294850413,3829227,da,Adolfow
294850490,3829228,da,Adolfin
294850567,3829229,da,Adolfin
294850644,3829230,da,Adelina
294850798,3829232,da,Adelin
294850952,3829234,da,Adampol
294851106,3829236,da,Adamowo
294851414,3829240,da,Adamowka
294851491,3829241,da,Adamowka
294851568,3829242,da,Adamowizna
294851645,3829243,da,Adamowice
294851722,3829244,da,Adamowek
294851799,3829245,da,Adamowa Gora
294851876,3829246,da,Stare Kludno
294851953,3829247,da,Stare Kludno
294852107,3829249,da,Stare Kludno
294852184,3829250,da,Stare Kludno
294852261,3829251,da,Stare Kludno
294852338,3829252,da,Stare Kludno
294852415,3829253,da,Stare Kludno
294852492,3829254,da,Stare Kludno
294852569,3829255,da,Stare Kludno
294852646,3829256,da,Stare Kludno
294852723,3829257,da,Stare Kludno
294852800,3829258,da,Adamierz
294852877,3829259,da,Adamek
294852954,3829260,da,Adamczycha
294853031,3829261,da,Adamczowice
294853185,3829263,da,Achrymowce
294853262,3829264,da,Abramy
294853416,3829266,da,Abramowice Prywatne
294853493,3829267,da,Abramowice Koscielne
294853647,3829269,da,Abramow
294853801,3829271,da,Abramow
294854032,3829274,da,Szczurkowo
294854186,3829276,da,Klajpeda
294854340,3829278,da,Juditten
294854417,3829279,da,Wojmiany
294854494,3829280,da,Barciszewo
294854571,3829281,da,Parkoszewo
294854648,3829282,da,Dompendel
294854725,3829283,da,Roschenen
294854802,3829284,da,Roschenen
294854879,3829285,da,Robity
294854956,3829286,da,Rosowek
294855033,3829287,da,Unislawice
294855110,3829288,da,Pasiecznik
294855187,3829289,da,Kosowizna
294855264,3829290,da,Zywocin
294855418,3829292,da,Żywiec
294855495,3829293,da,Zytowo
294855572,3829294,da,Zytowiecko
294855726,3829296,da,Zytowice
294855803,3829297,da,Zytowan
294855880,3829298,da,Zytno
294856034,3829300,da,Zytna
294856111,3829301,da,Żyrowa
294856265,3829303,da,Zyroslawice
294856342,3829304,da,Zylice
294856419,3829305,da,Zyletkowo
294856496,3829306,da,Zygry
294856573,3829307,da,Zygodowice
294856650,3829308,da,Zygmuntowo
294856727,3829309,da,Zygmuntowo
294856804,3829310,da,Zygmuntowek
294856881,3829311,da,Zygmuntow
294857112,3829314,da,Zyglad
294857189,3829315,da,Zydowo
294857343,3829317,da,Zydowo
294857420,3829318,da,Zydowo
294857497,3829319,da,Zydowo
294857651,3829321,da,Zydowko
294857728,3829322,da,Zydow
294857805,3829323,da,Zyck Polski
294857959,3829325,da,Zyck Niemiecki
294858190,3829328,da,Zychlin
294858267,3829329,da,Zychlin
294858344,3829330,da,Zychlin
294858421,3829331,da,Zychlin
294858575,3829333,da,Zychlewo
294858729,3829335,da,Zwrocona
294858806,3829336,da,Zwonowice
294858883,3829337,da,Zwolen
294858960,3829338,da,Zwola
294859037,3829339,da,Zwiniarz
294859191,3829341,da,Zwierzyniec Drugi
294859345,3829343,da,Zwierzyniec
294859422,3829344,da,Zwierzyniec
294859499,3829345,da,Zwierzyniec
294859653,3829347,da,Zwierzyniec
294859807,3829349,da,Zwierzyniec
294859961,3829351,da,Zwierzyn
294860038,3829352,da,Zwierzyn
294860115,3829353,da,Zwierzno
294860269,3829355,da,Zwierzchow
294860346,3829356,da,Zwiastowice
294860423,3829357,da,Zwartowo
294860500,3829358,da,Zwartowo
294860577,3829359,da,Zwardon
294860654,3829360,da,Zwanowice
294860808,3829362,da,Zawada
294860885,3829363,da,Zuzowy
294860962,3829364,da,Zuzoly
294861039,3829365,da,Zuzela
294861116,3829366,da,Zurzyce
294861270,3829368,da,Zurawice
294861347,3829369,da,Zuromino
294861424,3829370,da,Żuromin
294861578,3829372,da,Zurawin
294861732,3829374,da,Zurawieniec
294861963,3829377,da,Zurawieniec
294862040,3829378,da,Zurawiec
294862271,3829381,da,Zuraw
294862348,3829382,da,Zurada
294862502,3829384,da,Zumpy
294862579,3829385,da,Zulawki
294862656,3829386,da,Zulawka Sztumska
294862733,3829387,da,Zulawka
294862810,3829388,da,Zukowo
294862887,3829389,da,Zukowo
294862964,3829390,da,Żukowo
294863041,3829391,da,Zukowo
294863118,3829392,da,Zukowo
294863272,3829394,da,Zukowo
294863426,3829396,da,Zukowice
294863503,3829397,da,Zukow
294863580,3829398,da,Zukow
294863734,3829400,da,Zuki
294863811,3829401,da,Zuki
294863888,3829402,da,Zukczyn
294863965,3829403,da,Zuchowo
294864042,3829404,da,Zuchowice
294864119,3829405,da,Zubrzyce
294864196,3829406,da,Zubrzyca Gorna
294864273,3829407,da,Zubrzyca Dolna
294864350,3829408,da,Zubrow
294864427,3829409,da,Zubrow
294864504,3829410,da,Lubki
294864658,3829412,da,Zrodla
294864735,3829413,da,Zrodla
294864812,3829414,da,Zrebice
294864966,3829416,da,Zrazim
294865043,3829417,da,Zrabiec
294865120,3829418,da,Zosinow
294865197,3829419,da,Zosinki
294865274,3829420,da,Zosin
294865505,3829423,da,Żory
294865582,3829424,da,Zoruchowo
294865659,3829425,da,Zorawiniec Niedzwiady
294865736,3829426,da,Zorawina
294865890,3829428,da,Zorawie
294866044,3829430,da,Zoraw
294866121,3829431,da,Zoraw
294866198,3829432,da,Zopowy
294866275,3829433,da,Zon
294866352,3829434,da,Zolwino
294866506,3829436,da,Zolwiniec
294866583,3829437,da,Zolwin
294866660,3829438,da,Zolwieniec
294866737,3829439,da,Zolwia Bloc
294866814,3829440,da,Zoltowo
294866891,3829441,da,Zoltnica
294866968,3829442,da,Zolte
294867045,3829443,da,Zolnowo
294867122,3829444,da,Zolkiewka
294867276,3829446,da,Zoledowo
294867353,3829447,da,Zolednica
294867430,3829448,da,Zolcino
294867507,3829449,da,Zofiowo
294867584,3829450,da,Zofiowka
294867738,3829452,da,Zofiowka
294868046,3829456,da,Zofiewo
294868123,3829457,da,Zofia
294868200,3829458,da,Zodyn
294868277,3829459,da,Zochowo
294868354,3829460,da,Zochowo
294868431,3829461,da,Żnin
294868508,3829462,da,Zmyslowo
294868585,3829463,da,Zmyslowo
294868662,3829464,da,Zmyslona Slupska
294868739,3829465,da,Zmyslona Ligocka
294868816,3829466,da,Zmyslona
294869124,3829470,da,Zmozna Wola
294869201,3829471,da,Zmijewo
294869278,3829472,da,Żmigród
294869355,3829473,da,Zmarle
294869432,3829474,da,Zlozeniec
294869509,3829475,da,Zloty Stok
294869586,3829476,da,Zlotowo
294869663,3829477,da,Zlotowo
294869740,3829478,da,Zlotowo
294869817,3829479,da,Zlotowo
294870048,3829482,da,Złotów
294870125,3829483,da,Zlotow
294870202,3829484,da,Zlotoryjsko
294870279,3829485,da,Złotoryja
294870356,3829486,da,Zlotoria
294870433,3829487,da,Zlotoglowice
294870587,3829489,da,Zlotno
294870664,3829490,da,Zlotniki Wielkie
294870741,3829491,da,Zlotniki Male
294870818,3829492,da,Zlotniki Lubanskie
294870895,3829493,da,Zlotniki Kujawskie
294870972,3829494,da,Zlotniki
294871049,3829495,da,Zlotniki
294871126,3829496,da,Zlotniki
294871203,3829497,da,Zlotniki
294871280,3829498,da,Zlotniki
294871357,3829499,da,Zlotnik
294871434,3829500,da,Zlotniczki
294871511,3829501,da,Zlotnica
294871588,3829502,da,Zlotna
294871665,3829503,da,Zlotkowy
294871742,3829504,da,Zlotkowo
294871819,3829505,da,Zlotkow
294871896,3829506,da,Zlota
294871973,3829507,da,Zloczew
294872050,3829508,da,Złocieniec
294872127,3829509,da,Zlochowice
294872204,3829510,da,Zlobnica
294872281,3829511,da,Zlobizna
294872358,3829512,da,Zlinice
294872435,3829513,da,Zleszyn
294872512,3829514,da,Zle Mieso
294872589,3829515,da,Zlawies Wielka
294872666,3829516,da,Zla Wies
294872820,3829518,da,Zlatna
294872897,3829519,da,Zlatna
294872974,3829520,da,Zlakowo
294873051,3829521,da,Zlakow Koscielny
294873128,3829522,da,Ziwocice
294873205,3829523,da,Ziwocice
294873282,3829524,da,Ziolkowo
294873359,3829525,da,Zimotki
294873436,3829526,da,Zimolza
294873590,3829528,da,Zimnodol
294873667,3829529,da,Zimne Zdroje
294873744,3829530,da,Zimna Wodka
294874129,3829535,da,Zimnowoda
294874206,3829536,da,Zimna Brzeznica
294874360,3829538,da,Zimin
294874437,3829539,da,Ziewanice
294874668,3829542,da,Zimnice Wielkie
294874745,3829543,da,Zimnice Mand
294874822,3829544,da,Ziemnice
294874899,3829545,da,Ziemlin
294874976,3829546,da,Ziemin
294875053,3829547,da,Ziemielowice
294875130,3829548,da,Ziemiecin
294875207,3829549,da,Ziemiecin
294875284,3829550,da,Ziemiecice
294875361,3829551,da,Zielun
294875438,3829552,da,Zielony Grad
294875515,3829553,da,Zielonowo
294875592,3829554,da,Zielonowo
294875669,3829555,da,Zielonkowice
294875746,3829556,da,Zielonki
294875823,3829557,da,Zielonka Paslecka
294875900,3829558,da,Zielonka
294876131,3829561,da,Zielonka
294876362,3829564,da,Zielona Góra
294876439,3829565,da,Zielonczyn
294876516,3829566,da,Zielona Wies
294876593,3829567,da,Zielona Wies
294876670,3829568,da,Zielona Laka
294876747,3829569,da,Zielona Huta
294876978,3829572,da,Zielona Gora
294877055,3829573,da,Zielona Chocina
294877132,3829574,da,Zielona
294877517,3829579,da,Zielnowo
294877594,3829580,da,Zielnowo
294877671,3829581,da,Zielniczki
294877748,3829582,da,Zielkowo
294877825,3829583,da,Zielkowice
294877902,3829584,da,Zielinsk
294877979,3829585,da,Zieliniec
294878056,3829586,da,Zieliniec
294878133,3829587,da,Zielina
294878210,3829588,da,Zielin
294878287,3829589,da,Zielin
294878364,3829590,da,Zielin
294878441,3829591,da,Zielenin
294878518,3829592,da,Zieleniewo
294878672,3829594,da,Zieleniec
294878903,3829597,da,Zieleniec
294879211,3829601,da,Zielenice
294879288,3829602,da,Zielenica
294879442,3829604,da,Zielen
294879519,3829605,da,Zielen
294879596,3829606,da,Zielecin
294879750,3829608,da,Zielecin
294879904,3829610,da,Zielecice
294879981,3829611,da,Zielatkowo
294880058,3829612,da,Ziębice
294880289,3829615,da,Zgorzelec
294880366,3829616,da,Zgorzelec
294880443,3829617,da,Zgorze
294880597,3829619,da,Zgorzale
294880751,3829621,da,Zgojewo
294880828,3829622,da,Zgoda
294881059,3829625,da,Zgoda
294881290,3829628,da,Zgnilobloty
294881367,3829629,da,Zgnilka
294881444,3829630,da,Zgnile Bloto
294881598,3829632,da,Zgliniec
294881675,3829633,da,Zglenice Duze
294881752,3829634,da,Zglenice-Budy
294881829,3829635,da,Zgierzynka
294881906,3829636,da,Zgierz
294882137,3829639,da,Zerzuszyce
294882214,3829640,da,Zerwana
294882291,3829641,da,Zeronie
294882368,3829642,da,Zeroniczki
294882445,3829643,da,Zeronice
294882522,3829644,da,Zeronice
294882599,3829645,da,Zeromin
294882676,3829646,da,Zeromin
294882830,3829648,da,Zerniki Wroclawskie
294882907,3829649,da,Zerniki Wielkie
294882984,3829650,da,Zerniki
294883138,3829652,da,Zerniki
294883292,3829654,da,Zerniki
294883369,3829655,da,Zerniki
294883446,3829656,da,Zernica
294883677,3829659,da,Zerkow
294883754,3829660,da,Zerechowa
294883908,3829662,da,Zerdzina
294883985,3829663,da,Zerdno
294884062,3829664,da,Zensko
294884216,3829666,da,Zenichow
294884370,3829668,da,Zendek
294884447,3829669,da,Zemsko
294884524,3829670,da,Zemsko
294884601,3829671,da,Zembrzyce
294884678,3829672,da,Zembrze
294884755,3829673,da,Zelowice
294884832,3829674,da,Zelowek
294884909,3829675,da,Zelow
294884986,3829676,da,Zelkowo
294885063,3829677,da,Zelkowko
294885140,3829678,da,Zelkow
294885217,3829679,da,Zelki
294885294,3829680,da,Zeliszow
294885371,3829681,da,Zeliszewo
294885448,3829682,da,Zelistrzewo
294885525,3829683,da,Zelislawiec
294885602,3829684,da,Zelislawiczki
294885679,3829685,da,Zelislawice
294885756,3829686,da,Zelislawice
294885833,3829687,da,Zelislaw
294885987,3829689,da,Zelislaw
294886064,3829690,da,Zelislaw
294886141,3829691,da,Zelimucha
294886218,3829692,da,Zelichowo
294886372,3829694,da,Zelichow
294886449,3829695,da,Zelice
294886526,3829696,da,Zelice
294886603,3829697,da,Zelgoszcz
294886680,3829698,da,Zelgoszcz
294886834,3829700,da,Zelgno
294886911,3829701,da,Zelgniewo
294886988,3829702,da,Zelezno
294887065,3829703,da,Zeleznica
294887142,3829704,da,Zelewo
294887373,3829707,da,Zelechowo
294887450,3829708,da,Zelechow
294887527,3829709,da,Zelczyna
294887604,3829710,da,Zelazow
294887681,3829711,da,Zelazo
294887835,3829713,da,Zelazno
294887989,3829715,da,Zelazno
294888143,3829717,da,Zelazna Nowa
294888220,3829718,da,Zelazna
294888374,3829720,da,Zelazkowo
294888451,3829721,da,Zelazkow
294888528,3829722,da,Zelazko
294888759,3829725,da,Zeleznik
294888836,3829726,da,Zegrze Pomorskie
294889067,3829729,da,Zegrowko
294889144,3829730,da,Zegowo
294889221,3829731,da,Zegocino
294889298,3829732,da,Zegocin
294889452,3829734,da,Zegartowice
294889529,3829735,da,Zedowo
294889606,3829736,da,Zedowice
294889683,3829737,da,Zederman
294889837,3829739,da,Zebrzydowice
294889914,3829740,da,Zebrzydowice
294889991,3829741,da,Zebrzydowa
294890068,3829742,da,Zebrzydow
294890145,3829743,da,Zebrdowo
294890299,3829745,da,Zebowo
294890376,3829746,da,Zebowo
294890453,3829747,da,Zebowo
294890530,3829748,da,Zebowiec
294890607,3829749,da,Zebowice
294890684,3829750,da,Zeblewo
294890915,3829753,da,Zdzietawy
294890992,3829754,da,Zdzieszulice Gorne
294891069,3829755,da,Zdzieszulice Dolne
294891223,3829757,da,Zdzieszowice
294891300,3829758,da,Zdzierczyzna
294891377,3829759,da,Zdzenice
294891454,3829760,da,Zdziemborz
294891685,3829763,da,Zdziechowice
294891762,3829764,da,Zdziechowice
294891839,3829765,da,Zdziechowa
294891993,3829767,da,Zdzary
294892224,3829770,da,Zdworz
294892301,3829771,da,Nowe Zduny
294892378,3829772,da,Zduny
294892455,3829773,da,Zduny
294892532,3829774,da,Zduny
294892609,3829775,da,Zduny
294892686,3829776,da,Zduny
294892763,3829777,da,Zduny
294892840,3829778,da,Zduny
294892994,3829780,da,Zduńska Wola
294893225,3829783,da,Zdrzychow
294893302,3829784,da,Zdrowa
294893456,3829786,da,Zdrojno
294893533,3829787,da,Zdrojki
294893687,3829789,da,Zdrojewo
294893764,3829790,da,Zdrojek
294893841,3829791,da,Zdroje
294893918,3829792,da,Zdroje
294894072,3829794,da,Zdroj
294894149,3829795,da,Zdroisko
294894226,3829796,da,Zdrada
294894303,3829797,da,Zdow
294894380,3829798,da,Zdbowo
294894457,3829799,da,Zdbice
294894534,3829800,da,Zdanow
294894611,3829801,da,Zdania
294894688,3829802,da,Zbytowo
294894765,3829803,da,Zbytowa
294894842,3829804,da,Zbytkow
294894919,3829805,da,Zbytki
294894996,3829806,da,Zbyszewo
294895073,3829807,da,Zbyszewice
294895150,3829808,da,Zbyszek
294895227,3829809,da,Zbylutow
294895381,3829811,da,Zbylczyce
294895535,3829813,da,Zbyczyna
294895689,3829815,da,Zbychowo
294895843,3829817,da,Zbrudzewo
294895920,3829818,da,Zbroslawice
294896151,3829821,da,Zbrachlin Stary
294896305,3829823,da,Zbrachlin
294896459,3829825,da,Zboze
294896536,3829826,da,Zbory
294896613,3829827,da,Zborowskie
294896690,3829828,da,Zborowskie
294896767,3829829,da,Zborowiec
294896844,3829830,da,Zborowice
294897075,3829833,da,Zborow
294897152,3829834,da,Zbojno
294897229,3829835,da,Zbojno
294897306,3829836,da,Zbojno
294897383,3829837,da,Zblewo
294897460,3829838,da,Zbiki
294897537,3829839,da,Zbik
294897614,3829840,da,Zbijewo
294897768,3829842,da,Zbietka
294897845,3829843,da,Zbiersk
294897922,3829844,da,Zbierkowo
294897999,3829845,da,Zbiczno
294898076,3829846,da,Zberzyn
294898153,3829847,da,Zberezka
294898230,3829848,da,Zbeniny
294898307,3829849,da,Zbek
294898384,3829850,da,Zbechy
294898461,3829851,da,Zbaszynek
294898538,3829852,da,Zbąszyń
294898615,3829853,da,Zbarzewo
294898692,3829854,da,Zazdzierz
294899000,3829858,da,Zazdromin
294899231,3829861,da,Zawroty
294899308,3829862,da,Zawory
294899385,3829863,da,Zawory
294899462,3829864,da,Zawonia
294899539,3829865,da,Zawoja
294900001,3829871,da,Zawiszyn
294900078,3829872,da,Zawiszyce
294900155,3829873,da,Zawiszow
294900232,3829874,da,Zawisza
294900386,3829876,da,Zawisna
294900463,3829877,da,Zawisna
294900540,3829878,da,Zawisc
294900694,3829880,da,Zawierz
294900848,3829882,da,Zawiercie
294901002,3829884,da,Zawidz
294901079,3829885,da,Zawidowice
294901156,3829886,da,Zawidowice
294901233,3829887,da,Zawidow
294901310,3829888,da,Zawdzka Wola
294901387,3829889,da,Zawda
294901464,3829890,da,Zawaly
294901618,3829892,da,Zawadzkie
294901772,3829894,da,Zawady
294902234,3829900,da,Zawady
294902311,3829901,da,Zawadow
294902619,3829905,da,Zawadka
294902773,3829907,da,Zawadka
294902850,3829908,da,Zawadka
294902927,3829909,da,Zawada Ksiazeca
294903081,3829911,da,Zawada
294903158,3829912,da,Zawada
294903235,3829913,da,Zawada
294903543,3829917,da,Zawada
294904236,3829926,da,Zawada
294904313,3829927,da,Zawada
294904390,3829928,da,Zawada
294904467,3829929,da,Zawada
294904544,3829930,da,Zawada
294904698,3829932,da,Zawada
294904775,3829933,da,Zawada
294904929,3829935,da,Zawada
294905006,3829936,da,Zawada
294905237,3829939,da,Zawada
294905314,3829940,da,Zatorowizna
294905391,3829941,da,Zator
294905468,3829942,da,Zatonie
294905622,3829944,da,Zaton Dolna
294905699,3829945,da,Zatom Stary
294905776,3829946,da,Zatom Nowy
294905853,3829947,da,Zatom
294906238,3829952,da,Zasutowo
294906315,3829953,da,Zastruze
294906392,3829954,da,Zastawno
294906469,3829955,da,Zastawie
294906546,3829956,da,Zaspy Wielkie
294906700,3829958,da,Zaspy Male
294906854,3829960,da,Zasole Bielanskie
294906931,3829961,da,Zaskoczyn
294907008,3829962,da,Zaskocz
294907162,3829964,da,`Askal
294907239,3829965,da,Zasieki
294907316,3829966,da,Zasepiec
294907470,3829968,da,Zasady
294907547,3829969,da,Zasadki
294907778,3829972,da,Zaporozhchyne
294907855,3829973,da,Zarzyce Wielkie
294907932,3829974,da,Zarzyce Male
294908009,3829975,da,Zarzyca
294908086,3829976,da,Zarzewek
294908163,3829977,da,Zarzew
294908625,3829983,da,Zarzecze
294908702,3829984,da,Zarzecze
294908779,3829985,da,Zarzecin
294908933,3829987,da,Zaryn
294909087,3829989,da,Żary
294909164,3829990,da,Zary
294909241,3829991,da,Zary
294909395,3829993,da,Zarska
294909472,3829994,da,Zarowo
294909549,3829995,da,Zarowo
294909703,3829997,da,Żarów
294909857,3829999,da,Zarosle Cienkie
294910011,3830001,da,Zarosle
294910165,3830003,da,Zarog
294910242,3830004,da,Zarnowska
294910319,3830005,da,Zarnowo
294910396,3830006,da,Zarnowka
294910473,3830007,da,Zarnowka
294910550,3830008,da,Zarnowiec
294910627,3830009,da,Zarnowiec
294910704,3830010,da,Zarnowica
294910781,3830011,da,Zarnowica
294910858,3830012,da,Zarkow
294910935,3830013,da,Żarki Wielkie
294911089,3830015,da,Zarki
294911166,3830016,da,Zarki
294911243,3830017,da,Zarka nad Nysa
294911397,3830019,da,Zarebowo
294911474,3830020,da,Zarebow
294911628,3830022,da,Zarebice
294911705,3830023,da,Zareba
294911782,3830024,da,Zarczyn
294911859,3830025,da,Zarczyn
294911936,3830026,da,Zaransko
294912013,3830027,da,Zaranna
294912167,3830029,da,Zar
294912321,3830031,da,Zapust
294912398,3830032,da,Zaprezyn
294912475,3830033,da,Zapowiednia
294912629,3830035,da,Zapolice
294912706,3830036,da,Zapolice
294912783,3830037,da,Zapolice
294912860,3830038,da,Zapole
294912937,3830039,da,Zapluskowesy
294913014,3830040,da,Zapedowo
294913091,3830041,da,Zapcen
294913322,3830044,da,Zaorle
294913399,3830045,da,Zaniemysl
294913476,3830046,da,Zamyslowo
294913553,3830047,da,Zamyslow
294913707,3830049,da,Zamoscie
294914092,3830054,da,Zamosc
294914246,3830056,da,Zamosc
294914323,3830057,da,Zamosc
294914554,3830060,da,Zamorze
294914708,3830062,da,Zamlynie
294914862,3830064,da,Zamienice
294915016,3830066,da,Zamety
294915093,3830067,da,Zamek Kiszewski
294915170,3830068,da,Zamek Bierzglowski
294915247,3830069,da,Zamecin
294915401,3830071,da,Zambrzyca
294915555,3830073,da,Zamarte
294915632,3830074,da,Zamarski
294915786,3830076,da,Zaluskow
294915863,3830077,da,Zalusin
294915940,3830078,da,Zaluczne
294916017,3830079,da,Zalszyn
294916171,3830081,da,Kryvyi
294916248,3830082,da,Zalno
294916325,3830083,da,Zalipie
294916479,3830085,da,Zalinowo
294916556,3830086,da,Zaleze
294916633,3830087,da,Zaleze
294916710,3830088,da,Zaleze
294916941,3830091,da,Zaleze
294917018,3830092,da,Zalewo
294917095,3830093,da,Zalewo
294917172,3830094,da,Zalew
294917403,3830097,da,Zalesna
294917557,3830099,da,Zaleskie
294917634,3830100,da,Zalesie Wielkie
294917711,3830101,da,Zalesie Slaskie
294917788,3830102,da,Zalesie Male
294917865,3830103,da,Zalesie Krolewskie
294918096,3830106,da,Zalesie
294918866,3830116,da,Zalesie
294919790,3830128,da,Zalesie
294920021,3830131,da,Zalesiczki
294920098,3830132,da,Zalesice
294920252,3830134,da,Zalesice
294920329,3830135,da,Zalesiaki
294920406,3830136,da,Zalecze Wielkie
294920483,3830137,da,Zalecze Male
294920560,3830138,da,Zalecino
294920637,3830139,da,Zale
294920714,3830140,da,Zalasy
294920791,3830141,da,Zalasewo
294920868,3830142,da,Zalas
294921022,3830144,da,Zalakowo
294921099,3830145,da,Zalachowo
294921176,3830146,da,Zakurzewo
294921253,3830147,da,Zakurowie
294921330,3830148,da,Zakulin
294921407,3830149,da,Zakrzyn
294921484,3830150,da,Zakrzow Turawski
294921561,3830151,da,Zakrzowek Szlachecki
294921715,3830153,da,Zakrzow
294921946,3830156,da,Zakrzow
294922023,3830157,da,Zakrzow
294922100,3830158,da,Zakrzow
294922254,3830160,da,Zakrzewska Osada
294922331,3830161,da,Zakrzewo
294922408,3830162,da,Zakrzewo
294922485,3830163,da,Zakrzewo
294922562,3830164,da,Zakrzewo
294922639,3830165,da,Zakrzewo
294922716,3830166,da,Zakrzewo
294922793,3830167,da,Zakrzewo
294922947,3830169,da,Zakrzewo
294923024,3830170,da,Zakrzewo
294923101,3830171,da,Zakrzewo
294923178,3830172,da,Zakrzewo
294923255,3830173,da,Zakrzewko
294923332,3830174,da,Zakrzewko
294923640,3830178,da,Zakrzewiec
294923717,3830179,da,Zakrzewice
294924025,3830183,da,Zakrzew
294924256,3830186,da,Zakrocz
294924333,3830187,da,Zakreta
294924487,3830189,da,Zakowo
294924564,3830190,da,Zakowo
294924641,3830191,da,Zakowiec
294924718,3830192,da,Zakowice
294924795,3830193,da,Zakowice
294924872,3830194,da,Zakowice
294924949,3830195,da,Zakowice
294925026,3830196,da,Zakopane
294925488,3830202,da,Zajezierze
294925719,3830205,da,Zajaczkowo
294925796,3830206,da,Zajaczkowo
294925873,3830207,da,Zajaczkowo
294926027,3830209,da,Zajaczkowo
294926104,3830210,da,Zajaczkowo
294926181,3830211,da,Zajaczki Bankowe
294926566,3830216,da,Zajaczek
294926643,3830217,da,Zajaczek
294926797,3830219,da,Zagwizdzie
294926951,3830221,da,Zagrodno
294927028,3830222,da,Zagrodki
294927105,3830223,da,Zagrobki
294927259,3830225,da,Zagroba Koscielna
294927413,3830227,da,Zagoty
294927567,3830229,da,Zagorzyn
294927721,3830231,da,Zagorzyce
294927798,3830232,da,Zagorzyce
294927952,3830234,da,Zagorzyce
294928029,3830235,da,Zagorzyca
294928183,3830237,da,Zagorze Slaskie
294928337,3830239,da,Zagorze
294928414,3830240,da,Zagorze
294928722,3830244,da,Zagorze
294929030,3830248,da,Zagorze
294929107,3830249,da,Zagorze
294929261,3830251,da,Zagorowa
294929338,3830252,da,Zagorow
294929492,3830254,da,Zagornik
294929569,3830255,da,Zagorna
294929877,3830259,da,Zagorce
294930031,3830261,da,Zagony
294930108,3830262,da,Zaglowki
294930185,3830263,da,Zagliny
294930339,3830265,da,Zaganiec
294930416,3830266,da,Żagań
294930493,3830267,da,Zagajew
294930647,3830269,da,Zagaj
294930724,3830270,da,Zagacie
294930801,3830271,da,Zagacie
294930878,3830272,da,Zadzim
294931186,3830276,da,Zaduszniki
294931263,3830277,da,Zadroze
294931340,3830278,da,Zadowice
294931417,3830279,da,Zadory
294931648,3830282,da,Zadlo
294931879,3830285,da,Zacywilki
294932187,3830289,da,Zachowice
294932264,3830290,da,Zachodzko
294932341,3830291,da,Zachelmna
294932418,3830292,da,Zachelmie
294932495,3830293,da,Zachelmie
294932572,3830294,da,Zacharzyn
294932649,3830295,da,Zacharzowice
294932726,3830296,da,Zacharzew
294932803,3830297,da,Zacharz
294932880,3830298,da,Zabary
294933034,3830300,da,Zabrzezie
294933111,3830301,da,Zabrzeg
294933188,3830302,da,Zabrzeg
294933265,3830303,da,Zabrze
294933342,3830304,da,Zabrsko Gorne
294933496,3830306,da,Ząbrowo
294933727,3830309,da,Zabrowo
294933804,3830310,da,Zabrowiec
294933881,3830311,da,Zabrodzie
294934035,3830313,da,Zabrodzie
294934112,3830314,da,Zabrodzie
294934189,3830315,da,Zabowo
294934266,3830316,da,Zabowo
294934343,3830317,da,Zabowko
294934420,3830318,da,Zabow
294934574,3830320,da,Zaborze
294934651,3830321,da,Zaborze
294934728,3830322,da,Zaborze
294934805,3830323,da,Zabor Wielki
294934882,3830324,da,Zaborsko
294934959,3830325,da,Zaborowo
294935190,3830328,da,Zaborowo
294935421,3830331,da,Zaborowiec
294936037,3830339,da,Zaborow
294936114,3830340,da,Zabornia
294936191,3830341,da,Zabor
294936268,3830342,da,Zabokrzeki
294936345,3830343,da,Zabno
294936422,3830344,da,Zabno
294936499,3830345,da,Zabno
294936576,3830346,da,Zabno
294936807,3830349,da,Zabnica
294936884,3830350,da,Zabnica
294936961,3830351,da,Zabolottsi
294937038,3830352,da,Zabloto
294937115,3830353,da,Zablocie
294937192,3830354,da,Zablocie
294937269,3830355,da,Zablocie
294937423,3830357,da,Zablocie
294937500,3830358,da,Zablocie
294937577,3830359,da,Zablocie
294937654,3830360,da,Ząbkowice Śląskie
294937731,3830361,da,Zabki
294937808,3830362,da,Zabinki
294937885,3830363,da,Zabinko
294938039,3830365,da,Zabinek
294938116,3830366,da,Zabin
294938193,3830367,da,Zabin
294938270,3830368,da,Zabikow
294938424,3830370,da,Zabijak
294938501,3830371,da,Zabierzow
294938578,3830372,da,Zabierzow
294938963,3830377,da,Zabicko
294939040,3830378,da,Zabice
294939117,3830379,da,Zabice
294939194,3830380,da,Zabelkow
294939271,3830381,da,Zabczanka
294939425,3830383,da,Zabartowo
294939502,3830384,da,Zabardowice
294939579,3830385,da,Yiti
294939656,3830386,da,Wziachow
294939733,3830387,da,Wyzral
294939887,3830389,da,Wywla
294939964,3830390,da,Wytrzyszczki
294940041,3830391,da,Wytowno
294940118,3830392,da,Wytomysl
294940195,3830393,da,Wyszyny
294940272,3830394,da,Wyszynki
294940349,3830395,da,Wyszyna
294940426,3830396,da,Wyszyna
294940503,3830397,da,Wyszonowice
294940580,3830398,da,Wyszomierz
294940657,3830399,da,Wyszogora
294940734,3830400,da,Wyszkow Slaski
294940811,3830401,da,Wyszkowice
294940965,3830403,da,Wyszki
294941042,3830404,da,Wyszki
294941119,3830405,da,Wyszewo
294941196,3830406,da,Wyszecino
294941273,3830407,da,Wyszecice
294941350,3830408,da,Wyszeborz
294941427,3830409,da,Wyszanowo
294941504,3830410,da,Wyszanow
294941581,3830411,da,Wystok
294941658,3830412,da,Wystep
294941889,3830415,da,Wysokie
294941966,3830416,da,Wysokie
294942043,3830417,da,Wysokie
294942120,3830418,da,Wysokie
294942197,3830419,da,Wysoka Zaborska
294942274,3830420,da,Wysoka Wies
294942351,3830421,da,Wysoka Wielka
294942428,3830422,da,Wysoka Mala
294942505,3830423,da,Wysoka Lelowska
294942582,3830424,da,Wysoka Kamienska
294942736,3830426,da,Wysoka
294942813,3830427,da,Wysoka
294942890,3830428,da,Wysoka
294942967,3830429,da,Wysoka
294943044,3830430,da,Wysoka Krajenska
294943121,3830431,da,Wysoka Gryfinska
294943198,3830432,da,Wysoka
294943275,3830433,da,Wysoka
294943352,3830434,da,Wysoka
294943429,3830435,da,Wysoka
294943506,3830436,da,Wysoka
294943583,3830437,da,Wysoka
294943660,3830438,da,Wysoka
294943737,3830439,da,Wysoka
294943814,3830440,da,Wysoka
294943891,3830441,da,Wysoka
294943968,3830442,da,Wysoka
294944045,3830443,da,Wysoka
294944122,3830444,da,Wysogotowo
294944199,3830445,da,Wysogotowek
294944276,3830446,da,Wysoczka
294944353,3830447,da,Wysoczka
294944430,3830448,da,Wysocko Wielkie
294944507,3830449,da,Wysocko Male
294944584,3830450,da,Wysocko
294944738,3830452,da,Wysocice
294944815,3830453,da,Wyskoki
294944892,3830454,da,Wyskok
294944969,3830455,da,Wyskoc
294945046,3830456,da,Wysin
294945123,3830457,da,Wysieradz
294945200,3830458,da,Wysiedle
294945277,3830459,da,Wyrzysk Skarbowy
294945354,3830460,da,Wyrzysk
294945431,3830461,da,Wyrzeka
294945508,3830462,da,Wyrza
294945585,3830463,da,Wyry
294945662,3830464,da,Wyrow
294945739,3830465,da,Wyrobki
294945893,3830467,da,Wyreby Siemienickie
294946278,3830472,da,Wyrebin
294946355,3830473,da,Wyrazow
294946509,3830475,da,Wypychow
294946586,3830476,da,Wypychow
294946663,3830477,da,Wypaleniska
294946817,3830479,da,Wymyslow-Piaski
294946894,3830480,da,Wymyslowo Gorne
294947048,3830482,da,Wymyslowo
294947125,3830483,da,Wymyslowo
294947356,3830486,da,Wymyslowo
294947510,3830488,da,Wymyslow Francuski
294947587,3830489,da,Wymyslow
294947895,3830493,da,Wymyslow
294948049,3830495,da,Wymyslow
294948280,3830498,da,Wymysle Polskie
294948357,3830499,da,Wymysle Niemieckie
294948434,3830500,da,Wymyslaw
294948511,3830501,da,Wymyslanka
294948742,3830504,da,Wymokle
294948819,3830505,da,Wymiarki
294948896,3830506,da,Wylazlowo
294949050,3830508,da,Wylatowo
294949127,3830509,da,Wylatkowo
294949204,3830510,da,Wylagi
294949281,3830511,da,Wykroty
294949358,3830512,da,Wykowo
294949435,3830513,da,Wykosowo
294949743,3830517,da,Wyki
294949974,3830520,da,Wygorzele
294950051,3830521,da,Wygonin
294950128,3830522,da,Wygon
294950359,3830525,da,Wygoda Plugawska
294951591,3830541,da,Wygoda
294951976,3830546,da,Wygielzow
294952053,3830547,da,Wygielzow
294952284,3830550,da,Wygieldow
294952361,3830551,da,Wyganow
294952438,3830552,da,Wyganki
294952515,3830553,da,Wydrzynow
294952669,3830555,da,Wydrzno
294952746,3830556,da,Wydrowice
294952823,3830557,da,Wydra
294952900,3830558,da,Wydorowo
294953131,3830561,da,Wydawy
294953208,3830562,da,Wydartowo
294953285,3830563,da,Wydartowo
294953670,3830568,da,Wyczechy
294953747,3830569,da,Wyczechowo
294953824,3830570,da,Wyczalkowo
294953901,3830571,da,Wycislowo
294953978,3830572,da,Wycinki
294954132,3830574,da,Wyciazkowo
294954286,3830576,da,Wychny
294954440,3830578,da,Wybranowo
294954594,3830580,da,Wyborow
294954748,3830582,da,Wudzynek
294954825,3830583,da,Wudzyn
294954902,3830584,da,Wtorek
294955056,3830586,da,Wtelno
294955133,3830587,da,Wszolow
294955210,3830588,da,Wszemirow
294955287,3830589,da,Wszemborz
294955364,3830590,da,Wszeliwy
294955441,3830591,da,Wszedzien
294955672,3830594,da,Wschowa
294955826,3830596,da,Wrzosy
294956057,3830599,da,Wrzosy
294956134,3830600,da,Wrzosowo
294956211,3830601,da,Wrzosowo
294956288,3830602,da,Wrzosowa
294956365,3830603,da,Wrzoski
294956442,3830604,da,Wrzeszczyna
294956519,3830605,da,Wrzeszczyn
294956673,3830607,da,Wrzeszczewice Nowe
294956750,3830608,da,Wrzeszczewice
294956827,3830609,da,Wrzesnica
294956981,3830611,da,Wrzesnia
294957058,3830612,da,Września
294957212,3830614,da,Wrzesiny
294957289,3830615,da,Wrzescie
294957366,3830616,da,Wrzescie
294957443,3830617,da,Wrzeczko
294957520,3830618,da,Wrzasowice
294957597,3830619,da,Wrzask
294957674,3830620,da,Wrzasawa
294957751,3830621,da,Wrzaca Wielka
294957828,3830622,da,Wrzaca
294957905,3830623,da,Wrzaca
294957982,3830624,da,Wrzaca
294958059,3830625,da,Wrzaca
294958136,3830626,da,Wrzaca
294958290,3830628,da,Wrzaca
294958367,3830629,da,Wrozewy
294958444,3830630,da,Wrotkow
294958675,3830633,da,Wronsko
294958752,3830634,da,Wronowy
294958829,3830635,da,Wronowice
294958983,3830637,da,Wronow
294959060,3830638,da,Wronki
294959214,3830640,da,Wronka
294959291,3830641,da,Wroniniec
294959368,3830642,da,Wronin
294959445,3830643,da,Wronikow
294959599,3830645,da,Wroniawy
294959676,3830646,da,Wroniawy
294959753,3830647,da,Wronczyn
294959907,3830649,da,Wroczyny
294959984,3830650,da,Wroczewo
294960138,3830652,da,Wroclawki
294960215,3830653,da,Wrocław
294960292,3830654,da,Wrocki
294960369,3830655,da,Wrociszow Dolny
294960446,3830656,da,Wrociszow
294960600,3830658,da,Wroblowka
294960908,3830662,da,Wroblina
294960985,3830663,da,Wroblin
294961062,3830664,da,Wroblin
294961139,3830665,da,Wroblewo
294961216,3830666,da,Wroblewo
294961293,3830667,da,Wroblew
294961370,3830668,da,Wroblew
294961524,3830670,da,Wreczyca Wielka
294961601,3830671,da,Wreczyca Mala
294961678,3830672,da,Wreczyca
294961755,3830673,da,Wrabczynkowskie Holendry
294961832,3830674,da,Wrabczynek
294961909,3830675,da,Wrabczyn
294962217,3830679,da,Wozniki
294962448,3830682,da,Wozniki
294962602,3830684,da,Wozniki
294962679,3830685,da,Wozniki
294962756,3830686,da,Wozniki
294962910,3830688,da,Woszczkowo
294962987,3830689,da,Woskowice Gorne
294963064,3830690,da,Worowo
294963295,3830693,da,Wopity
294963372,3830694,da,Wonna
294963449,3830695,da,Woniesc
294963526,3830696,da,Wolwark
294963603,3830697,da,Woluszewo
294963680,3830698,da,Wolsztyn
294963834,3830700,da,Wolsko
294963988,3830702,da,Wolowice
294964065,3830703,da,Wolowe Lasy
294964142,3830704,da,Wolowa
294964219,3830705,da,Wołów
294964296,3830706,da,Wologoszcz
294964373,3830707,da,Wolodrza
294964450,3830708,da,Wolnica Niechmirowska
294964527,3830709,da,Wolne
294964604,3830710,da,Wolkowo
294964758,3830712,da,Wolki
294964835,3830713,da,Wolka Wojslawska
294965066,3830716,da,Wolka Skotnicka
294965143,3830717,da,Wolka Pytowska
294965220,3830718,da,Wolka Prusicka
294965297,3830719,da,Wolka Paruszewska
294965374,3830720,da,Wolka Orchowska
294965451,3830721,da,Wolka Oludzka
294965605,3830723,da,Wolka Lekawska
294965759,3830725,da,Wolka Krzykowska
294965836,3830726,da,Wolka Krosnowska
294965913,3830727,da,Wolka Czepowa
294965990,3830728,da,Wolka
294966375,3830733,da,Wolka
294966837,3830739,da,Wolinia
294966914,3830740,da,Wollin
294966991,3830741,da,Wolimirzyce
294967145,3830743,da,Wolice
294967299,3830745,da,Wolica Pusta
294967376,3830746,da,Wolica Kozia
294967453,3830747,da,Wolica
294967607,3830749,da,Woliborz
294967684,3830750,da,Wolental
294967761,3830751,da,Wolenice
294967838,3830752,da,Wolecin
294967915,3830753,da,Woldowo
294967992,3830754,da,Wołczyn
294968069,3830755,da,Wolczkowo
294968300,3830758,da,Wolbromow
294968377,3830759,da,Wolbromek
294968454,3830760,da,Wolbrom
294968531,3830761,da,Wolborz
294968608,3830762,da,Wola Zycinska
294968685,3830763,da,Wola Zbrozkowa
294968762,3830764,da,Wola Zaradzynska
294968839,3830765,da,Wola Zaleska
294968916,3830766,da,Wola Wydrzyna
294968993,3830767,da,Wola Wisniowa
294969070,3830768,da,Wola Wiewiecka
294969147,3830769,da,Wola Wiazowa
294969301,3830771,da,Wola Wezykowa
294969378,3830772,da,Wola Wapowska
294969455,3830773,da,Wola Trebska
294969532,3830774,da,Wola Tlomakowa
294969686,3830776,da,Wola Swiniecka
294969840,3830778,da,Wola Splawiecka
294969917,3830779,da,Wola Sosnowa
294969994,3830780,da,Wola Skorzecka
294970148,3830782,da,Wola Rychwalska
294970225,3830783,da,Wola Rudlicka
294970302,3830784,da,Wola Rozniatowska
294970379,3830785,da,Wola Rozkowa
294970456,3830786,da,Wola Rokszycka
294970533,3830787,da,Wola Rogozinska
294970610,3830788,da,Wola Rakowa
294970687,3830789,da,Wola Radziszowska
294970764,3830790,da,Wola Raciborowska
294970918,3830792,da,Wola Puczniewska
294970995,3830793,da,Wola Pszczolecka
294971072,3830794,da,Wola Przerebska
294971149,3830795,da,Wola Przedmiejska
294971226,3830796,da,Wola Przedborska
294971380,3830798,da,Wola Prosperowa
294971457,3830799,da,Wola Pomianowa
294971534,3830800,da,Wola Podlezna
294971611,3830801,da,Wola Piekarska
294971688,3830802,da,Wola Pacynska
294971765,3830803,da,Wola Owsiana
294971842,3830804,da,Wola Olszowa
294971919,3830805,da,Wolany
294971996,3830806,da,Wola Nowska
294972073,3830807,da,Wola Niechcicka Stara
294972227,3830809,da,Wola Moszczenicka
294972304,3830810,da,Wola Mokrzeska
294972381,3830811,da,Wola Milkowska
294972458,3830812,da,Wola Malowana
294972535,3830813,da,Wola Makolska
294972612,3830814,da,Wola Lubiankowska
294972689,3830815,da,Wola Lokotowa
294972766,3830816,da,Wola Lobudzka
294972843,3830817,da,Wola Libertowska
294972920,3830818,da,Wola Laszczowa
294972997,3830819,da,Wola Laska
294973074,3830820,da,Wola Lacka
294973151,3830821,da,Wola Kuzniewska
294973228,3830822,da,Wola Kutowa
294973305,3830823,da,Wola Ksiazeca
294973382,3830824,da,Wola Krzysztoporska
294973459,3830825,da,Wola Kruszynska
294973536,3830826,da,Wola Kozuszkowa
294973613,3830827,da,Wola Kotkowska
294973690,3830828,da,Wola Koszucka
294973767,3830829,da,Wola Kleszczowa
294973844,3830830,da,Wola Kiedrzynska
294973921,3830831,da,Wola Kamocka
294973998,3830832,da,Wola Kamienska
294974075,3830833,da,Wola Kalkowa
294974152,3830834,da,Wola Kalinowska
294974306,3830836,da,Wola Jedlinska
294974460,3830838,da,Wola Jablonska
294974537,3830839,da,Wola Hankowska
294974614,3830840,da,Wola Grzymkowa
294974768,3830842,da,Wola Grabiecka
294974845,3830843,da,Wola Goslawska
294974922,3830844,da,Wola Gorna
294974999,3830845,da,Wola Flaszczyna
294975076,3830846,da,Wola Filipowska
294975307,3830849,da,Wola Drzewiecka
294975384,3830850,da,Wola Droszewska
294975615,3830853,da,Wola Czaryska
294975692,3830854,da,Wola Cyrusowa
294975769,3830855,da,Wola Chruscinska
294975923,3830857,da,Wola Brwilenska
294976000,3830858,da,Wola Branicka
294976077,3830859,da,Wola Bledowa
294976154,3830860,da,Wola Blakowa
294976231,3830861,da,Wola Bedkowska
294976308,3830862,da,Wola Balucka
294976385,3830863,da,Wola Bachorna
294976539,3830865,da,Wola
294976616,3830866,da,Wola Kuczkowska
294976693,3830867,da,Wola
294976770,3830868,da,Wojtowka
294976847,3830869,da,Wojtowice
294977001,3830871,da,Wojtostwo Grabow
294977155,3830873,da,Wojtostwo
294977232,3830874,da,Wojtkowice
294977309,3830875,da,Wojtaszyce
294977386,3830876,da,Wojtal
294977463,3830877,da,Wojszyce
294977617,3830879,da,Wojslawice
294977694,3830880,da,Wojslawice
294977771,3830881,da,Wojslaw
294977848,3830882,da,Wojska
294977925,3830883,da,Wojsk
294978002,3830884,da,Wojnowo
294978233,3830887,da,Wojnowo
294978310,3830888,da,Wojnowiczki
294978387,3830889,da,Wojnowice
294978541,3830891,da,Wojnowice
294978618,3830892,da,Wojnowice
294978772,3830894,da,Wojnowice
294978849,3830895,da,Wojnarowice
294978926,3830896,da,Wojkowice Koscielne
294979003,3830897,da,Wojkowice
294979080,3830898,da,Wojkowice
294979157,3830899,da,Wojkow
294979311,3830901,da,Wojewodza
294979388,3830902,da,Wojecino
294979465,3830903,da,Wojdal
294979619,3830905,da,Wojcin
294980004,3830910,da,Wojcieszyn
294980081,3830911,da,Wojcieszyce
294980158,3830912,da,Wojcieszyce
294980312,3830914,da,Wojcieszow
294980466,3830916,da,Wojciechowo
294980697,3830919,da,Wojciechowice Duze
294980774,3830920,da,Wojciechowice
294980928,3830922,da,Wojciechow
294981005,3830923,da,Wojciechow
294981159,3830925,da,Wojciechow
294981313,3830927,da,Wojciechow
294981390,3830928,da,Wojcice
294981467,3830929,da,Wojcice
294981621,3830931,da,Wojborz
294981698,3830932,da,Wojanow
294982006,3830936,da,Wodzymin
294982083,3830937,da,Wodzisław Śląski
294982160,3830938,da,Wodzinek
294982314,3830940,da,Wodzierady
294982468,3830942,da,Wodziany
294982545,3830943,da,Wodynia
294982622,3830944,da,Wodniki
294982776,3830946,da,Wodnica
294983007,3830949,da,Wodka
294983084,3830950,da,Wodka
294983238,3830952,da,Woclawy
294983315,3830953,da,Wlynkowo
294983392,3830954,da,Wlynice
294983469,3830955,da,Wlyn
294983546,3830956,da,Wloszyca
294983623,3830957,da,Włoszczowa
294983700,3830958,da,Wloszakowice
294983777,3830959,da,Wlostowo
294983854,3830960,da,Wlostowo
294984085,3830963,da,Wlostowice
294984162,3830964,da,Wlostowa
294984239,3830965,da,Wlostow
294984316,3830966,da,Wlosienica
294984393,3830967,da,Wlosienica
294984470,3830968,da,Wlosciejewki
294984547,3830969,da,Wlosciejewice
294984624,3830970,da,Wlosciborz
294984701,3830971,da,Wlosciborz
294984778,3830972,da,Wlosciborek
294984855,3830973,da,Wlosan
294985086,3830976,da,Wloki
294985163,3830977,da,Wloki
294985240,3830978,da,Wlodzislaw
294985317,3830979,da,Wlodzimierzow
294985394,3830980,da,Wlodzimierz
294985471,3830981,da,Wlodzimierz
294985702,3830984,da,Wlodzienin
294985779,3830985,da,Wlodzice Male
294985856,3830986,da,Wlodowice
294985933,3830987,da,Wlodowice
294986010,3830988,da,Wlodary
294986087,3830989,da,Wlodarka
294986164,3830990,da,Wloczyska
294986318,3830992,da,Wloczewo
294986395,3830993,da,Włocławek
294986549,3830995,da,Wlochy
294986703,3830997,da,Wlewsk
294986780,3830998,da,Wlen
294986934,3831000,da,Wlawie
294987011,3831001,da,Wlasna
294987088,3831002,da,Władysławowo
294987396,3831006,da,Wladyslawowo
294987473,3831007,da,Wladyslavow
294987627,3831009,da,Wladyslavow
294987704,3831010,da,Wladyslavow
294988166,3831016,da,Wladyslavow
294988243,3831017,da,Wladyslaw
294988474,3831020,da,Wizany
294988551,3831021,da,Witunia
294988628,3831022,da,Wituchowo
294988705,3831023,da,Witrogoszcz
294988782,3831024,da,Witowy
294989013,3831027,da,Witowo
294989244,3831030,da,Witowice
294989321,3831031,da,Witowice
294989398,3831032,da,Witowaz
294989552,3831034,da,Witow
294989629,3831035,da,Witow
294989706,3831036,da,Witow
294989783,3831037,da,Witow
294989937,3831039,da,Witow
294990245,3831043,da,Witoszow Gorny
294990322,3831044,da,Witoszow Dolny
294990399,3831045,da,Witoszewo
294990476,3831046,da,Witoslaw
294990553,3831047,da,Witonia
294990707,3831049,da,Witoldzin
294990784,3831050,da,Witoldowo
294990938,3831052,da,Witobel
294991092,3831054,da,Witnica
294991169,3831055,da,Witnica
294991246,3831056,da,Witnica
294991323,3831057,da,Witkow Slaski
294991477,3831059,da,Witkowo
294991554,3831060,da,Witkowo Pierwsze
294991631,3831061,da,Witkowo
294991708,3831062,da,Witkowo
294991785,3831063,da,Witkowki
294991862,3831064,da,Witkowice
294992016,3831066,da,Witkowice
294992170,3831068,da,Witkowice
294992247,3831069,da,Witkow
294992324,3831070,da,Witkow
294992401,3831071,da,Witeradow
294992478,3831072,da,Witawa
294992555,3831073,da,Witaszyczki
294992632,3831074,da,Witaszyce
294992709,3831075,da,Witaszkowo
294992863,3831077,da,Witaszewice
294992940,3831078,da,Witanowice
294993017,3831079,da,Witanowice
294993094,3831080,da,Witankowo
294993171,3831081,da,Wiszno
294993248,3831082,da,Wiszczelice
294993402,3831084,da,Wistka Krolewska
294993479,3831085,da,Wistka
294993556,3831086,da,Wisniowa Gora
294993633,3831087,da,Wisniewo
294993710,3831088,da,Wisniewo
294993787,3831089,da,Wisniewko
294993941,3831091,da,Wisniewka
294994018,3831092,da,Wisniewa
294994095,3831093,da,Wisniewa
294994172,3831094,da,Wisnicze
294994249,3831095,da,Wislinka
294994326,3831096,da,Wislina
294994403,3831097,da,Wislica
294994480,3831098,da,Wisla Wielka
294994557,3831099,da,Wisla Mala
294994634,3831100,da,Wisła
294994711,3831101,da,Wiskitno
294994942,3831104,da,Wiselka
294995019,3831105,da,Wiry
294995096,3831106,da,Wiry
294995173,3831107,da,Wirwajdy
294995327,3831109,da,Wirki
294995404,3831110,da,Wirginowo
294995943,3831117,da,Wioska
294996097,3831119,da,Wiorek
294996174,3831120,da,Winsko
294996251,3831121,da,Winowno
294996405,3831123,da,Winniki
294996559,3831125,da,Winnica
294996636,3831126,da,Winnica
294996713,3831127,da,Winna Góra
294996790,3831128,da,Winna Gora
294996944,3831130,da,Winiary
294997021,3831131,da,Winiec
294997483,3831137,da,Wincentow
294997945,3831143,da,Wilkowyja
294998099,3831145,da,Wilkowyja
294998253,3831147,da,Wilkow Wielki
294998407,3831149,da,Wilkowo Polskie
294998484,3831150,da,Wilkowo Nowowiejskie
294998638,3831152,da,Wilkowo
294998715,3831153,da,Wilkowo
294998792,3831154,da,Wilkowo
294998869,3831155,da,Wilkowo
294998946,3831156,da,Wilkowo
294999023,3831157,da,Wilkowisko
294999100,3831158,da,Wilkowiecko
294999177,3831159,da,Wilkowice
294999254,3831160,da,Wilkowice
294999331,3831161,da,Wilkowice
294999639,3831165,da,Wilkow
294999716,3831166,da,Wilkow
294999793,3831167,da,Wilkow
294999870,3831168,da,Wilkow
294999947,3831169,da,Wilkow
295000024,3831170,da,Wilkoszewice
295000101,3831171,da,Wilkostowo
295000255,3831173,da,Wilkonice
295000409,3831175,da,Wilkocin
295000486,3831176,da,Wiklow
295000640,3831178,da,Wilkesy
295000794,3831180,da,Wilkanowo
295000871,3831181,da,Wilkanów
295000948,3831182,da,Wilka
295001025,3831183,da,Wilgoszcza
295001102,3831184,da,Wilemowice
295001256,3831186,da,Wilczyniec
295001333,3831187,da,Wilczyna
295001410,3831188,da,Wilczyn
295001487,3831189,da,Wilczy Las
295001641,3831191,da,Wilczyca
295001718,3831192,da,Wilczna
295001795,3831193,da,Wilczkowo
295002103,3831197,da,Wilczkowice
295002257,3831199,da,Wilczkowice
295002334,3831200,da,Wilczkow
295002411,3831201,da,Wilczkow
295002488,3831202,da,Wilczkow
295002565,3831203,da,Wilczkow
295002642,3831204,da,Wilczewo
295002719,3831205,da,Wilczeta
295002796,3831206,da,Wilczeniec Fabianski
295002873,3831207,da,Wilczeniec Bogucki
295002950,3831208,da,Wilcze Laski
295003104,3831210,da,Wilcze Bloto
295003181,3831211,da,Wilcze Blota
295003258,3831212,da,Wilcze
295003335,3831213,da,Wilcze
295003412,3831214,da,Wilczany
295003566,3831216,da,Wilcza Gora
295003797,3831219,da,Wilczogora
295003874,3831220,da,Wilcza
295003951,3831221,da,Wilcza
295004028,3831222,da,Wilcza
295004259,3831225,da,Wilanowo
295004336,3831226,da,Wilanow
295004567,3831229,da,Wilamowice Nyskie
295004721,3831231,da,Wilamowice
295004798,3831232,da,Wilamow
295004952,3831234,da,Wilamowa
295005029,3831235,da,Wiktoryn
295005414,3831240,da,Wiktorowko
295005491,3831241,da,Wiktorow
295005722,3831244,da,Wikrowo
295005799,3831245,da,Mikolajowa
295005876,3831246,da,Wiklino
295005953,3831247,da,Wikielec
295006107,3831249,da,Wijewo
295006184,3831250,da,Wigancice
295006261,3831251,da,Wiezowno
295006338,3831252,da,Wieza
295006415,3831253,da,Wiewiorki
295006492,3831254,da,Wiewiórka
295006569,3831255,da,Wiewiorka
295006646,3831256,da,Wiewiorczyn
295006723,3831257,da,Wiewiorczyn
295006800,3831258,da,Wiewierz
295006877,3831259,da,Wiewiec
295006954,3831260,da,Wietrzno
295007031,3831261,da,Wietchinin
295007108,3831262,da,Wieszyno
295007185,3831263,da,Wieszowa
295007339,3831265,da,Wieszkowo
295007416,3831266,da,Wieszki
295007570,3831268,da,Wieszczyczyn
295007647,3831269,da,Wieszczyce
295007878,3831272,da,Wiesnica
295007955,3831273,da,Wiesiolow
295008109,3831275,da,Wiesiolka
295008186,3831276,da,Wiesciszowice
295008263,3831277,da,Wierzyce
295008340,3831278,da,Wierzowice Wielkie
295008417,3831279,da,Wierzonka
295008494,3831280,da,Wierzbice
295008648,3831282,da,Wierznowice
295008802,3831284,da,Wierzenica
295008879,3831285,da,Wierzelin
295009033,3831287,da,Wierzeja
295009187,3831289,da,Wierzchy Parzenskie
295009264,3831290,da,Wierzchy Kluckie
295009341,3831291,da,Wierzchy
295009418,3831292,da,Wierzchy
295009803,3831297,da,Wierzchucino
295009880,3831298,da,Wierzchucin Krolewski
295009957,3831299,da,Wierzchucinek
295010111,3831301,da,Wierzchowo
295010188,3831302,da,Wierzchowo
295010265,3831303,da,Wierzchownia
295010342,3831304,da,Wierzchowisko
295010419,3831305,da,Wierzchowisko
295010496,3831306,da,Wierzchowiska
295010573,3831307,da,Wierzchowie
295010650,3831308,da,Wierzchowice
295010727,3831309,da,Wierzchowice
295010804,3831310,da,Wierzchoslawice
295010881,3831311,da,Wierzchoslawice
295010958,3831312,da,Wierzchoslaw
295011035,3831313,da,Wierzchomino
295011112,3831314,da,Wierzchominko
295011189,3831315,da,Wierzchocino
295011266,3831316,da,Wierzchocin
295011343,3831317,da,Wierzchocin
295011420,3831318,da,Wierzchno
295011497,3831319,da,Wierzchno
295011574,3831320,da,Wierzchlas
295011651,3831321,da,Wierzchlas
295011728,3831322,da,Wierzchaczewo
295011805,3831323,da,Wierzch
295011882,3831324,da,Wierzbowka
295012036,3831326,da,Wierzbowa
295012190,3831328,da,Wierzbowa
295012267,3831329,da,Wierzbocice
295012344,3831330,da,Wierzbno
295012421,3831331,da,Wierzbno
295012498,3831332,da,Wierzbno
295012652,3831334,da,Wierzbno
295012729,3831335,da,Wierzbno
295012806,3831336,da,Wierzbno
295012960,3831338,da,Wierzbnik
295013037,3831339,da,Wierzbna
295013114,3831340,da,Wierzbna
295013345,3831343,da,Wierzbinek
295013422,3831344,da,Wierzbiecin
295013576,3831346,da,Wierzbiecice
295013653,3831347,da,Wierzbiec
295013807,3831349,da,Wierzbie
295013884,3831350,da,Wierzbie
295013961,3831351,da,Wierzbie
295014038,3831352,da,Wierzbie
295014115,3831353,da,Wierzbie
295014192,3831354,da,Wierzbiczany
295014269,3831355,da,Wierzbick
295014346,3831356,da,Wierzbica
295014423,3831357,da,Wierzbica
295014500,3831358,da,Wierzbica
295014654,3831360,da,Wieruszow
295014731,3831361,da,Wieruszow
295014808,3831362,da,Wieruszew
295014885,3831363,da,Wierszyno
295015039,3831365,da,Wierciszewo
295015116,3831366,da,Wierciny
295015193,3831367,da,Wiercien
295015270,3831368,da,Wiercica
295015347,3831369,da,Wierchlesie
295015424,3831370,da,Wierbka
295015501,3831371,da,Wieprzec
295015578,3831372,da,Wieprz
295015655,3831373,da,Wieprz
295015732,3831374,da,Wieprz
295015886,3831376,da,Wieniec
295015963,3831377,da,Wieluń
295016271,3831381,da,Wielowies
295016348,3831382,da,Wielowies
295016425,3831383,da,Wielowies
295016656,3831386,da,Wielowies
295016733,3831387,da,Wielowiczek
295016810,3831388,da,Wielowicz
295016887,3831389,da,Wielotow
295016964,3831390,da,Wielopole
295017272,3831394,da,Wielonek
295017349,3831395,da,Wieloleka
295017426,3831396,da,Wieloglowy
295017580,3831398,da,Wielmoza
295017657,3831399,da,Wielkopole
295017965,3831403,da,Wielki Podles
295018119,3831405,da,Wielki Lubien
295018196,3831406,da,Wielki Leck
295018273,3831407,da,Wielki Konopat
295018350,3831408,da,Wielki Klincz
295018427,3831409,da,Wielki Gleboczek
295018504,3831410,da,Wielki Garc
295018581,3831411,da,Wielkie Zanie
295018658,3831412,da,Wielkie Zajaczkowo
295018735,3831413,da,Wielkie Walichnowy
295018966,3831416,da,Wielkie Rychnowo
295019043,3831417,da,Wielkie Radowiska
295019120,3831418,da,Wielkie Pulkowo
295019197,3831419,da,Wielkie Lunawy
295019274,3831420,da,Wielkie Lezno
295019351,3831421,da,Wielkie Gacno
295019428,3831422,da,Wielkie Drogi
295019505,3831423,da,Wielkie Chelmy
295019582,3831424,da,Wielkie Budziska
295019659,3831425,da,Wielkie Balowki
295019813,3831427,da,Wielki Dwor
295019890,3831428,da,Wielki Bukowiec
295020198,3831432,da,Wielka Wies
295020275,3831433,da,Wielka Wies
295020352,3831434,da,Wielka Wies
295020506,3831436,da,Wielka Wies
295020583,3831437,da,Wielka Piasnica
295020737,3831439,da,Wielkanoc
295020814,3831440,da,Wielka Nieszawka
295020891,3831441,da,Wielka Laka
295020968,3831442,da,Wielka Komorza
295021045,3831443,da,Wielka Klonia
295021122,3831444,da,Wieliszewo
295021199,3831445,da,Wielistowo
295021276,3831446,da,Wielislawice
295021353,3831447,da,Wielin
295021507,3831449,da,Wielichowo
295021584,3831450,da,Wielgoszcz
295021738,3831452,da,Wielgomlyny
295021815,3831453,da,Wielglowy
295021892,3831454,da,Wielgie
295021969,3831455,da,Wielgie
295022046,3831456,da,Wielgie
295022200,3831458,da,Wielen Zaobrzanski
295022277,3831459,da,Wielen Pomorski
295022431,3831461,da,Wielenin
295022508,3831462,da,Wieleń
295022662,3831464,da,Wiele
295022739,3831465,da,Wiele
295022816,3831466,da,Wieldzadz
295022893,3831467,da,Wielbrandowo
295022970,3831468,da,Wielboki
295023047,3831469,da,Wielbark
295023124,3831470,da,Wielawino
295023201,3831471,da,Wielany
295023278,3831472,da,Wielanowo
295023355,3831473,da,Wiela
295023432,3831474,da,Wiekszyce
