id,city_id,language_key,name
191361239,2485211,tl,Kalyanpur
191361316,2485212,tl,Raghunathpur
191361470,2485214,tl,Maidi Kalan
191361624,2485216,tl,Maidi Khurd
191361701,2485217,tl,Sohjana
191361855,2485219,tl,Pilkhi
191362086,2485222,tl,Gauspur
191362317,2485225,tl,Mahmuda
191362548,2485228,tl,Molna Chak
191362625,2485229,tl,Rupaspur
191362779,2485231,tl,Kapasia
191362856,2485232,tl,Sunri
191362933,2485233,tl,Banauli
191363010,2485234,tl,Kharij Jama
191363087,2485235,tl,Mian Bigha
191363241,2485237,tl,Andwas
191363318,2485238,tl,Karmu Bigha
191363395,2485239,tl,Molnadih
191363472,2485240,tl,Chhabilapur
191363549,2485241,tl,Lodipur
191363780,2485244,tl,Madhukar Chak
191363857,2485245,tl,Beldar Bigha
191363934,2485246,tl,Chainpur
191364011,2485247,tl,Malisanr
191364088,2485248,tl,Katalpura
191364165,2485249,tl,Dogi
191364242,2485250,tl,Rohua
191364319,2485251,tl,Nemthu
191364396,2485252,tl,Ammakuan
191364473,2485253,tl,Ratana
191364704,2485256,tl,Arhanpura
191364935,2485259,tl,Jethauna
191365012,2485260,tl,Tilari
191365089,2485261,tl,Kasi Bigha
191365243,2485263,tl,Chausandi
191365320,2485264,tl,Habi Chak
191365397,2485265,tl,Singhaul
191365474,2485266,tl,Bahuara
191365628,2485268,tl,Baraini
191365705,2485269,tl,Nekpur
191365782,2485270,tl,Katari
191365859,2485271,tl,Thera
191365936,2485272,tl,Mora
191366013,2485273,tl,Nima
191366090,2485274,tl,Mahuwala
191366167,2485275,tl,Muzaffarpur
191366244,2485276,tl,Jati Bhagwanpur
191366321,2485277,tl,Fatehpur
191366475,2485279,tl,Pilkhi
191366706,2485282,tl,Udaipur
191367168,2485288,tl,Basuain
191367245,2485289,tl,Nonhi
191367553,2485293,tl,Raja Bigha
191367630,2485294,tl,Chandaura
191367784,2485296,tl,Majaitha
191367861,2485297,tl,Satokhri
191368169,2485301,tl,Nansu Bigha
191368246,2485302,tl,Miar
191368323,2485303,tl,Kishunai Bigha
191368400,2485304,tl,Birju Bigha
191368477,2485305,tl,Gobdiha
191368708,2485308,tl,Barhauna
191368785,2485309,tl,Kharij Jama
191368862,2485310,tl,Barnausa
191368939,2485311,tl,Bahera
191369093,2485313,tl,Dilu Bigha
191369170,2485314,tl,Doda Chak
191369324,2485316,tl,Eksari
191369632,2485320,tl,Halim Chak
191369863,2485323,tl,Bhui
191369940,2485324,tl,Kurthaul
191370017,2485325,tl,Sikandra
191370094,2485326,tl,Gorawan
191370248,2485328,tl,Bisu Bigha
191370479,2485331,tl,Janaro
191370556,2485332,tl,Kandwa Bigha
191370633,2485333,tl,Bichhakol
191370864,2485336,tl,Dumari
191370941,2485337,tl,Muzaffarpur
191371018,2485338,tl,Daudpur
191371095,2485339,tl,Mobarakpur
191371172,2485340,tl,Dharhara
191371249,2485341,tl,Daya Bigha
191371403,2485343,tl,Maijra
191371557,2485345,tl,Daha Ghat
191371865,2485349,tl,Chhakauri Bigha
191371942,2485350,tl,Ramganj
191372096,2485352,tl,Bhagwanpur
191372173,2485353,tl,Balchand Bigha
191372327,2485355,tl,Qutlupur
191372404,2485356,tl,Bara
191372481,2485357,tl,Karjara
191372635,2485359,tl,Umrao Bigha
191372789,2485361,tl,Saure
191372866,2485362,tl,Benia Bigha
191372943,2485363,tl,Padum Bigha
191373020,2485364,tl,Nohsa
191373097,2485365,tl,Bakatmal Bigha
191373174,2485366,tl,Radha Bigha
191373251,2485367,tl,Inayatpur
191373328,2485368,tl,Sidhi Bigha
191373405,2485369,tl,Birbal Bigha
191373482,2485370,tl,Bhatu Bigha
191373559,2485371,tl,Bashman Bigha
191373636,2485372,tl,Ben
191373867,2485375,tl,Maha Bigha
191373944,2485376,tl,Kosnara
191374021,2485377,tl,Salim Bigha
191374098,2485378,tl,Diwai Bigha
191374252,2485380,tl,Padman Bigha
191374329,2485381,tl,Marsua
191374406,2485382,tl,Jolha Bigha
191374560,2485384,tl,Mari
191374637,2485385,tl,Kirpaganj
191374714,2485386,tl,Amia Bigha
191374791,2485387,tl,Jhandu Bigha
191374868,2485388,tl,Makhdumpur
191374945,2485389,tl,Murgawan
191375022,2485390,tl,Harihar Bigha
191375176,2485392,tl,Tara Bigha
191375253,2485393,tl,Astupur
191375330,2485394,tl,Khaira
191375407,2485395,tl,Maghsar
191375484,2485396,tl,Lakiya Par
191375638,2485398,tl,Jafra
191375946,2485402,tl,Kedu Bigha
191376023,2485403,tl,Bhatu Bigha
191376177,2485405,tl,Sehri
191376254,2485406,tl,Mansa Bigha
191376331,2485407,tl,Lalganj
191376485,2485409,tl,Gadai Chak
191376562,2485410,tl,Arawan
191376716,2485412,tl,Nagarpur
191376793,2485413,tl,Saidpur
191376870,2485414,tl,Kanku Bigha
191376947,2485415,tl,Eksara
191377101,2485417,tl,Muhammadpur
191377178,2485418,tl,Bishunpur
191377332,2485420,tl,`Atr
191377563,2485423,tl,Lala Bigha
191377717,2485425,tl,Rasalpur
191377794,2485426,tl,Ajnaura
191377871,2485427,tl,Rasula
191377948,2485428,tl,Mardan Bigha
191378102,2485430,tl,Dhanawan
191378256,2485432,tl,Horil Bigha
191378333,2485433,tl,Ajaipur
191378410,2485434,tl,Rupaspur
191378487,2485435,tl,Shekhpura
191378564,2485436,tl,Harprasad Bigha
191378718,2485438,tl,Sita Bigha
191378795,2485439,tl,Kalyanpur
191378949,2485441,tl,Chhatarpur
191379103,2485443,tl,Bari Math
191379180,2485444,tl,Koiri Bigha
191379334,2485446,tl,Bikrampur
191379411,2485447,tl,Fatehpur
191379565,2485449,tl,Sinawah
191379642,2485450,tl,Sakardih
191379796,2485452,tl,Bijapura
191379873,2485453,tl,Karan Bigha
191379950,2485454,tl,Pilich
191380027,2485455,tl,Alawan
191380951,2485467,tl,Bara Khurd
191381028,2485468,tl,Ratanpur
191381105,2485469,tl,Pahladnagar
191381182,2485470,tl,Sardar Bigha
191381259,2485471,tl,Kathanpura
191381413,2485473,tl,Sherpur
191381490,2485474,tl,Kundi
191381567,2485475,tl,Darwara
191381644,2485476,tl,Beldari Bigha
191381721,2485477,tl,Dasturpur
191381875,2485479,tl,Bhagmal Bigha
191381952,2485480,tl,Bishunpur
191382029,2485481,tl,Kubra Bigha
191382106,2485482,tl,Jamnapur
191382183,2485483,tl,Pathroura
191382260,2485484,tl,Gosai Bigha
191382337,2485485,tl,Balchand Bigha
191382568,2485488,tl,Doia
191382645,2485489,tl,Kakhra
191382799,2485491,tl,Barara
191382876,2485492,tl,Daudpur
191383415,2485499,tl,Jamali Chak
191383569,2485501,tl,Jagmohan Chak
191383646,2485502,tl,Makanpur
191383800,2485504,tl,Nari
191383877,2485505,tl,Kharij Jama
191383954,2485506,tl,Jagdispur Tiari
191384031,2485507,tl,Mathurapur
191384108,2485508,tl,Mahadeo Bigha
191384185,2485509,tl,Daryapur
191384339,2485511,tl,Nadiauna
191384416,2485512,tl,Ahiapur
191384493,2485513,tl,Dahpar
191384570,2485514,tl,Basu Khanda
191384647,2485515,tl,Parmanand Bigha
191384724,2485516,tl,Sargaon
191384801,2485517,tl,Teja Bigha
191384955,2485519,tl,Sakrorha
191385186,2485522,tl,Chor Bigha
191385340,2485524,tl,Sabalpur
191385417,2485525,tl,Gajraj Bigha
191385494,2485526,tl,Paparnohsa
191385648,2485528,tl,Dumrawan
191385725,2485529,tl,Lal Bag
191385956,2485532,tl,Pachauri
191386187,2485535,tl,Mani Chak
191386264,2485536,tl,Lakhrawan
191386418,2485538,tl,Mirpur Uknawan
191386572,2485540,tl,Nagphali Chak
191386726,2485542,tl,Kaparsari
191387111,2485547,tl,Nagwan
191387265,2485549,tl,Korai
191387419,2485551,tl,Sanpatpar
191387727,2485555,tl,Bhagwanpur
191387804,2485556,tl,Pachwara
191387958,2485558,tl,Lodipur
191388035,2485559,tl,Taju Bigha
191388112,2485560,tl,Kakaila
191388266,2485562,tl,Dih Mamurabad
191388343,2485563,tl,Gobindpur
191388420,2485564,tl,Pakri Sarai
191388497,2485565,tl,Chak Nirpur
191388574,2485566,tl,Jalalpur
191388651,2485567,tl,Nirpur
191388959,2485571,tl,Jangharo
191389036,2485572,tl,Madhopur
191389267,2485575,tl,Paki
191389344,2485576,tl,Gobindpur
191389421,2485577,tl,Bidupar
191389575,2485579,tl,Kul
191389729,2485581,tl,Bhadari
191389806,2485582,tl,Khonupur
191389883,2485583,tl,Maniawan
191390037,2485585,tl,Sabait
191390114,2485586,tl,Raghu Bigha
191390191,2485587,tl,Rangila Bigha
191390268,2485588,tl,Dharhara
191390345,2485589,tl,Niamatnagar
191390653,2485593,tl,Narhar Bigha
191390884,2485596,tl,Tulsi Bigha
191391038,2485598,tl,Pathla Tilha
191391269,2485601,tl,Siwan
191391346,2485602,tl,Belouwa
191391577,2485605,tl,Jhalar
191392193,2485613,tl,Jinda Bigha
191392270,2485614,tl,Ghustawan
191392347,2485615,tl,Balwa Chak
191392578,2485618,tl,Gor Bigha
191392732,2485620,tl,Karianna
191392809,2485621,tl,Kamal Bigha
191392886,2485622,tl,Malikpur
191392963,2485623,tl,Dumri
191393040,2485624,tl,Barakar
191393194,2485626,tl,Dhanchhuhi
191393271,2485627,tl,Saure
191393348,2485628,tl,Bande
191393425,2485629,tl,Gajipur
191393502,2485630,tl,Dharampura
191393579,2485631,tl,Baksu
191393656,2485632,tl,Khemji Bigha
191393733,2485633,tl,Lachhmipur
191393810,2485634,tl,Balaur
191393887,2485635,tl,Sonar Bigha
191393964,2485636,tl,Sithaura
191394272,2485640,tl,Lahuar
191394734,2485646,tl,Nagri
191394811,2485647,tl,Ujarpur
191395273,2485653,tl,Surah Kund
191395350,2485654,tl,Mutnaze
191395581,2485657,tl,Kapatiya
191395735,2485659,tl,Mohanpur
191395812,2485660,tl,Mirzapur
191395889,2485661,tl,Maheshpur
191395966,2485662,tl,Gonar Bigha
191396197,2485665,tl,Bans Bigha
191396351,2485667,tl,Musahri
191396736,2485672,tl,Gangti
191396813,2485673,tl,Akauna
191397044,2485676,tl,Birchait
191397275,2485679,tl,Kewai
191397429,2485681,tl,Pariaunna
191397506,2485682,tl,Mai
191397583,2485683,tl,Op
191397891,2485687,tl,Salha
191397968,2485688,tl,Rahimpur
191398045,2485689,tl,Ramauli
191398199,2485691,tl,Jagdispur Baghnagri
191398430,2485694,tl,Saraiya
191398584,2485696,tl,Mushari Ram
191398661,2485697,tl,Gopalpur Khurd
191398738,2485698,tl,Shakra Bazid
191398815,2485699,tl,Tulsi Mohanpur
191398892,2485700,tl,Sakra Faridpur
191398969,2485701,tl,Sapha Mahdaia
191399046,2485702,tl,Bhatandi
191399200,2485704,tl,Basantpur Jhiktahi
191399431,2485707,tl,Bharthipur
191399585,2485709,tl,Sundarpur
191399662,2485710,tl,Shampur
191399739,2485711,tl,Baji Raut
191399893,2485713,tl,Bazidpur Asog
191399970,2485714,tl,Baji Buzurg
191400201,2485717,tl,Chapra Bahor
191400278,2485718,tl,Marai Khurd
191400432,2485720,tl,Machhia
191400509,2485721,tl,Sujawalpur
191400586,2485722,tl,Sarmastpur
191400663,2485723,tl,Chandpur Chiknauta
191400894,2485726,tl,Shirazabad
191400971,2485727,tl,Raja Pakar
191401125,2485729,tl,Ratanpur Kewal
191401202,2485730,tl,Katesar
191401279,2485731,tl,Mehsi
191401356,2485732,tl,Ghanipur Bejha
191401510,2485734,tl,Keshopur
191401664,2485736,tl,Rasulpur Tajo
191401741,2485737,tl,Mansurpur
191402049,2485741,tl,Mahamadpur Dharam
191402203,2485743,tl,Muhammadpur Suki
191402357,2485745,tl,Bishunpur Katesar
191402434,2485746,tl,Chakwa
191402511,2485747,tl,Gobindpur Bela
191402588,2485748,tl,Bijepura
191402742,2485750,tl,Bela Adam
191402819,2485751,tl,Bhusahi
191402896,2485752,tl,Larho
191402973,2485753,tl,Rupanpatti
191403204,2485756,tl,Paharpur
191403281,2485757,tl,Piarepur
191403358,2485758,tl,Nasir Chak
191403666,2485762,tl,Balgaon Chandpur Buzurg
191403897,2485765,tl,Patepur
191403974,2485766,tl,Emadpur
191404051,2485767,tl,Rasulpur
191404359,2485771,tl,Shahbazpur
191404436,2485772,tl,Saidpur Dumra
191404744,2485776,tl,Dhankaul
191404821,2485777,tl,Amma Mori
191404975,2485779,tl,Mirpur Bhtoro
191405052,2485780,tl,Bazidpur Kusahi
191405129,2485781,tl,Chak Bairisal
191405206,2485782,tl,Bazidpur Kartar
191405437,2485785,tl,Dabhaich
191405514,2485786,tl,Nilo Rukunpur
191405591,2485787,tl,Pindrauta Khurd
191405668,2485788,tl,Paranpur
191405745,2485789,tl,Pindrauta Buzurg
191405822,2485790,tl,Bardiha Turki
191405899,2485791,tl,Aswan
191405976,2485792,tl,Murtazapur Dumri
191406207,2485795,tl,Raghopur Asidha
191406284,2485796,tl,Sakrauli
191406438,2485798,tl,Mataiya
191406515,2485799,tl,Chakaiya
191406669,2485801,tl,Bishunpur Gobind
191406823,2485803,tl,Padmaul
191406977,2485805,tl,Khemkaranpur
191407131,2485807,tl,Mansinghpur Bijrauli
191407208,2485808,tl,Amthanwa
191407362,2485810,tl,Kapsara
191407439,2485811,tl,Mora Buzurg
191407516,2485812,tl,Maroi
191407593,2485813,tl,Chak Sikandar
191407747,2485815,tl,Harpur Bhindi
191407824,2485816,tl,Azizpur Chandi
191407978,2485818,tl,Saidpur
191408055,2485819,tl,Rajwara
191408132,2485820,tl,Banchar
191408209,2485821,tl,Chak Pahar
191408286,2485822,tl,Mirzapur
191408517,2485825,tl,Bakarh
191408594,2485826,tl,Bazidpur Kaiju
191408671,2485827,tl,Lohanipatti
191408825,2485829,tl,Mathurapur
191408902,2485830,tl,Madhopur Digharwa
191408979,2485831,tl,Hasanpur Kaiju
191409056,2485832,tl,Paighambarpur
191409133,2485833,tl,Benua
191409210,2485834,tl,Songar
191409441,2485837,tl,Rajkhand
191409595,2485839,tl,Chak Mir Baqi
191409672,2485840,tl,Bahuara
191409749,2485841,tl,Pokhra
191409903,2485843,tl,Bhagwanpur Kaiju
191409980,2485844,tl,Chak Rasulabad
191410057,2485845,tl,Bishunpur Kaiju
191410211,2485847,tl,Chak Fazil
191410365,2485849,tl,Dumri Dakhli
191410750,2485854,tl,Muhammadi Chak
191410827,2485855,tl,Udaipur Anni
191410981,2485857,tl,Sirsia
191411058,2485858,tl,Ababakarpur
191411135,2485859,tl,Gaddopur
191411212,2485860,tl,Manpura
191411289,2485861,tl,Chak Fatma
191411366,2485862,tl,Salempur
191411597,2485865,tl,Murgia Chak
191411751,2485867,tl,Mohiuddinpur Rajwa
191411982,2485870,tl,Bazidpur Sarsauna
191412059,2485871,tl,Gouspur Sarsauna
191412136,2485872,tl,Asadadri
191412213,2485873,tl,Kishunwara
191412444,2485876,tl,Bach
191412521,2485877,tl,Dih Sarsauna
191412598,2485878,tl,Digha Fatehpur
191412675,2485879,tl,Bhagwanpur Khajuri
191412752,2485880,tl,Khajepur Basti
191412983,2485883,tl,Balnathpur Kodaria
191413060,2485884,tl,Ghanipur
191413137,2485885,tl,Bharthipur
191413214,2485886,tl,Akhtiarpur Doghra
191413291,2485887,tl,Chak Dohri
191413445,2485889,tl,Kawadih
191413522,2485890,tl,Chak Jadu
191413599,2485891,tl,Husepur
191413676,2485892,tl,Kubauli Baso
191413753,2485893,tl,Muradpur Bangra
191413830,2485894,tl,Kubauli Ram
191413907,2485895,tl,Rasulpur Kawa
191413984,2485896,tl,Bishunpur Kawa
191414138,2485898,tl,Madhopur Khairi
191414292,2485900,tl,Agrail Khurd
191414369,2485901,tl,Semri
191414446,2485902,tl,Dihri Buzurg
191414523,2485903,tl,Dihri Ishaq
191414677,2485905,tl,Hasan Sarai
191414831,2485907,tl,Pupri
191414908,2485908,tl,Rajapur
191414985,2485909,tl,Dubaha Buzurg
191415062,2485910,tl,Bahrampur
191415216,2485912,tl,Paharpur
191415370,2485914,tl,Bishunpur Bathua
191415524,2485916,tl,Dharmagatpur Bathua
191415678,2485918,tl,Jagdispur
191415755,2485919,tl,Sri Rampur Ajodhya
191415832,2485920,tl,Chapra Farid
191415909,2485921,tl,Chandanpatti
191416140,2485924,tl,Madsudanpur
191416294,2485926,tl,Baklatola
191416371,2485927,tl,Sheikhopur
191416448,2485928,tl,Ramirampur
191416679,2485931,tl,Malpur Agrail
191416756,2485932,tl,Itha Rasulnagar
191416833,2485933,tl,Dwarkapur
191416910,2485934,tl,Rampur Bakhri
191416987,2485935,tl,Basantpur Bakhri
191417141,2485937,tl,Sadiqpur Maraul
191417218,2485938,tl,Dholi
191417372,2485940,tl,Bishunpur Bakhri
191417449,2485941,tl,Harpur Muhamda
191417526,2485942,tl,Mahamadpur Deopar
191417680,2485944,tl,Harpur Pusa
191417834,2485946,tl,Dhobgawan
191417988,2485948,tl,Malinagar
191418296,2485952,tl,Bakhtiarpur
191418450,2485954,tl,Gorai
191418912,2485960,tl,Dharampur
191418989,2485961,tl,Lachhrampur
191419066,2485962,tl,Madhurapur
191419143,2485963,tl,Mohanpur
191419220,2485964,tl,Bazidpur
191419297,2485965,tl,Jagatsinghpur
191419374,2485966,tl,Bedaulia
191419528,2485968,tl,Harpur Singhia
191419836,2485972,tl,Ramcharni
191419990,2485974,tl,Simri Gopal
191420067,2485975,tl,Mahamadpur Birauli
191420144,2485976,tl,Birauli Khurd
191420221,2485977,tl,Somnaha
191420298,2485978,tl,Punas
191420375,2485979,tl,Madhopur
191420452,2485980,tl,Balapur
191420529,2485981,tl,Jhahuri
191420760,2485984,tl,Pachrukhi
191420914,2485986,tl,Morsand
191420991,2485987,tl,Dighra
191421068,2485988,tl,Gaura
191421145,2485989,tl,Bhairopatti
191421222,2485990,tl,Thahra
191421607,2485995,tl,Chakla Waini
191421761,2485997,tl,Kajia Bishunpur
191421838,2485998,tl,Chak Haji
191422069,2486001,tl,Malpur
191422223,2486003,tl,Chandauli
191422377,2486005,tl,Shahpur Baghauni
191422531,2486007,tl,Rajwa
191422608,2486008,tl,Rahimabad
191422685,2486009,tl,Nirpur
191422762,2486010,tl,Chak Ashraf
191422916,2486012,tl,Jagdispur
191422993,2486013,tl,Bharokhra
191423070,2486014,tl,Adharpur
191423224,2486016,tl,Baghi
191423301,2486017,tl,Ramkisnunpur
191423455,2486019,tl,Chandopatti
191423532,2486020,tl,Chak Abdul Gani
191423609,2486021,tl,Naraenpur Darhia
191423686,2486022,tl,Motipur
191423840,2486024,tl,Chak Haider
191423917,2486025,tl,Fatehpur Bala
191424148,2486028,tl,Murgia Chak
191424225,2486029,tl,Makundpur
191424302,2486030,tl,Darhia Belar
191424379,2486031,tl,Sangrampur
191424533,2486033,tl,Chak Janab
191424610,2486034,tl,Bikrampur Bande
191424764,2486036,tl,Bishunpur Bande
191424841,2486037,tl,Pahepur
191424918,2486038,tl,Sambhupatti
191424995,2486039,tl,Salompur Dasraha
191425072,2486040,tl,Murtazapur
191425149,2486041,tl,Bajopur
191425226,2486042,tl,Garuara
191425688,2486048,tl,Chako Bhindi
191425765,2486049,tl,Gorhiari
191425919,2486051,tl,Morwa
191425996,2486052,tl,Nikaspur
191426150,2486054,tl,Lathasepura
191426227,2486055,tl,Gangapur Athar
191426381,2486057,tl,Chak Habib
191426612,2486060,tl,Mubarakpur
191426766,2486062,tl,Dagarua
191427151,2486067,tl,Udapatti
191427459,2486071,tl,Nawa Chak
191427536,2486072,tl,Umaidpur
191427613,2486073,tl,Jitwarpur Kumhra
191427998,2486078,tl,Bhagwatpur
191428537,2486085,tl,Jhakhra
191428768,2486088,tl,Sarai Ranjan
191429153,2486093,tl,Repura
191429307,2486095,tl,Basantpur Ghaus
191429461,2486097,tl,Narsinghpur
191429538,2486098,tl,Balua
191429615,2486099,tl,Sahuri
191429692,2486100,tl,Saidpur
191429769,2486101,tl,Hajpurwa
191431078,2486118,tl,Karnauti
191431232,2486120,tl,Sabnima
191431309,2486121,tl,Chanda
191431386,2486122,tl,Lachhmanpur
191431463,2486123,tl,Aidal Chak
191431771,2486127,tl,Kalyan Bigha
191431925,2486129,tl,Nanda Bigha
191432079,2486131,tl,Bamo Chak
191432310,2486134,tl,Chero
191432464,2486136,tl,Sherpur
191432618,2486138,tl,Gokulpur
191432695,2486139,tl,Nehusa
191432926,2486142,tl,Daili
191433157,2486145,tl,Basti
191433234,2486146,tl,Jorarpur
191433388,2486148,tl,Garbu Chak
191433465,2486149,tl,Srichandpur
191433696,2486152,tl,Dharampur
191433850,2486154,tl,Cheran
191434081,2486157,tl,Sabnahua
191434158,2486158,tl,Chainpur
191434235,2486159,tl,Bahadurpur
191434312,2486160,tl,Nimakol
191434389,2486161,tl,Porai
191434466,2486162,tl,Sartha
191434620,2486164,tl,Shahbazpur
191434774,2486166,tl,Giridhar Chak
191434851,2486167,tl,Tanrapar
191434928,2486168,tl,Araut
191435005,2486169,tl,Murhari
191435082,2486170,tl,Dehra
191435236,2486172,tl,Alipur
191435313,2486173,tl,Phalanwan
191435390,2486174,tl,Patasia
191435467,2486175,tl,Lohra
191435544,2486176,tl,Narchawar
191435621,2486177,tl,Bela
191435775,2486179,tl,Dosut
191435929,2486181,tl,Bangaria
191436006,2486182,tl,Kamal Bigha
191436237,2486185,tl,Khaira
191436391,2486187,tl,Murgia Chak
191436468,2486188,tl,Supasang
191436853,2486193,tl,Tar Bigha
191437007,2486195,tl,Mai Farida
191437084,2486196,tl,Dhamauli
191437238,2486198,tl,Imli Bigha
191437392,2486200,tl,Chandaura
191437469,2486201,tl,Paithna
191437546,2486202,tl,Marhara
191437623,2486203,tl,Parasi
191437700,2486204,tl,Churaman Bigha
191437777,2486205,tl,Mathurapur
191437854,2486206,tl,Amarpur
191437931,2486207,tl,Bandih
191438008,2486208,tl,Dhamasang
191438085,2486209,tl,Kadi Bigha
191438162,2486210,tl,Salempur
191438239,2486211,tl,Qutubpura
191438393,2486213,tl,Gobaria
191438547,2486215,tl,Dulchandpur
191438624,2486216,tl,Chhatarpur
191438855,2486219,tl,Bokna
191439086,2486222,tl,Samabad
191439163,2486223,tl,Paindapur
191439240,2486224,tl,Amba
191439933,2486233,tl,Sulemanpur
191440087,2486235,tl,Mada Chak
191440241,2486237,tl,Habanpura
191440472,2486240,tl,Mathurapur
191440703,2486243,tl,Pachaura
191440780,2486244,tl,Jagnandanpur
191440857,2486245,tl,Bhandari
191441011,2486247,tl,Barandi
191441088,2486248,tl,Jhaman Bigha
191441165,2486249,tl,Balia Bigha
191441319,2486251,tl,Daulatpur
191441704,2486256,tl,Ora
191441781,2486257,tl,Pitaunjia
191442012,2486260,tl,Bishunpur
191442089,2486261,tl,Narayanpur
191442166,2486262,tl,Punha
191442397,2486265,tl,Panchtara
191442474,2486266,tl,Husianpur
191442551,2486267,tl,Majidpur
191442628,2486268,tl,Masia
191442782,2486270,tl,Muftipur
191442859,2486271,tl,Utarthu
191442936,2486272,tl,Ahia Chak
191443090,2486274,tl,Jamsari
191443167,2486275,tl,Gazipur
191443398,2486278,tl,Lalu Bigha
191443552,2486280,tl,Alipur
191443629,2486281,tl,Chauria
191443783,2486283,tl,Susandi
191443860,2486284,tl,Sonsa
191444091,2486287,tl,Indwas
191444168,2486288,tl,Gobindpur
191444322,2486290,tl,Bhenda
191444476,2486292,tl,Basak Saidi
191444707,2486295,tl,Lohtan Chak
191444784,2486296,tl,Mahima Chak
191444861,2486297,tl,Kharthua
191445015,2486299,tl,Gokhulpur
191445246,2486302,tl,Sanalpur
191445477,2486305,tl,Korari
191445631,2486307,tl,Jakki
191445708,2486308,tl,Gangta
191445785,2486309,tl,Poari
191445939,2486311,tl,Balwapar
191446478,2486318,tl,Amitra
191446632,2486320,tl,Chintaman Chak
191446863,2486323,tl,Ahranwan
191446940,2486324,tl,Belchhi
191447171,2486327,tl,Bandi Chak
191447248,2486328,tl,Chhatiana
191447402,2486330,tl,Alinagar
191447479,2486331,tl,Birampur
191447633,2486333,tl,Langhaura
191447941,2486337,tl,Udhwa
191448249,2486341,tl,Barah
191448326,2486342,tl,Fatehpur
191448403,2486343,tl,Gadanpura
191448480,2486344,tl,Sikandra
191448557,2486345,tl,Bhuapur
191448634,2486346,tl,Jagdispur
191448711,2486347,tl,Misi
191448788,2486348,tl,Geruari
191448865,2486349,tl,Basawanpur
191449096,2486352,tl,Bazidpur
191449173,2486353,tl,Sawani
191449250,2486354,tl,Muhammadpur Nawa Bigha
191449327,2486355,tl,Harauli
191449404,2486356,tl,Jamalpur Barhia
191449481,2486357,tl,Saraia
191449712,2486360,tl,Shaistapur
191449789,2486361,tl,Kewal Bigha
191450097,2486365,tl,Bahadurpur
191450174,2486366,tl,Dakshin Chak
191450559,2486371,tl,Phulelpur
191450636,2486372,tl,Pura
191450713,2486373,tl,Mubarakpur
191450867,2486375,tl,Mankaura
191450944,2486376,tl,Rahmanpur
191451021,2486377,tl,Hasan Chak
191451483,2486383,tl,Kalyanpur
191452330,2486394,tl,Rana Bigha
191452407,2486395,tl,Sadiqpur
191453023,2486403,tl,Akbarpur
191453100,2486404,tl,Dahaur
191453177,2486405,tl,Salarpur
191453408,2486408,tl,Sikandra
191453639,2486411,tl,Dhanwan
191453870,2486414,tl,Hasan Chak
191453947,2486415,tl,Bahrawan
191454024,2486416,tl,Soima
191454101,2486417,tl,Goaram
191454332,2486420,tl,Masatthu
191454409,2486421,tl,Nadwan
191454486,2486422,tl,Saidpur
191454563,2486423,tl,Rahima
191454640,2486424,tl,Ekdanga
191454717,2486425,tl,Atnawan
191454871,2486427,tl,Sarkatti
191454948,2486428,tl,Chak Jalal
191455025,2486429,tl,Kabir Chak
191455102,2486430,tl,Tilhar
191455256,2486432,tl,Jalalpur
191455410,2486434,tl,Kaima
191455795,2486439,tl,Lakha Chak
191456103,2486443,tl,Madan Chak
191456180,2486444,tl,Rajupur
191456411,2486447,tl,Indauli
191456488,2486448,tl,Dariapur
191456565,2486449,tl,Bhikhu Chak
191456642,2486450,tl,Chauria
191456719,2486451,tl,Gobindpur
191456796,2486452,tl,Kishanpur
191456950,2486454,tl,Jakjanpur
191457104,2486456,tl,Bakra
191457181,2486457,tl,Makanpur
191457258,2486458,tl,Tajnipur
191457489,2486461,tl,Baruane
191457566,2486462,tl,Gobindpur
191457643,2486463,tl,Nauranga
191457797,2486465,tl,Suratpur
191457874,2486466,tl,Ishwar Chak
191457951,2486467,tl,Kushar
191458028,2486468,tl,Kathrahi
191458336,2486472,tl,Chhatarpur
191458413,2486473,tl,Jahana
191458952,2486480,tl,Jaitipur
191459029,2486481,tl,Dariapur
191459106,2486482,tl,Mahadihpur
191459183,2486483,tl,Ibrahimpur
191459260,2486484,tl,Malawan
191459414,2486486,tl,Sekhra
191459568,2486488,tl,Pojh
191459722,2486490,tl,Kabirpur
191459799,2486491,tl,Rupaspur
191459876,2486492,tl,Fateh Chak
191460030,2486494,tl,Moti Bigha
191460184,2486496,tl,Chhatar Bigha
191460261,2486497,tl,Sadarpur
191460338,2486498,tl,Lodipur
191460415,2486499,tl,Kasim Bigha
191460569,2486501,tl,Kanhauli
191460646,2486502,tl,Gang Chak
191460800,2486504,tl,Barhog
191460877,2486505,tl,Janakpur
191461108,2486508,tl,Dharhara
191461262,2486510,tl,Sirsi
191461416,2486512,tl,Bidgaon
191461493,2486513,tl,Pargaon
191461570,2486514,tl,Devgaon
191461801,2486517,tl,Pungaon
191462263,2486523,tl,Bhokni
191462340,2486524,tl,Vambhori
191462417,2486525,tl,Diksai
191462494,2486526,tl,Moharad
191462648,2486528,tl,Vidgaon
191462879,2486531,tl,Siragad
191462956,2486532,tl,Turkheda
191463187,2486535,tl,Dhamangaon
191463264,2486536,tl,Mamurabad
191463418,2486538,tl,Chincholi
191463495,2486539,tl,Dongaon
191463726,2486542,tl,Adgaon
191463803,2486543,tl,Malod
191463880,2486544,tl,Naygaon
191464188,2486548,tl,Sujda
191464804,2486556,tl,Bholana
191464881,2486557,tl,Tarsod
191465112,2486560,tl,Pimpri
191465497,2486565,tl,Korpavli
191465805,2486569,tl,Bhalshiv
191465882,2486570,tl,Shelgaon
191465959,2486571,tl,Kadgaon
191466036,2486572,tl,Jalgaon Khurd
191466113,2486573,tl,Sunasgaon
191466190,2486574,tl,Gombhi
191466267,2486575,tl,Khirdi
191466344,2486576,tl,Tighra
191466498,2486578,tl,Jogalkheda
191466729,2486581,tl,Boraval Budruk
191466806,2486582,tl,Takarkhede
191467037,2486585,tl,Nimgaon
191467345,2486589,tl,Chitoda
191467884,2486596,tl,Atraval
191468038,2486598,tl,Vitnera
191468192,2486600,tl,Dayalpur
191468346,2486602,tl,Lakhi
191468423,2486603,tl,Bilali
191468577,2486605,tl,Dasnaval
191468654,2486606,tl,Garaghat
191468885,2486609,tl,Machalgaon
191469039,2486611,tl,Hirapur
191469116,2486612,tl,Piplai
191469347,2486615,tl,Sagur
191469424,2486616,tl,Silai
191469578,2486618,tl,Andad
191469655,2486619,tl,Jamnia
191469809,2486621,tl,Balkhadia
191469963,2486623,tl,Lalni
191470040,2486624,tl,Poi
191470271,2486627,tl,Selda
191470348,2486628,tl,Sakarkhedi
191470425,2486629,tl,Signur
191470579,2486631,tl,Valka
191470656,2486632,tl,Singarchavdi
191470733,2486633,tl,Surva
191470810,2486634,tl,Bhopada
191470964,2486636,tl,Khudgaon
191471041,2486637,tl,Sakargaon
191471195,2486639,tl,Keshavpura
191471272,2486640,tl,Devla
191471503,2486643,tl,Sangvi
191471580,2486644,tl,Kholava
191471657,2486645,tl,Akhapura
191471734,2486646,tl,Bhagwanpura
191471965,2486649,tl,Saikhed
191472042,2486650,tl,Pokhrabad
191472196,2486652,tl,Satvada
191472350,2486654,tl,Morva
191472427,2486655,tl,Mohad
191472504,2486656,tl,Devit Khurd
191472581,2486657,tl,Jamnya Buzurg
191472735,2486659,tl,Dhakbardi
191472889,2486661,tl,Gaval
191472966,2486662,tl,Pokhar Khurd
191473043,2486663,tl,Amankhedi
191473120,2486664,tl,Lakhapur
191473274,2486666,tl,Chilatia
191473428,2486668,tl,Devit Buzurg
191473505,2486669,tl,Nemit
191473659,2486671,tl,Kaliakhedi
191473736,2486672,tl,Jamnia Khurd
191473813,2486673,tl,Umardad
191473967,2486675,tl,Temla
191474583,2486683,tl,Mamdia
191474660,2486684,tl,Dabla
191474737,2486685,tl,Gadi
191474814,2486686,tl,Daudkhedi
191474891,2486687,tl,Anjangaon
191474968,2486688,tl,Mogargaon
191475045,2486689,tl,Ghodi Buzurg
191475122,2486690,tl,Ghodi Khurd
191475276,2486692,tl,Lakhapur
191475430,2486694,tl,Karania
191475738,2486698,tl,Gorakhpur
191475892,2486700,tl,Jamli
191475969,2486701,tl,Mordad
191476046,2486702,tl,Kharva
191476200,2486704,tl,Bondrania
191476277,2486705,tl,Mandva
191476508,2486708,tl,Baikheda
191476739,2486711,tl,Balkhed
191477124,2486716,tl,Borkheda Khurd
191477355,2486719,tl,Vanjola
191477432,2486720,tl,Chorvad
191477740,2486724,tl,Borek
191477894,2486726,tl,Bhalod
191477971,2486727,tl,Bamnod
191478048,2486728,tl,Padalsa
191478202,2486730,tl,Kathora
191478279,2486731,tl,Kandari
191478587,2486735,tl,Kasva
191478664,2486736,tl,Kosgaon
191478741,2486737,tl,Vanoli
191478818,2486738,tl,Amoda
191478895,2486739,tl,Hambardi
191478972,2486740,tl,Marul
191479280,2486744,tl,Viroda
191479357,2486745,tl,Ridhori
191479434,2486746,tl,Nimbhore Budruk
191479588,2486748,tl,Sakri
191479665,2486749,tl,Manyarkhede
191479742,2486750,tl,Jatgaon
191479819,2486751,tl,Pimprisekam.
191479896,2486752,tl,Sudgaon
191479973,2486753,tl,Raypur
191480204,2486756,tl,Mangi
191480281,2486757,tl,Karanji
191480358,2486758,tl,Vadhoda
191480435,2486759,tl,Pimprud
191480512,2486760,tl,Kalmoda
191480743,2486763,tl,Thorgavhan
191480820,2486764,tl,Rangaon
191481359,2486771,tl,Taskheda
191481436,2486772,tl,Udhali Khurd
191481590,2486774,tl,Gata
191481667,2486775,tl,Talvel
191482514,2486786,tl,Chinaval
191482591,2486787,tl,Sunoda
191482668,2486788,tl,Lumkheda
191482745,2486789,tl,Hatnur
191482822,2486790,tl,Tahakli
191482899,2486791,tl,Mangalwadi
191482976,2486792,tl,Tandalwadi
191483053,2486793,tl,Andalvadi
191483130,2486794,tl,Dasnur
191483284,2486796,tl,Vadgaon
191483361,2486797,tl,Kumbharkheda
191483515,2486799,tl,Balvadi
191483592,2486800,tl,Singat
191483669,2486801,tl,Chinchol
191483746,2486802,tl,Manpur
191483823,2486803,tl,Kahurkhede
191484285,2486809,tl,Singadi
191484362,2486810,tl,Bhamalwadi
191484670,2486814,tl,Bhatkheda
191484747,2486815,tl,Utkheda
191484901,2486817,tl,Dujkheda
191484978,2486818,tl,Rekal Gadda
191485055,2486819,tl,Bolaram
191485209,2486821,tl,Udimalla
191485517,2486825,tl,Bapanpad
191486056,2486832,tl,Pogulla
191486287,2486835,tl,Palutla
191486672,2486840,tl,Venkatadripalem
191486749,2486841,tl,Jangamvaripalle
191486826,2486842,tl,Kolukula
191486903,2486843,tl,Virabhadrapuram
191486980,2486844,tl,Koppunur
191487057,2486845,tl,Kandlakunta
191487134,2486846,tl,Gottipalla
191487211,2486847,tl,Gangulagunta
191487365,2486849,tl,Layapalle
191487519,2486851,tl,Gangireddipalle
191487673,2486853,tl,Uppalapadu
191487981,2486857,tl,Terla
191488058,2486858,tl,Dwarakapuri
191488135,2486859,tl,Alugurajupalli
191488212,2486860,tl,Kottapalle
191488289,2486861,tl,Lingapuram
191488366,2486862,tl,Rayavaram
191488443,2486863,tl,Polepalle
191488597,2486865,tl,Patlavidu
191488751,2486867,tl,Mutukuru
191488828,2486868,tl,Chinnapalem
191488982,2486870,tl,Devupalle
191489213,2486873,tl,Regulapalle
191489367,2486875,tl,Mogullapalli
191489444,2486876,tl,Pandivanipalle
191489598,2486878,tl,Gollavidipi
191489675,2486879,tl,Ayyambhotlapalle
191489752,2486880,tl,Ramachandrapuram
191489829,2486881,tl,Ramasamudram
191489906,2486882,tl,Channampalle
191489983,2486883,tl,Muraripalli
191490060,2486884,tl,Ranganapalem
191490522,2486890,tl,Nayadupalem
191490676,2486892,tl,Kavulakuntla
191490907,2486895,tl,Ratsakonda
191491292,2486900,tl,Vummadivaram
191491523,2486903,tl,Gangavaram
191491600,2486904,tl,Endurivaripalem
191491677,2486905,tl,Medapi
191491754,2486906,tl,Ganapayaram
191491831,2486907,tl,Mittapalem
191492062,2486910,tl,Ragadapa
191492139,2486911,tl,Kalepalli
191492216,2486912,tl,Timmapur
191492370,2486914,tl,Virlapalem
191492447,2486915,tl,Mudimanikam
191492524,2486916,tl,Gottimukkala
191492601,2486917,tl,Jettipalem
191492678,2486918,tl,Goli
191492755,2486919,tl,Pasarlapadu
191492832,2486920,tl,Mittagudipadu
191492909,2486921,tl,Kottapaluvayi
191492986,2486922,tl,Rentala
191493063,2486923,tl,Manchikallu
191493140,2486924,tl,Cherlagudipadu
191493294,2486926,tl,Pallegunta
191493371,2486927,tl,Gangavaram
191493448,2486928,tl,Pulipadu
191493525,2486929,tl,Daida
191493679,2486931,tl,Iragudem
191493756,2486932,tl,Ganespahad
191493910,2486934,tl,Narsapur
191493987,2486935,tl,Janpahad
191494064,2486936,tl,Suriapahad
191494141,2486937,tl,Ravipahad
191494218,2486938,tl,Mahankaligudem
191494295,2486939,tl,Ramapuram
191494372,2486940,tl,Bhatrupalem
191494449,2486941,tl,Pondugala
191494526,2486942,tl,Gamalapadu
191494757,2486945,tl,Ambapuram
191494834,2486946,tl,Alugumallipadu
191494988,2486948,tl,Budavada
191495065,2486949,tl,Kachavaram
191495142,2486950,tl,Gogulapadu
191495219,2486951,tl,Sankarapuram Siddhayi
191495758,2486958,tl,Vaijnath
191495912,2486960,tl,Mohadi
191496066,2486962,tl,Jalka
191496605,2486969,tl,Rotvad
191496682,2486970,tl,Kasampura
191496836,2486972,tl,Nachankhede
191496990,2486974,tl,Bharadi
191497067,2486975,tl,Bilkheda
191497144,2486976,tl,Sunasgaon Khurd
191497221,2486977,tl,Savatkheda
191497298,2486978,tl,Mohadi
191497529,2486981,tl,Kalmad
191497606,2486982,tl,Gadegaon
191497760,2486984,tl,Dhanvad
191497914,2486986,tl,Chincholi
191498145,2486989,tl,Manyarkheda
191498299,2486991,tl,Belvhal
191498376,2486992,tl,Beli
191498607,2486995,tl,Bhagpur
191498761,2486997,tl,Kandari
191499069,2487001,tl,Kekat
191499223,2487003,tl,Malpimpri
191499300,2487004,tl,Gondkhel
191499685,2487009,tl,Shahapur
191499762,2487010,tl,Mhasas
191499839,2487011,tl,Kalamsar
191499993,2487013,tl,Kokadi
191500070,2487014,tl,Jangipura
191500147,2487015,tl,Malkheda
191500378,2487018,tl,Murad
191500455,2487019,tl,Kolha
191500609,2487021,tl,Atalgavhan
191500686,2487022,tl,Malgaon
191500763,2487023,tl,Kankrala
191500840,2487024,tl,Jarandi
191500917,2487025,tl,Nimbayati
191500994,2487026,tl,Rampura
191501071,2487027,tl,Bohalkheda
191501225,2487029,tl,Ghatamri
191501302,2487030,tl,Halda
191501379,2487031,tl,Janjala
191501456,2487032,tl,Dakhla
191501687,2487035,tl,Galvada
191501995,2487039,tl,Manegaon
191502149,2487041,tl,Gondegaon
191502226,2487042,tl,Chilgaon
191502688,2487048,tl,Jogalkhede
191502765,2487049,tl,Sonala
191502996,2487052,tl,Sheri
191503304,2487056,tl,Pimpalgaon Khurd
191503458,2487058,tl,Palaskheda
191503535,2487059,tl,Jambhol
191503689,2487061,tl,Dhanvat
191503843,2487063,tl,Hana
191503920,2487064,tl,Sawarkheda
191503997,2487065,tl,Lenapur
191504074,2487066,tl,Pimpaldari
191504228,2487068,tl,Vasai
191504305,2487069,tl,Sangvi
191504459,2487071,tl,Madugala
191504536,2487072,tl,Syamarajpuram
191504690,2487074,tl,Dharmavaram
191504767,2487075,tl,Obulesunipalle
191504844,2487076,tl,Atmakur
191504921,2487077,tl,Kolagutla
191505075,2487079,tl,Kakirala
191505152,2487080,tl,Minchalapadu
191505229,2487081,tl,Gandiganumala
191505383,2487083,tl,Ravulapuram
191505460,2487084,tl,Sholayapalem
191505537,2487085,tl,Domalagunda
191505614,2487086,tl,Mekaladinne
191505691,2487087,tl,Ayyanapalem
191505768,2487088,tl,Papayapalem
191505845,2487089,tl,Narmalapadu
191505922,2487090,tl,Miriyala
191505999,2487091,tl,Pedakodamagundla
191506153,2487093,tl,Kakanivaripalem
191506230,2487094,tl,Vyapakumpalle
191506307,2487095,tl,Chintapalle
191506384,2487096,tl,Marripalem
191506461,2487097,tl,Hanumapuram
191506538,2487098,tl,Chakrayapalem
191506615,2487099,tl,Garikapadu
191506769,2487101,tl,Mellavagu
191506846,2487102,tl,Reddipalem
191506923,2487103,tl,Lalipuram
191507000,2487104,tl,Gummanampadu
191507154,2487106,tl,Marrivemula
191507308,2487108,tl,Gajulapalle
191507539,2487111,tl,Gangupalle
191507616,2487112,tl,Kandrika
191507693,2487113,tl,Singupalli
191507770,2487114,tl,Satakodu
191507847,2487115,tl,Gutlapalle
191508001,2487117,tl,Manepalle
191508078,2487118,tl,Remtapalle
191508155,2487119,tl,Ramapuram
191508232,2487120,tl,Siddanapalem
191508309,2487121,tl,Isukatripuravaram
191508463,2487123,tl,Ganesunipalem
191508617,2487125,tl,Vengayapalem
191508694,2487126,tl,Pataannasamudram
191508771,2487127,tl,Annasamudram
191508848,2487128,tl,Nadipalem
191508925,2487129,tl,Nilagangavaram
191509002,2487130,tl,Tangirala
191509233,2487133,tl,Narasarayanipalem
191509310,2487134,tl,Nadigadda
191509387,2487135,tl,Dondapadu
191509464,2487136,tl,Koppukonda
191509541,2487137,tl,Perurupadu
191509695,2487139,tl,Kanumalacheruvu
191509772,2487140,tl,Malapadu
191509849,2487141,tl,Bollapalle
191509926,2487142,tl,Sanginenipalem
191510003,2487143,tl,Mugachintalapalem
191510080,2487144,tl,Gangulapalem
191510157,2487145,tl,Vaddemgunta
191510234,2487146,tl,Sarikondapalem
191510311,2487147,tl,Naragayapalem
191510388,2487148,tl,Zalalapalem
191510465,2487149,tl,Venkupalem
191510542,2487150,tl,Upparapalem
191510619,2487151,tl,Panakalpalem
191510696,2487152,tl,Bharatapuram
191510773,2487153,tl,Timmayapalem
191510927,2487155,tl,Chatragadapadu
191511081,2487157,tl,Tellabadu
191511235,2487159,tl,Sivapuram
191511312,2487160,tl,Peddavaram
191511466,2487162,tl,Agnigundala
191511697,2487165,tl,Ramchandrapur
191511774,2487166,tl,Matpalli
191511851,2487167,tl,Katrapadu
191511928,2487168,tl,Kottur
191512082,2487170,tl,Madinapadu
191512159,2487171,tl,Mutyalampadu
191512236,2487172,tl,Ramachandrapuram
191512467,2487175,tl,Tummalacheruvu
191512621,2487177,tl,Karalapadu
191512698,2487178,tl,Chennayapalem
191512775,2487179,tl,Kamepalle
191513160,2487184,tl,Matsavaram
191513237,2487185,tl,Pinneli
191513314,2487186,tl,Kottapalem
191513468,2487188,tl,Marjampad
191513622,2487190,tl,Vemavaram
191513699,2487191,tl,Govindapuram
191513776,2487192,tl,Chennayapalem
191513853,2487193,tl,Tadutla
191514007,2487195,tl,Regulagedda
191514161,2487197,tl,Gundlapalli
191514238,2487198,tl,Ragunathapalem
191514392,2487200,tl,Adlur
191514469,2487201,tl,Chityala
191514700,2487204,tl,Chintriyal
191514777,2487205,tl,Reballi
191514854,2487206,tl,Ketavaram
191514931,2487207,tl,Bodanam
191515008,2487208,tl,Kamepalle
191515085,2487209,tl,Gopalpuram
191515239,2487211,tl,Mannesultanpalem
191515470,2487214,tl,Srirukminipuram
191515624,2487216,tl,Konanki
191515701,2487217,tl,Matsayapalem
191515855,2487219,tl,Bandaposanpalle
191516163,2487223,tl,Edulapalli
191516317,2487225,tl,Baswapur
191516394,2487226,tl,Kothapalli
191516625,2487229,tl,Yeldurti
191516933,2487233,tl,Alipur
191517087,2487235,tl,Mutrajpalli
191517164,2487236,tl,Kazipet
191517241,2487237,tl,Tirmalapur
191517549,2487241,tl,Chinna Chintakunta
191517703,2487243,tl,Pedda Chintakunta
191517780,2487244,tl,Achampet
191517934,2487246,tl,Timmapur
191518088,2487248,tl,Channapur
191518165,2487249,tl,Bijlipur
191518319,2487251,tl,Tupakulapally
191518627,2487255,tl,Konayapalli
191518704,2487256,tl,Dharmarajpalli
191518858,2487258,tl,Palat
191519551,2487267,tl,Narsapur
191519859,2487271,tl,Paralpalli
191520167,2487275,tl,Chandapalli
191520321,2487277,tl,Nagsanpally
191520475,2487279,tl,Achampet
191520706,2487282,tl,Ambajipet
191520783,2487283,tl,Kamaram
191520937,2487285,tl,Rudraram
191521014,2487286,tl,Mallupalli
191521245,2487289,tl,Anantsagar
191521322,2487290,tl,Polampalli
191521553,2487293,tl,Mandapur
191521861,2487297,tl,Muttempet
191522092,2487300,tl,Gopalpuram
191522169,2487301,tl,Narsampalli
191522246,2487302,tl,Kasanpalli
191522400,2487304,tl,Gundureddipalli
191522554,2487306,tl,Iranagaram
191522708,2487308,tl,Ankreddipalli
191522862,2487310,tl,Tenkampet
191523093,2487313,tl,Narsampalli
191523247,2487315,tl,Chandapur
191523709,2487321,tl,Maktapalli
191523863,2487323,tl,Rangampet
191524094,2487326,tl,Shakaram
191524171,2487327,tl,Girmapur
191524402,2487330,tl,Govindapur
191524479,2487331,tl,Ramakapet
191524710,2487334,tl,Sangapur
191525018,2487338,tl,Dharmareddipalli
191525172,2487340,tl,Anantaraopalli
191525557,2487345,tl,Konapur
191525634,2487346,tl,Datarpalli
191525711,2487347,tl,Dacharam
191525788,2487348,tl,Lingareddipalli
191526173,2487353,tl,Seripalli
191526250,2487354,tl,Singaram
191526404,2487356,tl,Chandapur
191526481,2487357,tl,Rampur
191526789,2487361,tl,Kondapur
191526866,2487362,tl,Narsapur
191526943,2487363,tl,Danduguda
191527328,2487368,tl,Dasarlapalli
191527405,2487369,tl,Srirampur
191527636,2487372,tl,Tunki Bolarum
191527713,2487373,tl,Nagareddipalli
191527790,2487374,tl,Chinna Timmapur
191528252,2487380,tl,Gangadarpalli
191528714,2487386,tl,Gosaiguda
191529022,2487390,tl,Antaipalli
191529176,2487392,tl,Bomraspet
191529407,2487395,tl,Tannery
191530331,2487407,tl,Rangapur
191530408,2487408,tl,Kesawapur
191530485,2487409,tl,Banda Karpalli
191530562,2487410,tl,Munirabad
191530716,2487412,tl,Adraspalli
191530870,2487414,tl,Solipet
191530947,2487415,tl,Kazipet
191531101,2487417,tl,Anantaram
191531178,2487418,tl,Nagaipalli
191531563,2487423,tl,Kamalabad
191531640,2487424,tl,Masanpally
191531717,2487425,tl,Alinagaram
191533180,2487444,tl,Srinivaspuram
191533796,2487452,tl,Kandiguda
191536260,2487484,tl,Bodupal
191536414,2487486,tl,Pirzadaguda
191536491,2487487,tl,Marrepalli
191536645,2487489,tl,Kachwanisingaram
191537646,2487502,tl,Kurvalguda
191538108,2487508,tl,Gandicheru
191538185,2487509,tl,Umarkhanguda
191538339,2487511,tl,Pirlaguda
191538493,2487513,tl,Surmayaguda
191538570,2487514,tl,Jafarguda
191538724,2487516,tl,Pikilipur
191538801,2487517,tl,Inamguda
191539032,2487520,tl,Timmaiguda
191539109,2487521,tl,Baljiguda
191539263,2487523,tl,Pillaipalli
191540187,2487535,tl,Bacharam
191540418,2487538,tl,Marpalliguda
191540572,2487540,tl,Ankushapur
191540880,2487544,tl,Kuntanpalli
191541342,2487550,tl,Dastagirnagar
191541419,2487551,tl,Konaipalli
191541496,2487552,tl,Giraipalli
191541573,2487553,tl,Rajanpalli
191541804,2487556,tl,Mednipur
191541881,2487557,tl,Madhapur
191542112,2487560,tl,Posanpalli
191542189,2487561,tl,Venkatapur
191542343,2487563,tl,Yellaiguda
191542420,2487564,tl,Timmapur
191542497,2487565,tl,Gopalpur
191542728,2487568,tl,Tigal Narsapur
191542805,2487569,tl,Jangareddipalli
191543036,2487572,tl,Lingareddipally
191543113,2487573,tl,Nabinagar
191543344,2487576,tl,Mundalgudem
191543498,2487578,tl,Godmakunta
191543575,2487579,tl,Burugpalli
191543652,2487580,tl,Mansanpalli
191543960,2487584,tl,Rasulabad
191544037,2487585,tl,Kistampet
191544345,2487589,tl,Arepalli
191544576,2487592,tl,Sernenigudem
191544961,2487597,tl,Tirmalgiri
191545192,2487600,tl,Kurmaguda
191545577,2487605,tl,Balampally
191545654,2487606,tl,Ramchandrapur
191545885,2487609,tl,Wangapalli
191546116,2487612,tl,Gollaguda
191546270,2487614,tl,Tallagudem
191546347,2487615,tl,Mylargudem
191546424,2487616,tl,Ramajipet
191546578,2487618,tl,Basantapur
191546732,2487620,tl,Kantamgudem
191546963,2487623,tl,Narsapur
191547040,2487624,tl,Mahadevpur
191547194,2487626,tl,Rangapuram
191547348,2487628,tl,Pagidipalli
191547425,2487629,tl,Anampatla
191547656,2487632,tl,Makhdumpalli
191547733,2487633,tl,Palligudem
191548041,2487637,tl,Khapraipalli
191548118,2487638,tl,Alinagar
191548272,2487640,tl,Chintabavi
191548426,2487642,tl,Jampalli
191548503,2487643,tl,Ramlingampalli
191548580,2487644,tl,Sivareddigudem
191548657,2487645,tl,Narayangiri
191548888,2487648,tl,Jalalpur
191548965,2487649,tl,Tuprampeta
191549427,2487655,tl,Dharmojigudem
191549581,2487657,tl,Chautapal
191549658,2487658,tl,Tadla Singawaram
191549735,2487659,tl,Ankreddiguda
191550043,2487663,tl,Kuntlaguda
191550120,2487664,tl,Nilapatla
191550505,2487669,tl,Serlulla
191550659,2487671,tl,Wankamamidi
191550736,2487672,tl,Dharmareddipalli
191550813,2487673,tl,Lingarajupally
191551121,2487677,tl,Panumativanigudem
191551198,2487678,tl,Tekul Somaram
191551660,2487684,tl,Nandanam
191551891,2487687,tl,Madharam
191551968,2487688,tl,Kapugudem
191552122,2487690,tl,Namatpalli
191552199,2487691,tl,Komatkunta
191552353,2487693,tl,Amin ka Par
191552430,2487694,tl,Bandasar
191552815,2487699,tl,Bangli
191552892,2487700,tl,Jummafakir Ki Basti
191553277,2487705,tl,Chandaniyon Ka Par
191553508,2487708,tl,Padariya
191553585,2487709,tl,Savund ka Par
191553816,2487712,tl,Purpuriya
191553893,2487713,tl,Lakriyari
191554201,2487717,tl,Lade ka Par
191554432,2487720,tl,Kelan ka Par
191556126,2487742,tl,Umedpurd
191556665,2487749,tl,Gohar jo Tala
191556742,2487750,tl,Abdul Rahim ka Tala
191557281,2487757,tl,Talsar
191557666,2487762,tl,Bisasar
191558051,2487767,tl,Amgachhi
191558282,2487770,tl,Bhangora
191558436,2487772,tl,Gachhtola
191558513,2487773,tl,Suraha
191558898,2487778,tl,Dehti
191558975,2487779,tl,Mohania
191559437,2487785,tl,Kharhar
191559514,2487786,tl,Salaigarh
191559591,2487787,tl,Bandob
191559668,2487788,tl,Bhikha
191559745,2487789,tl,Bhima
191559899,2487791,tl,Balua
191559976,2487792,tl,Pechaili
191560207,2487795,tl,Pokharia
191560284,2487796,tl,Bahgi
191560361,2487797,tl,Shiampur
191560438,2487798,tl,Madhail
191560515,2487799,tl,Duba
191560592,2487800,tl,Rupail
191560977,2487805,tl,Majhua
191561208,2487808,tl,Farasat
191561362,2487810,tl,Taran
191561516,2487812,tl,Kakan
191561747,2487815,tl,Gamharia
191561824,2487816,tl,Masuria
191561978,2487818,tl,Satbhita
191562055,2487819,tl,Bairgachhi
191562132,2487820,tl,Surjapur
191562209,2487821,tl,Bhag Turkaili
191562286,2487822,tl,Bagesari
191562363,2487823,tl,Turkaili
191562517,2487825,tl,Gogra
191562594,2487826,tl,Chirah
191562825,2487829,tl,Dhangawan
191562979,2487831,tl,Parshadpur
191563364,2487836,tl,Mahjali
191563441,2487837,tl,Ghormara
191563518,2487838,tl,Diari
191563595,2487839,tl,Dumaria
191564057,2487845,tl,Mahalgaon
191564134,2487846,tl,Chainpur
191564211,2487847,tl,Parha
191564596,2487852,tl,Kochgawan
191564904,2487856,tl,Masuria
191564981,2487857,tl,Majgawan
191565058,2487858,tl,Chilhania
191565366,2487862,tl,Bhuna
191565520,2487864,tl,Rampur
191565597,2487865,tl,Jamira
191565674,2487866,tl,Pechaili
191565828,2487868,tl,Tarauna
191565905,2487869,tl,Gangaili
191566136,2487872,tl,Kawaiyatola
191566290,2487874,tl,Sahangaon
191566444,2487876,tl,Bagdahar
191566675,2487879,tl,Piprapur Wari
191566752,2487880,tl,Pipra Pachhiar
191566906,2487882,tl,Durgapur
191566983,2487883,tl,Machhaila
191567368,2487888,tl,Karahara
191567522,2487890,tl,Bardenga
191567599,2487891,tl,Karia
191567830,2487894,tl,Belka
191567907,2487895,tl,Majhua
191568138,2487898,tl,Kishunpur
191568215,2487899,tl,Uda
191568292,2487900,tl,Chakai
191568523,2487903,tl,Dabhra
191568600,2487904,tl,Laruabari
191568754,2487906,tl,Lalia
191568831,2487907,tl,Ramganj
191569216,2487912,tl,Singar Mohani
191569370,2487914,tl,Darsana
191569447,2487915,tl,Girda
191569601,2487917,tl,Bankora
191569678,2487918,tl,Baharbari
191569755,2487919,tl,Malchhari
191569986,2487922,tl,Rani
191570140,2487924,tl,Harwa
191570294,2487926,tl,Karbola
191570371,2487927,tl,Khirdaha
191570602,2487930,tl,Dhobinia
191570833,2487933,tl,Jurail
191570987,2487935,tl,Mayakhori
191571295,2487939,tl,Sukhsaina
191571372,2487940,tl,Kathalbari
191571449,2487941,tl,Jahanpur
191571526,2487942,tl,Shahpur
191571680,2487944,tl,Dumaria
191571757,2487945,tl,Satghara
191571834,2487946,tl,Marichgaon
191571988,2487948,tl,Belbari
191572065,2487949,tl,Tarbi
191572142,2487950,tl,Baraili
191572219,2487951,tl,Ramnagar
191572373,2487953,tl,Maina
191572450,2487954,tl,Majhua
191572527,2487955,tl,Gerari
191572604,2487956,tl,Pothia
191572835,2487959,tl,Pipra
191572912,2487960,tl,Beni
191573066,2487962,tl,Barkumba
191573220,2487964,tl,Dipnagar
191573297,2487965,tl,Bargaon
191573374,2487966,tl,Kathora
191573451,2487967,tl,Behari
191573528,2487968,tl,Naranga
191573605,2487969,tl,Daua
191573682,2487970,tl,Doargawan
191573759,2487971,tl,Belbari
191573836,2487972,tl,Bhatwara
191573913,2487973,tl,Chandipur
191573990,2487974,tl,Pandubi
191574067,2487975,tl,Pakri
191574144,2487976,tl,Lokhra
191574221,2487977,tl,Dala
191574298,2487978,tl,Chahatpur
191574375,2487979,tl,Dhangawan
191574529,2487981,tl,Majlispur
191574606,2487982,tl,Kujri
191574683,2487983,tl,Ramnagar
191574837,2487985,tl,Kalahi
191574914,2487986,tl,Durgapur
191575068,2487988,tl,Haribhasa
191575145,2487989,tl,Rupni
191575222,2487990,tl,Tangtangia
191575299,2487991,tl,Bochagari
191575376,2487992,tl,Nisndara
191575453,2487993,tl,Doria
191575607,2487995,tl,Musaldenga
191575684,2487996,tl,Dharhar
191575761,2487997,tl,Asura
191575915,2487999,tl,Sonakandar
191575992,2488000,tl,Kashibari
191576069,2488001,tl,Khapra
191576146,2488002,tl,Budhi
191576223,2488003,tl,Sohandar
191576300,2488004,tl,Khutti
191576608,2488008,tl,Jiwanpur
191576685,2488009,tl,Singhari
191576762,2488010,tl,Kathalbari
191576916,2488012,tl,Mehdipur
191576993,2488013,tl,Pokharia
191577070,2488014,tl,Kushpara
191577301,2488017,tl,Majkuri
191577455,2488019,tl,Bhadauna
191577532,2488020,tl,Dhurgaon
191577609,2488021,tl,Kesarra
191577686,2488022,tl,Bairgachhi
191577763,2488023,tl,Dharmeswar Gachh
191577840,2488024,tl,Khuti Kharia
191578071,2488027,tl,Kadamgachhi
191578148,2488028,tl,Balia
191578302,2488030,tl,Titiha
191578379,2488031,tl,Sehangaon
191578533,2488033,tl,Bahkol
191578610,2488034,tl,Kabaia
191578687,2488035,tl,Surang
191578764,2488036,tl,Makraha
191578841,2488037,tl,Madha Mansur
191578918,2488038,tl,Dogharia
191578995,2488039,tl,Pachahra
191579149,2488041,tl,Jadhail
191579534,2488046,tl,Kajleta
191579688,2488048,tl,Bara Istamrar
191579919,2488051,tl,Sirar
191579996,2488052,tl,Purandaha
191580150,2488054,tl,Malingaon
191580227,2488055,tl,Natuapara
191580304,2488056,tl,Katamata
191580458,2488058,tl,Sukarna
191580689,2488061,tl,Mashmian
191580843,2488063,tl,Mirzapur
191580920,2488064,tl,Khatatol
191581151,2488067,tl,Bhusabari
191581459,2488071,tl,Marua
191581536,2488072,tl,Siswa
191581767,2488075,tl,Malopara
191581844,2488076,tl,Mehdinagar
191581921,2488077,tl,Kabaia
191582152,2488080,tl,Bardia
191582306,2488082,tl,Sisabari
191582383,2488083,tl,Jognia
191582614,2488086,tl,Kasibari
191582922,2488090,tl,Kamalsari
191582999,2488091,tl,Jagadal
191583076,2488092,tl,Harna
191583307,2488095,tl,Baisa
191583538,2488098,tl,Simalia
191583846,2488102,tl,Rahua
191584000,2488104,tl,Channi
191584385,2488109,tl,Bhebra
191584539,2488111,tl,Nahrakol
191584693,2488113,tl,Rangamati
191584770,2488114,tl,Talbari
191585078,2488118,tl,Gerua
191585155,2488119,tl,Araria
191585232,2488120,tl,Kharaia
191585309,2488121,tl,Gyaspur
191585386,2488122,tl,Dhobinia
191585463,2488123,tl,Para Purnia
191585540,2488124,tl,Parwa
191585617,2488125,tl,Bhag Baisa
191585771,2488127,tl,Mahuwa Singhrai
191585848,2488128,tl,Mahuwa Ramrai
191586002,2488130,tl,Umravati
191586310,2488134,tl,Balgaon
191586464,2488136,tl,Nerla
191586695,2488139,tl,Selgaon
191586772,2488140,tl,Adgaon
191586926,2488142,tl,Ranjangaon
191587003,2488143,tl,Jategaon
191587311,2488147,tl,Anjandoh
191587388,2488148,tl,Phajalwadi
191588004,2488156,tl,Varkhedi
191588389,2488161,tl,Nilod
191588466,2488162,tl,Kaigaon
191588543,2488163,tl,Pedgaon
191588620,2488164,tl,Padli
191588697,2488165,tl,Nimikhed
191588774,2488166,tl,Takli Jivrak
191589236,2488172,tl,Nandkhed
191589313,2488173,tl,Khadawadi
191589467,2488175,tl,Rajawadi
191589544,2488176,tl,Khamgaon
191589775,2488179,tl,Talegaon
191589852,2488180,tl,Pimpri
191589929,2488181,tl,Pimpalgaon Kolte
191590083,2488183,tl,Vajirkhed
191590237,2488185,tl,Goshagaon
191590391,2488187,tl,Gavhali
191590468,2488188,tl,Borgaon Kasari
191590545,2488189,tl,Pimpalgaon Peth
191590622,2488190,tl,Muthad
191590699,2488191,tl,Tandulwadi
191590853,2488193,tl,Tanda
191590930,2488194,tl,Jainpur
191591084,2488196,tl,Khandala
191591238,2488198,tl,Latipur
191591392,2488200,tl,Khadki
191591469,2488201,tl,Khatgaon
191591546,2488202,tl,Ekphal
191591931,2488207,tl,Mhasla
191592008,2488208,tl,Mehuna
191592085,2488209,tl,Bhatkhed
191592162,2488210,tl,Davargaon
191592239,2488211,tl,Kinhol
191592470,2488214,tl,Rajala
191592547,2488215,tl,Nimgaon
191592624,2488216,tl,Nanja
191592701,2488217,tl,Kshirsagar
191592932,2488220,tl,Kinhi
191593086,2488222,tl,Khandala
191593163,2488223,tl,Mondhala
191593240,2488224,tl,Shindi
191593317,2488225,tl,Manmodi
191593471,2488227,tl,Gangapuri
191593548,2488228,tl,Mundkheda
191593779,2488231,tl,Ambilhol
191593856,2488232,tl,Mahukheda
191594164,2488236,tl,Vaki Budrukh
191594241,2488237,tl,Lahasar
191594626,2488242,tl,Takli Khurd
191594780,2488244,tl,Takankheda
191594857,2488245,tl,Kodoli
191594934,2488246,tl,Pimparkhede
191595165,2488249,tl,Sargaon
191595242,2488250,tl,Kalkheda
191595319,2488251,tl,Patkheda
191595396,2488252,tl,Sonari
191595473,2488253,tl,Maldabhadi
191595627,2488255,tl,Navidabhadi
191595704,2488256,tl,Vaki
191595858,2488258,tl,Khadki
191596089,2488261,tl,Muktal
191596320,2488264,tl,Dhanori
191596397,2488265,tl,Pimpalgaon Khurd
191596551,2488267,tl,Susri
191596628,2488268,tl,Vajharkheda
191596859,2488271,tl,Achegaon
191596936,2488272,tl,Golegaon Khurd
191597167,2488275,tl,Karanji
191597244,2488276,tl,Bhankheda
191597321,2488277,tl,Salsingi
191597475,2488279,tl,Varad Budrukh
191597783,2488283,tl,Shelvad
191597860,2488284,tl,Revti
191597937,2488285,tl,Seviz
191598091,2488287,tl,Devlasgaon
191598399,2488291,tl,Junona
191598553,2488293,tl,Bhagdara
191598630,2488294,tl,Vadali
191598707,2488295,tl,Kumbhari Khurd
191598938,2488298,tl,Anad
191599015,2488299,tl,Amsari
191599092,2488300,tl,Vaghera
191599246,2488302,tl,Dhalsingi
191599400,2488304,tl,Bharudkheda
191599554,2488306,tl,Dalegaon
191599708,2488308,tl,Goradkheda
191599939,2488311,tl,Shengola
191600170,2488314,tl,Shahapur
191600324,2488316,tl,Samrud
191600478,2488318,tl,Talegaon
191600555,2488319,tl,Amkheda
191600632,2488320,tl,Savarla
191600709,2488321,tl,Kasli
191601017,2488325,tl,Raher
191601094,2488326,tl,Mehegaon
191601171,2488327,tl,Loni
191601479,2488331,tl,Kinhi
191601633,2488333,tl,Pimpla
191601710,2488334,tl,Jamti
191601941,2488337,tl,Vadali
191602018,2488338,tl,Natvi
191602095,2488339,tl,Godri
191602403,2488343,tl,Nandre Haveli
191603173,2488353,tl,Vadhona
191603327,2488355,tl,Madha
191603558,2488358,tl,Murti
191603635,2488359,tl,Dabha
191603712,2488360,tl,Nanda
191603789,2488361,tl,Ghanegaon
191603866,2488362,tl,Tornala
191604020,2488364,tl,Kapusvadi
191604097,2488365,tl,Ranjani
191604251,2488367,tl,Kuwar Singh
191605483,2488383,tl,Balala
191605560,2488384,tl,Mathiabanj
191606330,2488394,tl,Salani Got
191607023,2488403,tl,Dhura
191607100,2488404,tl,Baila
191607177,2488405,tl,Jhalakuri
191607254,2488406,tl,Chaundakot
191608409,2488421,tl,Chatkot
191608948,2488428,tl,Baghela
191609025,2488429,tl,Bajaun
191609410,2488434,tl,Kukrauni
191609641,2488437,tl,Bageri
191611412,2488460,tl,Nigali
191614492,2488500,tl,Atali
191614877,2488505,tl,Bajnanpur
191615031,2488507,tl,Gandharpur
191615108,2488508,tl,Lakhraon
191615339,2488511,tl,Umaria
191615416,2488512,tl,Nagra Bhoj
191615570,2488514,tl,Chandari
191615801,2488517,tl,Pachpera
191615955,2488519,tl,Mahmudpur
191616032,2488520,tl,Kiratpur
191616109,2488521,tl,Pilkhana
191616186,2488522,tl,Mahasir
191616340,2488524,tl,Babra
191616648,2488528,tl,Kotabari
191616802,2488530,tl,Harballabpur
191616879,2488531,tl,Sisaura
191616956,2488532,tl,Sisaiya
191617033,2488533,tl,Patwa
191617187,2488535,tl,Pasia Khera
191617264,2488536,tl,Jamdoiya
191617341,2488537,tl,Piparia Das
191617418,2488538,tl,Jalalabad
191617495,2488539,tl,Babauri
191617572,2488540,tl,Kanja
191617649,2488541,tl,Shahzadpur
191617726,2488542,tl,Sukuruddinpur
191617880,2488544,tl,Machhecha
191617957,2488545,tl,Nagar
191618034,2488546,tl,Kotha
191618111,2488547,tl,Chak Mandari
191618188,2488548,tl,Gauhania Sukhai
191618342,2488550,tl,Bhuria
191618496,2488552,tl,Sohak
191618650,2488554,tl,Kutubpu Sirsi
191618727,2488555,tl,Rahimpur
191618881,2488557,tl,Chachari
191618958,2488558,tl,Manpur
191619035,2488559,tl,Shahganj
191619189,2488561,tl,Dungarpur Arsalani
191619266,2488562,tl,Lalpur
191619497,2488565,tl,Tajpur
191619574,2488566,tl,Rampura
191619728,2488568,tl,Manakhera
191619805,2488569,tl,Ibrahimpur
191619882,2488570,tl,Nizampur
191619959,2488571,tl,Muhammadpur Nirhi
191620113,2488573,tl,Sisori Shahamat
191620190,2488574,tl,Sisoranasir
191620344,2488576,tl,Nagra
191620421,2488577,tl,Sarhi
191620498,2488578,tl,Katia Rajjab
191620729,2488581,tl,Bachgawan
191620883,2488583,tl,Bhilawan
191621037,2488585,tl,Neknampur
191621114,2488586,tl,Jahanpur
191621653,2488593,tl,Narayanpur
191621884,2488596,tl,Katghara
191622115,2488599,tl,Bankagaon
191622423,2488603,tl,Saraian Abad
191622500,2488604,tl,Damdaur
191622577,2488605,tl,Simri
191622654,2488606,tl,Hetampur
191622808,2488608,tl,Rampur Nankari
191623193,2488613,tl,Barnaiya
191623578,2488618,tl,Dandaulia
191623886,2488622,tl,Baldeota
191624425,2488629,tl,Varmaula Arjunpur
191624579,2488631,tl,Rampur Grant
191624733,2488633,tl,Nagra
191625041,2488637,tl,Raipur Zamima Tauni
191625272,2488640,tl,Turki Khera
191625426,2488642,tl,Chhitipur
191625657,2488645,tl,Sarsawn
191625811,2488647,tl,Dharmpur
191625965,2488649,tl,Nagaria
191626119,2488651,tl,Bahera
191626273,2488653,tl,Si Lona
191626350,2488654,tl,Rari
191626735,2488659,tl,Bogipur Sewaram
191626889,2488661,tl,Bandarha
191627043,2488663,tl,Madaripurwa
191627274,2488666,tl,Bhartpur
191627351,2488667,tl,Ukar Mohan
191627428,2488668,tl,Mastipur
191627736,2488672,tl,Harharpur
191627813,2488673,tl,Saidapur
191628044,2488676,tl,Gobindpur
191628275,2488679,tl,Nawada
191628352,2488680,tl,Jasmadhi
191628429,2488681,tl,Mukkadarpur
191628506,2488682,tl,Ramanpur
191628660,2488684,tl,Jalalpur
191628737,2488685,tl,Kutra
191628968,2488688,tl,Kamtara
191629122,2488690,tl,Nauagaon Kishori
191629199,2488691,tl,Rampur Ramdas
191629584,2488696,tl,Mohiuddinpur
191629661,2488697,tl,Sainda
191629738,2488698,tl,Kutabuddinpur
191629969,2488701,tl,Ratanpur
191630046,2488702,tl,Antarbari
191630123,2488703,tl,Sanauria
191630277,2488705,tl,Birampur
191630354,2488706,tl,Sanaura
191630508,2488708,tl,Chaubiapur
191630585,2488709,tl,Mukaddarpur
191630662,2488710,tl,Muzaffarpur
191630816,2488712,tl,Bhikhampur
191630893,2488713,tl,Kuiyankhera
191630970,2488714,tl,Mahduda
191631124,2488716,tl,Semra
191631201,2488717,tl,Gadmanpur
191631278,2488718,tl,Koyalchha
191631509,2488721,tl,Karaundi
191631586,2488722,tl,Kanja
191631663,2488723,tl,Pipraha Grant
191631894,2488726,tl,Faridpur
191631971,2488727,tl,Khadsara
191632048,2488728,tl,Mustaffabad
191632125,2488729,tl,Husainpur
191632279,2488731,tl,Bhura
191632356,2488732,tl,Barhaiya
191632433,2488733,tl,Chholabari
191632664,2488736,tl,Dhira Azizpur
191632741,2488737,tl,Barkhera Khurd
191632972,2488740,tl,Dhakiyajogi
191633049,2488741,tl,Pandebari
191633126,2488742,tl,Chhapaura
191633434,2488746,tl,Sukhbasa
191633511,2488747,tl,Mandwa
191633665,2488749,tl,Jamirha
191634050,2488754,tl,Gonan
191634127,2488755,tl,Harnajat
191634204,2488756,tl,Mundia Churaman
191634435,2488759,tl,Bijauliakhanpur
191634512,2488760,tl,Parchhiyabela
191634589,2488761,tl,Amra
191634666,2488762,tl,Bhuda Khan
191634743,2488763,tl,Khandera
191634820,2488764,tl,Baraura
191634897,2488765,tl,Fatiapur
191634974,2488766,tl,Kathghara
191635128,2488768,tl,Baraicha
191635359,2488771,tl,Bhagnapur
191635667,2488775,tl,Tindwa Kanja
191635744,2488776,tl,Baudhikalan
191635898,2488778,tl,Kumharwa
191636052,2488780,tl,Amuapur
191636206,2488782,tl,Kanharapur
191636283,2488783,tl,Bodhi Khurd
191636591,2488787,tl,Raksa
191636668,2488788,tl,Mundiaahban
191636745,2488789,tl,Kunwarpur
191636822,2488790,tl,Pipri
191636976,2488792,tl,Lakhnapur
191637053,2488793,tl,Gokan
191637284,2488796,tl,Muhammadpur Kalan
191637361,2488797,tl,Bhuinhara
191637592,2488800,tl,Dharampur
191637746,2488802,tl,Narhara
191637823,2488803,tl,Shankarpur
191638208,2488808,tl,Kaureli
191638362,2488810,tl,Chak Kami
191638516,2488812,tl,Magrena
191638593,2488813,tl,Hatela
191638747,2488815,tl,Kunian Madarpur
191638824,2488816,tl,Kamalpur
191638901,2488817,tl,Barkhera Kalan
191639209,2488821,tl,Baida
191639440,2488824,tl,Ramuapur
191639748,2488828,tl,Patai
191639902,2488830,tl,Nahua
191640287,2488835,tl,Deoha
191640364,2488836,tl,Patna
191640672,2488840,tl,Tursia
191641057,2488845,tl,Kehwa
191641134,2488846,tl,Snahpur Raja
191641211,2488847,tl,Nawagaon
191641365,2488849,tl,Bichpari
191641827,2488855,tl,Dilawarpur
191642058,2488858,tl,Intarora
191642366,2488862,tl,Gurela
191642443,2488863,tl,Hariharpur
191642520,2488864,tl,Bahadurnagar
191642597,2488865,tl,Santpur
191642674,2488866,tl,Alinagar
191642751,2488867,tl,Pal
191642828,2488868,tl,Kaimahra
191642905,2488869,tl,Palabhai Kachnar
191642982,2488870,tl,Jharakhempur
191643136,2488872,tl,Gulauli
191643290,2488874,tl,Bodhania
191643367,2488875,tl,Basbirwa
191643444,2488876,tl,Raipur Kalan
191643598,2488878,tl,Saraiyan
191643829,2488881,tl,Khakhin
191643906,2488882,tl,Bijaulisahaspur
191643983,2488883,tl,Murtaza Alinagar
191644137,2488885,tl,Khiria Misr
191644291,2488887,tl,Barwari Mang
191644368,2488888,tl,Khemsarai
191644676,2488892,tl,Dhakiapasi
191644907,2488895,tl,Bhanpur
191645215,2488899,tl,Mubarakpur
191645292,2488900,tl,Daryabad Bhanpur
191645446,2488902,tl,Mullapur
191645600,2488904,tl,Bhogipur Phatak
191645908,2488908,tl,Gaghpur
191645985,2488909,tl,Chandela
191646062,2488910,tl,Behta
191646139,2488911,tl,Basara
191646293,2488913,tl,Jirabojhi
191646370,2488914,tl,Siktara
191646447,2488915,tl,Girdhar Purwa
191646601,2488917,tl,Bhogipurmani
191646755,2488919,tl,Jamka
191647063,2488923,tl,Barhela
191647217,2488925,tl,Chak Jhao
191647448,2488928,tl,Mukarrampur
191647679,2488931,tl,Katia Mundi
191647833,2488933,tl,Haibatpur
191647910,2488934,tl,Surtiapur
191647987,2488935,tl,Padra Sikandarpur
191648295,2488939,tl,Muradpur
191648449,2488941,tl,Neola
191648526,2488942,tl,Nawagaonjat
191648603,2488943,tl,Sahjana
191648757,2488945,tl,Bhawanipur
191648834,2488946,tl,Nagra
191648911,2488947,tl,Belhara
191649219,2488951,tl,Palchakku
191649450,2488954,tl,Sadiapur
191649527,2488955,tl,Asauwa
191649758,2488958,tl,Ganeshpur
191649835,2488959,tl,Pipraula Kunwar
191649989,2488961,tl,Kalwar
191650143,2488963,tl,Rasulpur
191650297,2488965,tl,Harkhapur
191650374,2488966,tl,Udaipur
191650605,2488969,tl,Bhogiapur
191650759,2488971,tl,Phakka Purwa
191651067,2488975,tl,Firozpur
191651221,2488977,tl,Sahjapur
191651298,2488978,tl,Sarai Ranak
191651375,2488979,tl,Barela
191651452,2488980,tl,Raigawan
191651529,2488981,tl,Jamalpur
191651991,2488987,tl,Salempur
191652068,2488988,tl,Palia Kot
191652222,2488990,tl,Simrawan
191652299,2488991,tl,Lokpur
191652530,2488994,tl,Basbharia
191652607,2488995,tl,Gurthania
191652684,2488996,tl,Banjaria
191652915,2488999,tl,Bilahia
191653300,2489004,tl,Basbherwa Rawat
191653377,2489005,tl,Jamura
191653454,2489006,tl,Kuanbojh
191653608,2489008,tl,Sarai Paigu
191653685,2489009,tl,Tendwa Chaturpur
191653762,2489010,tl,Fatehpur Ghazi
191653839,2489011,tl,Ulnapur
191654070,2489014,tl,Bhup Purwa
191654224,2489016,tl,Shiunagri
191654455,2489019,tl,Birpur
191654532,2489020,tl,Madhopur
191654763,2489023,tl,Manjhla
191654917,2489025,tl,Pistia
191654994,2489026,tl,Sanaura
191655225,2489029,tl,Kamipur
191655302,2489030,tl,Timurki
191655379,2489031,tl,Baharma Hashimpur
191655456,2489032,tl,Milkia
191655610,2489034,tl,Andawa
191655687,2489035,tl,Maria
191655764,2489036,tl,Kharagpur
191655841,2489037,tl,Salempur
191655918,2489038,tl,Isai Purwa
191656303,2489043,tl,Parsai
191656534,2489046,tl,Mahmudpur
191656611,2489047,tl,Loni
191656688,2489048,tl,Anji
191656919,2489051,tl,Dharampur
191657073,2489053,tl,Balalpur
191657304,2489056,tl,Jharsa Alampur
191657381,2489057,tl,Pandetara
191657458,2489058,tl,Dhanwar
191657997,2489065,tl,Sangoha
191658074,2489066,tl,Reori
191658228,2489068,tl,Husainapur Diwani
191658305,2489069,tl,Jalalpur
191658382,2489070,tl,Barkhera
191658767,2489075,tl,Bhagaunapur
191658844,2489076,tl,Dhakia
191658921,2489077,tl,Urli
191659152,2489080,tl,Dighia
191659229,2489081,tl,Chak Dhakia
191659306,2489082,tl,Taragaon
191659691,2489087,tl,Husainapur Dhaukal
191659768,2489088,tl,Asgarpur
191659999,2489091,tl,Bakshipur
191660230,2489094,tl,Muhiuddinpur
191660307,2489095,tl,Kamalpur
191660384,2489096,tl,Labhi
191660461,2489097,tl,Deomalpur
191660538,2489098,tl,Masphana
191660846,2489102,tl,Nawada Satanas
191661077,2489105,tl,Karundi
191661385,2489109,tl,Todarpur
191661462,2489110,tl,Vasinpur
191661539,2489111,tl,Nizampur
191661847,2489115,tl,Modipur
191662001,2489117,tl,Bijgawan
191662309,2489121,tl,Jhapka Purwa
191662386,2489122,tl,Pipri
191662540,2489124,tl,Nawada
191662771,2489127,tl,Swang Pur
191663387,2489135,tl,Kakrala
191663618,2489138,tl,Marai
191664003,2489143,tl,Kakrahia
191664465,2489149,tl,Barkhera Grant
191664542,2489150,tl,Athraha
191664696,2489152,tl,Kamalpur
191664850,2489154,tl,Arwa
191664927,2489155,tl,Gadaipur
191665004,2489156,tl,Kurseli
191665081,2489157,tl,Akbarpur
191665158,2489158,tl,Jatuli
191665312,2489160,tl,Hariawan
191665389,2489161,tl,Gonda Khera
191665543,2489163,tl,Utra
191665928,2489168,tl,Samthari
191666082,2489170,tl,Dighia
191666159,2489171,tl,Chandeli
191666390,2489174,tl,Dhukia
191666467,2489175,tl,Nawada
191666698,2489178,tl,Kondar
191666775,2489179,tl,Fatehpur
191667160,2489184,tl,Mansurnagar
191667314,2489186,tl,Uchaul
191667391,2489187,tl,Para
191667622,2489190,tl,Nawada
191667699,2489191,tl,Shakurabad
191667776,2489192,tl,Bilahri
191667853,2489193,tl,Machharia Purwa
191667930,2489194,tl,Purela
191668084,2489196,tl,Kachhian Purwa
191668161,2489197,tl,Harharpur
191668238,2489198,tl,Antha Purwa
191668469,2489201,tl,Sujauli
191668546,2489202,tl,Chauki
191668623,2489203,tl,Padra
191668777,2489205,tl,Minda Purwa
191669085,2489209,tl,Jagtapur
191669162,2489210,tl,Gadnapur
191669239,2489211,tl,Simaur
191669470,2489214,tl,Ayari
191669547,2489215,tl,Kuian
191669855,2489219,tl,Ujager Purwa
191670163,2489223,tl,Tawakkalpur
191670240,2489224,tl,Thakuripurwa
191670625,2489229,tl,Itara
191670702,2489230,tl,Chanda Purwa
191671164,2489236,tl,Jahda
191671241,2489237,tl,Rasulapur
191671318,2489238,tl,Bijgawan
191671472,2489240,tl,Ahemi
191671626,2489242,tl,Khalifapur Matti
191671703,2489243,tl,Gauria
191671780,2489244,tl,Sahjana
191671857,2489245,tl,Sakaha
191672165,2489249,tl,Kana Purwa
191672396,2489252,tl,Kallu Purwa
191672704,2489256,tl,Budha Purwa
191672781,2489257,tl,Gulamau
191672935,2489259,tl,Mokaddarpur
191673012,2489260,tl,Patras
191673166,2489262,tl,Nizampur
191673243,2489263,tl,Ismailpur
191673320,2489264,tl,Ujagar Pur
191673397,2489265,tl,Kherwa
191673474,2489266,tl,Gauria
191673705,2489269,tl,Shankaripur
191673936,2489272,tl,Jalalpur
191674013,2489273,tl,Kapurapur
191674090,2489274,tl,Deoras
191674167,2489275,tl,Para
191674398,2489278,tl,Dalla Purwa
191674783,2489283,tl,Aganpur
191674937,2489285,tl,Karawan
191675707,2489295,tl,Bhogipur Grant
191675938,2489298,tl,Nawada
191676092,2489300,tl,Alamnagar
191676169,2489301,tl,Santarha
191676862,2489310,tl,Sahjana
191677093,2489313,tl,Kunchi Khera
191677247,2489315,tl,Rawatpur
191677401,2489317,tl,Kurgawan
191677632,2489320,tl,Bari
191677940,2489324,tl,Muradiapur
191678017,2489325,tl,Chandpur
191678094,2489326,tl,Jamurpur
191678402,2489330,tl,Raigain
191678556,2489332,tl,Jataha
191678787,2489335,tl,Sarawar
191678864,2489336,tl,Jarauna
191679172,2489340,tl,Pipri
191679326,2489342,tl,Anjna
191679634,2489346,tl,Kunwarpur Basith
191679711,2489347,tl,Gauria
191679788,2489348,tl,Kaimpur
191679865,2489349,tl,Nari Khera
191679942,2489350,tl,Abdullahnagar
191680019,2489351,tl,Nawada
191680096,2489352,tl,Bharauna
191680173,2489353,tl,Damgarha
191680404,2489356,tl,Gajwa Khera
191680558,2489358,tl,Dataunapur
191680635,2489359,tl,Babakarpur
191680789,2489361,tl,Paharpur
191680866,2489362,tl,Mahmudpur Saraiyan
191681020,2489364,tl,Saida Purwa
191681482,2489370,tl,Rabha
191681713,2489373,tl,Magrapur
191681790,2489374,tl,Dahelia
191681867,2489375,tl,Muhalia Khera
191682252,2489380,tl,Faka Purwa
191682329,2489381,tl,Bazidnagar
191682560,2489384,tl,Zaki Purwa
191682791,2489387,tl,Kursanda
191682868,2489388,tl,Lahtara
191682945,2489389,tl,Pandarwa
191683176,2489392,tl,Nipanian
191683253,2489393,tl,Nardhara
191683407,2489395,tl,Pipri
191683484,2489396,tl,Ghuraila
191683561,2489397,tl,Aliapur
191683715,2489399,tl,Kulhi
191684485,2489409,tl,Barhaiya Khera
191684716,2489412,tl,Santarha
191685101,2489417,tl,Karimnagar
191685255,2489419,tl,Jalalpur
191685332,2489420,tl,Kuian
191685948,2489428,tl,Umarsenda
191686025,2489429,tl,Fatehpur
191686102,2489430,tl,Chhataiya
191686487,2489435,tl,Sawarda
191686564,2489436,tl,Bela Kapurpur
191686641,2489437,tl,Bakharia
191686949,2489441,tl,Madrawan
191687180,2489444,tl,Deoria Parsidhnagar
191687257,2489445,tl,Ramnagar
191687411,2489447,tl,Gopalpur
191687565,2489449,tl,Manipur
191687642,2489450,tl,Paidhai
191687719,2489451,tl,Shankarpur
191687796,2489452,tl,Zafarpur
191687873,2489453,tl,Bahera
191687950,2489454,tl,Kapurpur Chaudhi
191688104,2489456,tl,Chiria Jhala
191688335,2489459,tl,Shahpur Banaura
191688412,2489460,tl,Kurgawan
191688566,2489462,tl,Hillapur
191688643,2489463,tl,Jalalpur
191688797,2489465,tl,Majhgawan Amarnath
191688951,2489467,tl,Achhwapur
191689105,2489469,tl,Ahmadi
191689182,2489470,tl,Bilahia
191689259,2489471,tl,Amrauli
191689721,2489477,tl,Han Pasgawan
191690183,2489483,tl,Daulatpun
191690260,2489484,tl,Kaimi
191690414,2489486,tl,Daulatpur
191690722,2489490,tl,Jamuhi
191690876,2489492,tl,Ikhri Purwa
191691030,2489494,tl,Rampur
191691184,2489496,tl,Baldso Purwa
191691569,2489501,tl,Kondri
191691646,2489502,tl,Rela Khera
191691723,2489503,tl,Bhadeora
191691800,2489504,tl,Teni
191691954,2489506,tl,Kashikhera
191692108,2489508,tl,Bhiria
191692339,2489511,tl,Hajipur
191692416,2489512,tl,Kaundha
191692801,2489517,tl,Khanpur
191692878,2489518,tl,Palia
191692955,2489519,tl,Koelaha
191693032,2489520,tl,Balehra
191693186,2489522,tl,Musepur
191693417,2489525,tl,Hasnapur
191693571,2489527,tl,Rohilia
191693725,2489529,tl,Karaundi
191693802,2489530,tl,Bajhera
191693956,2489532,tl,Alipur
191694033,2489533,tl,Pusaura
191694572,2489540,tl,Barkhera
191694726,2489542,tl,Khumaripur
191694803,2489543,tl,Amirta
191694957,2489545,tl,Sibba Purwa
191695034,2489546,tl,Jhabra Purwa
191695111,2489547,tl,Banai
191695188,2489548,tl,Sathra
191695342,2489550,tl,Behta Sadhi
191695419,2489551,tl,Kundauli
191695496,2489552,tl,Kisan Purwa
191695650,2489554,tl,Chintapur
191695881,2489557,tl,Majrehta
191696343,2489563,tl,Nanda Purwa
191696497,2489565,tl,Bhagatpur
191696574,2489566,tl,Rasulpur
191696882,2489570,tl,Barela
191697036,2489572,tl,Sakatpur
191697113,2489573,tl,Bithari
191697190,2489574,tl,Samda
191697267,2489575,tl,Salauwa
191697652,2489580,tl,Jogipur
191697729,2489581,tl,Hasnapur
191697806,2489582,tl,Kakrahia
191699038,2489598,tl,Shahbuddinpur
191699115,2489599,tl,Sarjupur
191699192,2489600,tl,Madhopur
191699269,2489601,tl,Kakeri
191699500,2489604,tl,Kutehna
191699654,2489606,tl,Simra
191699808,2489608,tl,Nizampur
191699885,2489609,tl,Bularpur
191699962,2489610,tl,Darweshpur
191700193,2489613,tl,Rasulpur
191700501,2489617,tl,Kauthaliya
191700732,2489620,tl,Sarra
191700886,2489622,tl,Sathra
191700963,2489623,tl,Patna
191701194,2489626,tl,Ganga Purwa
191701271,2489627,tl,Jijwasi
191701348,2489628,tl,Amlokha
191701425,2489629,tl,Baghrai
191701502,2489630,tl,Chachrapur
191701656,2489632,tl,Peng
191701733,2489633,tl,Gorahi Purwa
191702195,2489639,tl,Jura
191702349,2489641,tl,Dhulia
191702580,2489644,tl,Ratanpur
191702888,2489648,tl,Nakti Purwa
191702965,2489649,tl,Parauchi
191703042,2489650,tl,Murauli Gwal
191703273,2489653,tl,Bhadaicha
191703966,2489662,tl,Nawabganj
191704197,2489665,tl,Madara
191704505,2489669,tl,Tiria
191704813,2489673,tl,Bausra
191704890,2489674,tl,Malhiamau
191704967,2489675,tl,Birahimpur
191705044,2489676,tl,Patta Purwa
191705198,2489678,tl,Renda Purwa
191705429,2489681,tl,Mohkampur
191705506,2489682,tl,Balli Purwa
191705660,2489684,tl,Fatehanpur
191705814,2489686,tl,Ramanpur
191705891,2489687,tl,Gadarian Purwa
191705968,2489688,tl,Sugwan
191707046,2489702,tl,Hatha Jabar
191707200,2489704,tl,Turtipur
191707508,2489708,tl,Rampur
191707816,2489712,tl,Amrapur
191708201,2489717,tl,Bahadurpur
191708432,2489720,tl,Tajpur
191708509,2489721,tl,Sardarganj
191708586,2489722,tl,Durgapur
191708740,2489724,tl,Chholi Beria
191709125,2489729,tl,Dhankapur
191709741,2489737,tl,Bhitaura
191709818,2489738,tl,Maheshpur
191709972,2489740,tl,Rojhai
191710203,2489743,tl,Khuddipur
191710357,2489745,tl,Chandan Khera
191710896,2489752,tl,Chamrahia
191710973,2489753,tl,Ladhaura
191711743,2489763,tl,Deoria
191712051,2489767,tl,Bajauni Purwa
191712128,2489768,tl,Gaurhi
191712282,2489770,tl,Bhagwanpur
191712359,2489771,tl,Khajurahra
191712513,2489773,tl,Jit Purwa
191712667,2489775,tl,Jabra Purwa
191712898,2489778,tl,Shankarpur
191712975,2489779,tl,Maheshpur
191713052,2489780,tl,Bhateora
191713129,2489781,tl,Kharauli
191713745,2489789,tl,Madara
191713899,2489791,tl,Ghosar
191713976,2489792,tl,Makka Purwa
191714669,2489801,tl,Pasamau
191714900,2489804,tl,Faridapur
191714977,2489805,tl,Mahona Maheshpur
191715362,2489810,tl,Saraiyan
191715516,2489812,tl,Kasrawan
191716055,2489819,tl,Tas Khera
191717287,2489835,tl,Munna Purwa
191717749,2489841,tl,Mumarpur
191717903,2489843,tl,Asa
191718057,2489845,tl,Bahar
191718519,2489851,tl,Behti
191718827,2489855,tl,Banetha
191719520,2489864,tl,Kakrali
191719597,2489865,tl,Nayagaon Habibpur
191719751,2489867,tl,Rampur
191719828,2489868,tl,Shiupuri
191720213,2489873,tl,Baldeopur
191720521,2489877,tl,Mohan Purwa
191720598,2489878,tl,Akhtiarpur
191720906,2489882,tl,Narsinghpur
191720983,2489883,tl,Naya Purwa
191721291,2489887,tl,Pokhri
191721599,2489891,tl,Katka Purwa
191721676,2489892,tl,Bharigawan
191721830,2489894,tl,Dhammapurwa
191722215,2489899,tl,Rara
191722831,2489907,tl,Gulri Pokhri
191723062,2489910,tl,Balokhar Purwa
191723139,2489911,tl,Danialganj
191723370,2489914,tl,Mendwa
191723447,2489915,tl,Gana Purwa
191723524,2489916,tl,Baria Purwa
191723601,2489917,tl,Pat Kunwan
191723678,2489918,tl,Banjara Purwa
191723986,2489922,tl,Ahrapur
191724063,2489923,tl,Bargawan
191724371,2489927,tl,Rikha Purwa
191724448,2489928,tl,Dagraha
191724525,2489929,tl,Pura Bahadur
191724756,2489932,tl,Bhagauri Purwa
191724833,2489933,tl,Kumhar Purwa
191724987,2489935,tl,Pal Purwa
191725064,2489936,tl,Ram Singh Purwa
191725218,2489938,tl,Birwa Purwa
191725372,2489940,tl,Koelaha
191725449,2489941,tl,Bojawa
191725680,2489944,tl,Alawalpur
191725757,2489945,tl,Qaimpur
191725988,2489948,tl,Gaddi Purwa
191726065,2489949,tl,Mohan Purwa
191726373,2489953,tl,Bargadia
191726758,2489958,tl,Sirsapurva
191727220,2489964,tl,Japra
191727297,2489965,tl,Garhi
191727374,2489966,tl,Nawa Khera
191727451,2489967,tl,Lilwal
191727836,2489972,tl,Tari
191728221,2489977,tl,Gulri Purwa
191728683,2489983,tl,Pandit Purwa
191728760,2489984,tl,Gurdial Purwa
191728837,2489985,tl,Sikandarpur
191728914,2489986,tl,Lala Purwa
191728991,2489987,tl,Ghasi Purwa
191729453,2489993,tl,Mirai Purwa
191729684,2489996,tl,Nawada
191729838,2489998,tl,Unauti
191729992,2490000,tl,Gaura Danda
191730300,2490004,tl,Itauli
191730454,2490006,tl,Dharmu Purwa
191730685,2490009,tl,Pala
191730839,2490011,tl,Narayanpur
191730993,2490013,tl,Sandla
191731532,2490020,tl,Parseni
191731917,2490025,tl,Matera
191732302,2490030,tl,Janakpur
191732764,2490036,tl,Sitalganj
191732841,2490037,tl,Bhuria
191732918,2490038,tl,Sunkuwa Purwa
191732995,2490039,tl,Gaurapur
191733149,2490041,tl,Dulla Purwa
191733303,2490043,tl,Kuchaura
191733380,2490044,tl,Chauki Purwa
191733611,2490047,tl,Gulkhauria
191733842,2490050,tl,Sahulpur
191734073,2490053,tl,Daulatpur
191734381,2490057,tl,Abdulpur
191734920,2490064,tl,Pachkaura
191735998,2490078,tl,Ashrafabad
191736306,2490082,tl,Panuva Bar
191736383,2490083,tl,Surapur
191736614,2490086,tl,Antwa
191736845,2490089,tl,Bagha Purwa
191737307,2490095,tl,Bhawan Purwa
191737384,2490096,tl,Babnapur
191737538,2490098,tl,Ghamoiya
191737615,2490099,tl,Gandhi
191737923,2490103,tl,Chanda Purwa
191738077,2490105,tl,Chandan Tara
191738770,2490114,tl,Marhia
191738924,2490116,tl,Korahi
191739540,2490124,tl,Kherwa
191739694,2490126,tl,Nanhe
191739771,2490127,tl,Ban Purwa
191740233,2490133,tl,Mangolapur
191740387,2490135,tl,Antwa
191740464,2490136,tl,Ahmadpur
191740618,2490138,tl,Behta Murtaza Bakhsh
191740695,2490139,tl,Bharaiya
191740772,2490140,tl,Sehmapur
191740849,2490141,tl,Dularpur
191741311,2490147,tl,Dabha
191741542,2490150,tl,Ram Purwa
191741773,2490153,tl,Mardannagar
191741850,2490154,tl,Sarauna
191741927,2490155,tl,Lalpur Kanhari
191742004,2490156,tl,Ahmadpur
191742158,2490158,tl,Ghamoiya
191742389,2490161,tl,Birahimpur
191742466,2490162,tl,Tndwal
191742697,2490165,tl,Dildar Purwa
191742774,2490166,tl,Randean Habibnagar
191742851,2490167,tl,Abidnagar
191742928,2490168,tl,Tarauli
191743082,2490170,tl,Sama Khera
191743313,2490173,tl,Pasner
191743390,2490174,tl,Basahar
191743621,2490177,tl,Balenda
191743698,2490178,tl,Takia
191743852,2490180,tl,Anjan Purwa
191744006,2490182,tl,Jalua Khera
191744083,2490183,tl,Akbarpur Pasnamau
191744237,2490185,tl,Nawada
191744853,2490193,tl,Mausampur
191744930,2490194,tl,Chak Purwa
191745392,2490200,tl,Itauli
191745700,2490204,tl,Aligarh
191745854,2490206,tl,Kakra Khera
191746085,2490209,tl,Sadriapur
191746162,2490210,tl,Naumalikpur
191746393,2490213,tl,Behti Khurd
191746855,2490219,tl,Gujrai
191747009,2490221,tl,Berwa Nizampur
191747086,2490222,tl,Katarpur
191747471,2490227,tl,Diwali
191747702,2490230,tl,Jujwamau
191747779,2490231,tl,Hirapur
191747856,2490232,tl,Sadrpur
191748010,2490234,tl,Gadwapur
191748087,2490235,tl,Larpur
191748472,2490240,tl,Sanp Khera
191748703,2490243,tl,Massonamau
191749088,2490248,tl,Lakhanpur
191749242,2490250,tl,Iksai
191749396,2490252,tl,Fatehpur
191749550,2490254,tl,Rahura
191749627,2490255,tl,Aliapur
191750089,2490261,tl,Bihar
191750474,2490266,tl,Neoli
191750628,2490268,tl,Sarai Ud
191750782,2490270,tl,Hasanpur Jeoli
191751013,2490273,tl,Nakwapur
191751090,2490274,tl,Indlapur
191751244,2490276,tl,Fatehpur Chaugawan
191751321,2490277,tl,Kalhamau
191751629,2490281,tl,Rameshar Purwa
191751860,2490284,tl,Patakola
191752091,2490287,tl,Tirwa Kuli
191752168,2490288,tl,Devi Purwa
191752322,2490290,tl,Babatmau
191752707,2490295,tl,Mawaiya
191752784,2490296,tl,Bahraichmau
191752861,2490297,tl,Suapur
191752938,2490298,tl,Nibhamau
191753015,2490299,tl,Fazal Purwa
191753477,2490305,tl,Dhaniganj
191753631,2490307,tl,Lachhman Purwa
191753708,2490308,tl,Natha Purwa
191753862,2490310,tl,Rampurwa
191754016,2490312,tl,Mahnepur
191754093,2490313,tl,Mirnagar
191754401,2490317,tl,Harpura
191754863,2490323,tl,Matiamau
191755941,2490337,tl,Bakharia
191756249,2490341,tl,Raghopu
191756326,2490342,tl,Gausapur
191756634,2490346,tl,Muhabbatput
191756711,2490347,tl,Tatia Zahidpur
191756788,2490348,tl,Fatehpur
191756942,2490350,tl,Sumerpur
191757096,2490352,tl,Bhul Bhawanipur
191757481,2490357,tl,Karwa
191757558,2490358,tl,Sonasi
191757635,2490359,tl,Kalyanpur
191757712,2490360,tl,Tejipur
191757866,2490362,tl,Rajepur
191758020,2490364,tl,Akbarpur
191758097,2490365,tl,Bharwal Salempur
191758251,2490367,tl,Salempur
191758328,2490368,tl,Darapur
191758713,2490373,tl,Mustafa Bad
191758867,2490375,tl,Nawada Mahmud
191759021,2490377,tl,Bhajan Khera
191759098,2490378,tl,Ibrahimpur
191759329,2490381,tl,Mangu Khera
191759406,2490382,tl,Bakhaura
191759483,2490383,tl,Nasirpur
191759637,2490385,tl,Bhawanipur
191759714,2490386,tl,Barauna
191760022,2490390,tl,Bhagtupur
191760099,2490391,tl,Raghurampur
191760176,2490392,tl,Bishesharpur
191760407,2490395,tl,Guswa
191760484,2490396,tl,Jagat Khera
191760561,2490397,tl,Harwal
191760715,2490399,tl,Kusia
191760792,2490400,tl,Chankandpur
191760869,2490401,tl,Unchgaon
191761023,2490403,tl,Kherwa
191761331,2490407,tl,Kanthari
191761485,2490409,tl,Thakuri Khera
191761639,2490411,tl,Bansa
191761716,2490412,tl,Manjhgaon
191761947,2490415,tl,Sumerganj
191762255,2490419,tl,Mansakhera
191762332,2490420,tl,Kajri
191762486,2490422,tl,Takia
191762948,2490428,tl,Baljit Purwa
191763102,2490430,tl,Nawada Gabhi
191763487,2490435,tl,Sahjana
191764180,2490444,tl,Chandipur
191764257,2490445,tl,Sonhar
191764565,2490449,tl,Banapur
191764642,2490450,tl,Achramau
191764796,2490452,tl,Ghurmai
191764873,2490453,tl,Bharat Purwa
191765258,2490458,tl,Pakaria
191765335,2490459,tl,Takia
191765412,2490460,tl,Lala Purwa
191765643,2490463,tl,Hariharpur
191765797,2490465,tl,Suklapur Bhagat
191766105,2490469,tl,Asman
191766182,2490470,tl,Narwa Purwa
191767183,2490483,tl,Terhia
191767260,2490484,tl,Pilkhana
191767414,2490486,tl,Rudi Khera
191767491,2490487,tl,Shahabda
191767568,2490488,tl,Kamalganj
191767645,2490489,tl,Jura
191767722,2490490,tl,Barhiya Kherha
191767799,2490491,tl,Mawa Purwa
191768107,2490495,tl,Dewanipur
191768261,2490497,tl,Gangapur
191768492,2490500,tl,Harha
191768954,2490506,tl,Guswa
191769493,2490513,tl,Bhikapur
191769878,2490518,tl,Marhia
191769955,2490519,tl,Marsa
191770186,2490522,tl,Mahura Kalan
191770263,2490523,tl,Janera
191770340,2490524,tl,Dahti Salukpur
191770725,2490529,tl,Udra Pachlai
191771110,2490534,tl,Ainchamau
191771264,2490536,tl,Kanai Purwa
191771341,2490537,tl,Bhikari Purwa
191771572,2490540,tl,Faridapur
191771803,2490543,tl,Jalamau
191771957,2490545,tl,Bhat Purwa
191772265,2490549,tl,Dahgawan
191772342,2490550,tl,Takia
191772496,2490552,tl,Durjan Purwa
191772573,2490553,tl,Rudali
191773112,2490560,tl,Gangapur
191773189,2490561,tl,Tikri
191773343,2490563,tl,Gurauli
191773497,2490565,tl,Bhulbhuliapur
191773959,2490571,tl,Kakralo Purwa
191774036,2490572,tl,Mangrauli Kalan
191774421,2490577,tl,Maila Purwa
191774498,2490578,tl,Rasulpur
191774575,2490579,tl,Parchal
191774652,2490580,tl,Pabiani
191774960,2490584,tl,Rampur
191775037,2490585,tl,Chandauli
191775114,2490586,tl,Purauli
191775422,2490590,tl,Chheda Purwa
191775653,2490593,tl,Pandra
191776115,2490599,tl,Bhainsi Khera
191776269,2490601,tl,Ruknapur
191776577,2490605,tl,Piprawan
191776885,2490609,tl,Khempur
191777193,2490613,tl,Isharpur Sai
191777501,2490617,tl,Tirwa
191777578,2490618,tl,Barhauwan
191777655,2490619,tl,Barian Purwa
191777809,2490621,tl,Takia
191777886,2490622,tl,Dhamai
191778271,2490627,tl,Takia
191778502,2490630,tl,Salempur
191778579,2490631,tl,Narayanmau
191778733,2490633,tl,Naurangpur
191778810,2490634,tl,Baghiari
191778887,2490635,tl,Mau
191779118,2490638,tl,Bhikaripur
191779503,2490643,tl,Datan Khera
191779580,2490644,tl,Khadipur
191780658,2490658,tl,Shahabuddinpur
191780735,2490659,tl,Padaria
191781120,2490664,tl,Dianatpur
191781197,2490665,tl,Parasan
191781351,2490667,tl,Dhaka
191781428,2490668,tl,Mujha
191781659,2490671,tl,Gardaha
191781813,2490673,tl,Dhurha
191782044,2490676,tl,Shibnagra
191782121,2490677,tl,Harharpur
191782198,2490678,tl,Pakaria
191782275,2490679,tl,Fatuhabad
191782660,2490684,tl,Firozpur
191782891,2490687,tl,Mohammadpurdina
191783045,2490689,tl,Jaiti
191783122,2490690,tl,Hazratpur
191783353,2490693,tl,Saidapur
191783430,2490694,tl,Rasulpur
191783507,2490695,tl,Kari
191783584,2490696,tl,Rampur Misr
191783738,2490698,tl,Balmiar Barkhar
191783892,2490700,tl,Kanharapur
191784046,2490702,tl,Shahpur Jagir
191784123,2490703,tl,Dulhapur
191784354,2490706,tl,Sheikhpur
191784431,2490707,tl,Kakrahia
191784508,2490708,tl,Gulrai
191784585,2490709,tl,Sahupur
191784739,2490711,tl,Janipur
191784893,2490713,tl,Dilawarnagar
191785047,2490715,tl,Barwar
191785124,2490716,tl,Sihora
191785201,2490717,tl,Bahadurnagar
191785355,2490719,tl,Paikipur
191785586,2490722,tl,Gadmanpur
191785740,2490724,tl,Zindpur
191785817,2490725,tl,Devi Bojhi
191785894,2490726,tl,Jahannagar
191786048,2490728,tl,Pharia Piparia
191786279,2490731,tl,Maksudpur
191786510,2490734,tl,Umm al Khashab
191786587,2490735,tl,Nizampur
191786741,2490737,tl,Kutri
191786895,2490739,tl,Daulatpur
191786972,2490740,tl,Dandaura
191787049,2490741,tl,Aliapur
191787280,2490744,tl,Sabbashahr
191787357,2490745,tl,Bai Kunwan
191787434,2490746,tl,Sadarpur
191787742,2490750,tl,Bardha
191787896,2490752,tl,Pipri Azizpur
191788050,2490754,tl,Sahupur
191788589,2490761,tl,Khunti Khurd
191788666,2490762,tl,Khunti Buzurg
191788743,2490763,tl,Rahiparas
191788897,2490765,tl,Chatarpur
191789051,2490767,tl,Chak Bichpari
191789128,2490768,tl,Munda Basahi
191789282,2490770,tl,Amraulia
191789359,2490771,tl,Usri
191789436,2490772,tl,Parsehra
191789513,2490773,tl,Kurram Nagar
191789590,2490774,tl,Piparia Khagai
191789667,2490775,tl,Alinagar
191789821,2490777,tl,Udarha
191789975,2490779,tl,Kaimta Banwari
191790052,2490780,tl,Kukargoti
191790129,2490781,tl,Dhakia Rup
191790206,2490782,tl,Dhakhia Devi
191790360,2490784,tl,Kulhaura
191790514,2490786,tl,Kunwarpur
191790668,2490788,tl,Bhera Lal
191790745,2490789,tl,Darman
191790976,2490792,tl,Muradpur
191791207,2490795,tl,Pakaria
191791361,2490797,tl,Bargadia
191791515,2490799,tl,Nakara
191791592,2490800,tl,Ahiri
191791669,2490801,tl,Kalwa Moti
191791900,2490804,tl,Simra Grant
191791977,2490805,tl,Shiupuri
191792054,2490806,tl,Kaimtagulli
191792208,2490808,tl,Rampur Ramdas
191792362,2490810,tl,Saraiyan
191792516,2490812,tl,Munda Hardas
191792593,2490813,tl,Patsar
191792670,2490814,tl,Ulrapur
191792824,2490816,tl,Rawan
191792978,2490818,tl,Jankinagar Grant
191793286,2490822,tl,Bangla
191793517,2490825,tl,Kamlapur
191793671,2490827,tl,Basara Khera
191793825,2490829,tl,Mehda
191794056,2490832,tl,Chhotilalpur
191794133,2490833,tl,Kakraha
191794210,2490834,tl,Basaigapur
191794287,2490835,tl,Chandnapur
191794364,2490836,tl,Rajwapur
191794441,2490837,tl,Banjaria
191794518,2490838,tl,Bhogiapur
191794595,2490839,tl,Magdapur
191794672,2490840,tl,Maini
191794749,2490841,tl,Marhia
191794826,2490842,tl,Sisokan
191795134,2490846,tl,Thorant Smith Grant
191795288,2490848,tl,Muqaddarnagar
191795365,2490849,tl,Ghaffarnagar
191795519,2490851,tl,Bastauli
191795596,2490852,tl,Jigna
191795673,2490853,tl,Narayanpur
191795750,2490854,tl,Munda Mafi
191795827,2490855,tl,Tilakpur
191795981,2490857,tl,Raghunathpur
191796135,2490859,tl,Kamalpur
191796289,2490861,tl,Munda Khalsa
191796520,2490864,tl,Amirnagar
191796751,2490867,tl,Harinagar Grant
191797213,2490873,tl,Gangapur Grant
191797444,2490876,tl,Paraspur
191797598,2490878,tl,Umaria
191797675,2490879,tl,Deoria
191797752,2490880,tl,Mathna
191797829,2490881,tl,Dannapur
191797906,2490882,tl,Jamnaha
191798060,2490884,tl,Nandlapur
191798214,2490886,tl,Mirzapur Grant
191798291,2490887,tl,Sujanpur
191798599,2490891,tl,Nawa Khera
191798984,2490896,tl,Raghunathpur
191799061,2490897,tl,Nangapur
191799369,2490901,tl,Shabuddin Pur
191799523,2490903,tl,Jaraura
191799754,2490906,tl,Bilahri
191799908,2490908,tl,Kajarkori
191799985,2490909,tl,Bashi Khurd
191800062,2490910,tl,Chhichhauna
191800139,2490911,tl,Kana Khera
191800293,2490913,tl,Parsehra
191800447,2490915,tl,Ram Khera
191800601,2490917,tl,Chamrapur
191800832,2490920,tl,Kachiani
191800909,2490921,tl,Raina Kera
191800986,2490922,tl,Kaimahra
191801217,2490925,tl,Hayatpur
191801371,2490927,tl,Munda Dikchhit
191801448,2490928,tl,Alipur
191801833,2490933,tl,Amilahar
191802064,2490936,tl,Muhammadabad
191802141,2490937,tl,Chandamau
191802218,2490938,tl,Dhakia
191802372,2490940,tl,Deomaniya-kalan
191802449,2490941,tl,Deomaniya Khurd
191802526,2490942,tl,Singhahar
191802603,2490943,tl,Birahimpur
191802680,2490944,tl,Nazimabad
191802757,2490945,tl,Baraula
191802911,2490947,tl,Nagra
191802988,2490948,tl,Kathghra
191803219,2490951,tl,Kutlupur
191803450,2490954,tl,Bahera
191803681,2490957,tl,Jamhaura
191804990,2490974,tl,Neolapur
191805298,2490978,tl,Sainpur
191805760,2490984,tl,Piara
191805837,2490985,tl,Sareli
191805914,2490986,tl,Dahar
191805991,2490987,tl,Khamaria
191806222,2490990,tl,Bhirawan Grant
191806530,2490994,tl,Kastaul
191806684,2490996,tl,Dhakia
191806915,2490999,tl,Rautapur
191806992,2491000,tl,Jalalpur
191807069,2491001,tl,Kachiani
191807146,2491002,tl,Dhanipur
191807300,2491004,tl,Gularha Grant
191807454,2491006,tl,Jhala
191807608,2491008,tl,Badaha
191807839,2491011,tl,Khanpur Grant
191807993,2491013,tl,Madanpur
191808378,2491018,tl,Mainhan
191808455,2491019,tl,Rani Bihar
191808609,2491021,tl,Simrawan
191808686,2491022,tl,Akbarpur
191808840,2491024,tl,Kaimibhur
191808917,2491025,tl,Batau
191809302,2491030,tl,Lalhauwa
191809379,2491031,tl,Alipur
191809456,2491032,tl,Husainpur
191809610,2491034,tl,Majhgawan
191809687,2491035,tl,Simraiya
191810149,2491041,tl,Kusmi
191810688,2491048,tl,Kunwarpur Gaddi
191810765,2491049,tl,Narwa
191810842,2491050,tl,Masandapur
191810919,2491051,tl,Palakisa
191810996,2491052,tl,Palia
191811381,2491057,tl,Bhadurganj
191811920,2491064,tl,Vativellupalli
191812228,2491068,tl,Sangrigundal
191812921,2491077,tl,Cansaulim
191813152,2491080,tl,Omkareshwar
191813306,2491082,tl,Qila Kumbhalgarh
191813460,2491084,tl,Garhmukteshwar
191813537,2491085,tl,Elappara
191813768,2491088,tl,Yelagiri
191813845,2491089,tl,Roopangarh
191813922,2491090,tl,Moreh
191813999,2491091,tl,Salav
191814153,2491093,tl,Maidan Garhi
191814230,2491094,tl,Kakkanad
191814307,2491095,tl,Fatehpur
191814615,2491099,tl,Virochannagar
191814692,2491100,tl,Abrama
191814923,2491103,tl,Phusro
191815308,2491108,tl,"Hawai, Arunachal Pradesh"
191815539,2491111,tl,Ahiran
191815770,2491114,tl,Akkurthi
191816078,2491118,tl,Alangad
191816309,2491121,tl,Amalsad
191816463,2491123,tl,Ambathurai
191816540,2491124,tl,Ambikanagar
191816617,2491125,tl,Ammavarikuppam
191816694,2491126,tl,Amodra
191816771,2491127,tl,Amrutulu
191816848,2491128,tl,Anapate
191816925,2491129,tl,Andipalayam
191817002,2491130,tl,Anklav
191817233,2491133,tl,Aradgaon
191817310,2491134,tl,Argaon
191817541,2491137,tl,Ayandur
191817618,2491138,tl,Alarsa
191817695,2491139,tl,Kosindra
191817772,2491140,tl,Davol
191817849,2491141,tl,Virsad
191817926,2491142,tl,Sisva
191818003,2491143,tl,Valvod
191818080,2491144,tl,Vatadra
191818234,2491146,tl,Kasor
191818311,2491147,tl,Sunav
191818388,2491148,tl,Palaj
191818465,2491149,tl,Sath
191818542,2491150,tl,Changada
191818619,2491151,tl,Mil Rampura
191818696,2491152,tl,Kauka
191818773,2491153,tl,Ambareli
191818850,2491154,tl,Gangad
191818927,2491155,tl,Rethal
191819004,2491156,tl,Longleng
191819158,2491158,tl,Tuli
191819389,2491161,tl,Bagbera
191819620,2491164,tl,Balran
191819697,2491165,tl,Banali
191819774,2491166,tl,Banapuram
191819851,2491167,tl,Bandhaguda
191819928,2491168,tl,Barauni
191820005,2491169,tl,Barbodhan
191820236,2491172,tl,Bhadole
191820390,2491174,tl,Bharananganam
191820467,2491175,tl,Bhognadih
191820544,2491176,tl,Bhoj Pandaul
191820621,2491177,tl,Bikihakola
191820698,2491178,tl,Bochasan
191820852,2491180,tl,Boratwada
191820929,2491181,tl,Boriavi
191821006,2491182,tl,Kanjari
191821160,2491184,tl,Vadugam
191821237,2491185,tl,Vadinar
191821391,2491187,tl,Vadavukode
191821545,2491189,tl,Vadakkanandal
191821622,2491190,tl,Vadakadu
191821699,2491191,tl,Uranipuram
191821776,2491192,tl,Unava
191822084,2491196,tl,Ukhra
191822161,2491197,tl,Ujina
191822238,2491198,tl,Udiana
191822854,2491206,tl,Tirumalpur
191822931,2491207,tl,Tindharia
191823316,2491212,tl,Tihu
191823393,2491213,tl,Thumpamon
191823547,2491215,tl,Thottippal
191823624,2491216,tl,Thevalakkara
191823778,2491218,tl,Thazhakara
191824086,2491222,tl,Thalayolaparambu
191824394,2491226,tl,Tarimul
191824548,2491228,tl,Tangla
191824625,2491229,tl,Talod
191824933,2491233,tl,Sundankottai
191825010,2491234,tl,Sukkampalayam
191825472,2491240,tl,Sodam
191825626,2491242,tl,Sithurajapuram
191825703,2491243,tl,Sirjapali
191825780,2491244,tl,Singanapalem
191825934,2491246,tl,Simlak
191826088,2491248,tl,Sigam
191826242,2491250,tl,Shrirampur
191826319,2491251,tl,Shirshi
191826396,2491252,tl,Shipur
191826473,2491253,tl,Sherdi
191826627,2491255,tl,Savarkundla
191826704,2491256,tl,Savandapur
191826781,2491257,tl,Satpakhali
191826858,2491258,tl,Sarthebari
191826935,2491259,tl,Saripalli
191827089,2491261,tl,Saputara
191827166,2491262,tl,Sanaswadi
191827243,2491263,tl,Sanapallilanka
191827474,2491266,tl,Saldi
191827705,2491269,tl,Saijpur
191827782,2491270,tl,Sagarpara
191827859,2491271,tl,Rojid
191827936,2491272,tl,Resubelpara
191828013,2491273,tl,Regonda
191828090,2491274,tl,Rayamangalam
191828167,2491275,tl,Ratnal
191828321,2491277,tl,Ranjangaon Sandas
191828475,2491279,tl,Rangat
191828552,2491280,tl,Rampura Phul
191828629,2491281,tl,Ramol
191828783,2491283,tl,Ramanaickenpettai
191828860,2491284,tl,Ralegan Siddhi
191829014,2491286,tl,Rajesultanpur
191829091,2491287,tl,Rajcharadi
191829168,2491288,tl,Rajadanga
191829322,2491290,tl,Puthencruz
191829476,2491292,tl,Puthalapattu
191829553,2491293,tl,Purisai
191829630,2491294,tl,Puranattukara
191829784,2491296,tl,Puliyoor
191829861,2491297,tl,Puthukkad
191830092,2491300,tl,Posana
191830169,2491301,tl,Poruvazhy
191830400,2491304,tl,Ponparappi
191830862,2491310,tl,Pidimgoyya
191831093,2491313,tl,Peruvallur
191831247,2491315,tl,Periyalur
191831324,2491316,tl,Peravali
191831401,2491317,tl,Peramangalam
191831478,2491318,tl,Penumantra
191831555,2491319,tl,Payyanadam
191831709,2491321,tl,Pattabiramapuram
191831786,2491322,tl,Patole
191831863,2491323,tl,Patlur
191831940,2491324,tl,Pathsala
191832017,2491325,tl,Patdi
191832094,2491326,tl,Pasarni
191832248,2491328,tl,Paravai
191832325,2491329,tl,Parappukkara
191832402,2491330,tl,Paranda
191832479,2491331,tl,Panoli
191832787,2491335,tl,Pandurangapuram
191832941,2491337,tl,Pamulur
191833018,2491338,tl,Pamulapadu
191833095,2491339,tl,Palthana
191833326,2491342,tl,Paladugu
191833403,2491343,tl,Palacherla
191833480,2491344,tl,Padanilam
191833788,2491348,tl,Odagaon
191833942,2491350,tl,Obri
191834096,2491352,tl,Nindra
191834173,2491353,tl,Nimmanapalle
191834481,2491357,tl,Neelamperoor
191834635,2491359,tl,Nedumpana
191834789,2491361,tl,Ka`walah
191835020,2491364,tl,Narichana
191835097,2491365,tl,Narendrapuram
191835174,2491366,tl,Nanjai Puliampatti
191835405,2491369,tl,Namsai
191835482,2491370,tl,Nallila
191835559,2491371,tl,Naikal
191835636,2491372,tl,Naduvakurichi
191835713,2491373,tl,Nadapa
191835790,2491374,tl,Nachiapuram
191835867,2491375,tl,Mynagappally
191835944,2491376,tl,Mylakkadu
191836021,2491377,tl,Muzadpur
191836098,2491378,tl,Mutholapuram
191836175,2491379,tl,Murarbad
191836329,2491381,tl,Chalavara
191836483,2491383,tl,Chamrail
191836560,2491384,tl,Chandeni
191836637,2491385,tl,Chandrapura
191836714,2491386,tl,Chapirevula
191836791,2491387,tl,Chegunta
191836945,2491389,tl,Chennithala
191837022,2491390,tl,Cherlopalle
191837099,2491391,tl,Chevitikallu
191837176,2491392,tl,Chinnalapatti
191837253,2491393,tl,Chintakani
191837407,2491395,tl,Chirakkara
191837561,2491397,tl,Chirkunda
191837638,2491398,tl,Chittapuram
191837792,2491400,tl,Choreya
191837869,2491401,tl,Chowtapalli
191837946,2491402,tl,Chulanur
191838023,2491403,tl,Chungathara
191838331,2491407,tl,Mundru
191838562,2491410,tl,Mulavukad
191838639,2491411,tl,Mulakuzha
191838716,2491412,tl,Mulakalacheruvu
191838870,2491414,tl,Mudigonda
191839024,2491416,tl,Clappana
191839101,2491417,tl,Dadegaon
191839409,2491421,tl,Devsar
191839563,2491423,tl,Dhanyakuria
191839640,2491424,tl,Dhavaleshwar
191839717,2491425,tl,Dhavali
191839871,2491427,tl,Didihat
191840025,2491429,tl,Domakonda
191840102,2491430,tl,Donkamokam
191840256,2491432,tl,Dumarkunda
191840333,2491433,tl,Durgachak
191840410,2491434,tl,Durgada
191840564,2491436,tl,Edakkalathur
191840718,2491438,tl,Edavilangu
191840949,2491441,tl,Elamkunnapuzha
191841026,2491442,tl,Elanad
191841103,2491443,tl,Elangadu
191841257,2491445,tl,Enathu
191841334,2491446,tl,Dimaruguri
191841411,2491447,tl,Fadanpura
191841488,2491448,tl,Furus
191841565,2491449,tl,Gajanvav
191841642,2491450,tl,Gajsinghpur
191841719,2491451,tl,Gamdi
191841796,2491452,tl,Gandikota
191841873,2491453,tl,Gandipalem
191841950,2491454,tl,Ganeswarpur
191842027,2491455,tl,Gangadharanellore
191842104,2491456,tl,Garla
191842181,2491457,tl,Gauchar
191842412,2491460,tl,Godhavi
191842566,2491462,tl,Gudakkarai
191842643,2491463,tl,Gudamalani
191842797,2491465,tl,Gundwad
191842874,2491466,tl,Hampar
191843105,2491469,tl,Hatamuniguda
191843182,2491470,tl,Hathigadh
191843413,2491473,tl,Hatsingimari
191843490,2491474,tl,Herobhanga
191843644,2491476,tl,Hingangaon
191843798,2491478,tl,Inamgaon
191843875,2491479,tl,Injimedu
191843952,2491480,tl,I.Polavaram
191844029,2491481,tl,Ittamozhi
191844106,2491482,tl,Jaithari
191844183,2491483,tl,Jajuar
191844260,2491484,tl,Jakhal
191844337,2491485,tl,Jalda
191844414,2491486,tl,Jamjodhpur
191844491,2491487,tl,Jeenmata
191844568,2491488,tl,Jook
191844645,2491489,tl,Kadaplamattom
191844799,2491491,tl,Kaigram
191844876,2491492,tl,Kainoor
191844953,2491493,tl,Kaipuzha
191845030,2491494,tl,Kabirabad
191845107,2491495,tl,Kakkayur
191845184,2491496,tl,Kakkivadanpatti
191845492,2491500,tl,Kalluvathukkal
191845569,2491501,tl,Kalpeni
191845646,2491502,tl,Kamalakur
191845723,2491503,tl,Kandanvilai
191845877,2491505,tl,Kannamangalam
191846031,2491507,tl,Kansbahal
191846108,2491508,tl,Kappadu
191846185,2491509,tl,Kappur
191846262,2491510,tl,Malkapur
191846339,2491511,tl,Devikhindi
191846416,2491512,tl,Kotij
191846493,2491513,tl,Karalam
191846801,2491517,tl,Karthikappally
191846878,2491518,tl,Karunapuram
191846955,2491519,tl,Katgun
191847032,2491520,tl,Katrathal
191847109,2491521,tl,Katrenikona
191847186,2491522,tl,Kavalkinaru
191847340,2491524,tl,Keeramangalam
191847494,2491526,tl,Khanpar
191847802,2491530,tl,Kodumon
191847879,2491531,tl,Kokernag
191847956,2491532,tl,Kolaghat
191848033,2491533,tl,Kolenchery
191848187,2491535,tl,Kondalampatti
191848264,2491536,tl,Kondukuduru
191848341,2491537,tl,Kongarpalayam
191848418,2491538,tl,Koolimuttam
191848572,2491540,tl,Koothappar
191848649,2491541,tl,Kootanad
191848726,2491542,tl,Koottickal
191848803,2491543,tl,Koovappady
191849111,2491547,tl,Kulanada
191849188,2491548,tl,Kulasekharamangalam
191849419,2491551,tl,Kumardubi
191849496,2491552,tl,Kumarghat
191849573,2491553,tl,Kumbhar Falia
191849650,2491554,tl,Kumirdaha
191849727,2491555,tl,Kunali
191849804,2491556,tl,Kunnamthanam
191850035,2491559,tl,Thenkurissi
191850266,2491562,tl,Kuvagam
191850574,2491566,tl,Limbuda
191850728,2491568,tl,Madhapar
191850805,2491569,tl,Madhurapudi
191850882,2491570,tl,Madurawada
191851036,2491572,tl,Mahendrawada
191851113,2491573,tl,Maktampur
191851190,2491574,tl,Maktupur
191851267,2491575,tl,Malikipuram
191851421,2491577,tl,Mamuara
191851498,2491578,tl,Manakala
191851575,2491579,tl,Manapakkam
191851652,2491580,tl,Manendragarh
191851729,2491581,tl,Mangavilai
191851806,2491582,tl,Manjalumoodu
191851883,2491583,tl,Maradu
191851960,2491584,tl,Maramadakki
191852114,2491586,tl,Marthandam
191852191,2491587,tl,Masagram
191852268,2491588,tl,Meghahatuburu
191852345,2491589,tl,Melnariyappanur
191852499,2491591,tl,Mezhathur
191852576,2491592,tl,Mudalur
191852653,2491593,tl,Minalur
191852730,2491594,tl,Minicoy
191853654,2491606,tl,Motona
191853808,2491608,tl,Moothakunnam
191853962,2491610,tl,Vadeli
191854039,2491611,tl,Vadayar
191854116,2491612,tl,Vadavalli
191854424,2491616,tl,Manund
191854501,2491617,tl,Mannamangalam
191854578,2491618,tl,Pintharpura
191854886,2491622,tl,Yadamari
191854963,2491623,tl,Wategaon
191855040,2491624,tl,Warwat Bakal
191855117,2491625,tl,Wankhed
191855271,2491627,tl,Vorasamni
191855348,2491628,tl,V.Kalathur
191855502,2491630,tl,Villukuri
191855579,2491631,tl,Vilankurichi
191855656,2491632,tl,Vilangad
191855733,2491633,tl,Vikramam
191855810,2491634,tl,Vettiyar
191855887,2491635,tl,Vettilappara
191855964,2491636,tl,Veppathur
191856041,2491637,tl,Venmony
191856195,2491639,tl,Vemulapally
191856349,2491641,tl,Vellora
191856426,2491642,tl,Vellarada
191856503,2491643,tl,Veliyanad
191856580,2491644,tl,Veligandla
191856965,2491649,tl,Vangani
191857042,2491650,tl,Vandithavalam
191857196,2491652,tl,Vanavasi
191857273,2491653,tl,Valathungal
191857350,2491654,tl,Vakkalagadda
191857427,2491655,tl,Vakathanam
191857504,2491656,tl,Vajreshwari
191857581,2491657,tl,Vaipur
191857966,2491662,tl,Anjugramam
191858043,2491663,tl,Arabal
191858197,2491665,tl,Avatti
191858351,2491667,tl,Ayyalur
191858428,2491668,tl,Barloni
191858505,2491669,tl,Bayyaram
191858582,2491670,tl,Beerakuppam
191858890,2491674,tl,Chalthan
191859121,2491677,tl,Changlang
191859506,2491682,tl,Chirumarri
191859583,2491683,tl,Dainhat
191859660,2491684,tl,Dalavaipatti
191859814,2491686,tl,Diguvamasapalle
191859891,2491687,tl,Doravarisatram
191860045,2491689,tl,Erumamunda
191860276,2491692,tl,Gurholi
191860353,2491693,tl,Handigund
191860584,2491696,tl,Ikhar
191860738,2491698,tl,Iroopara
191860815,2491699,tl,Joka
191861046,2491702,tl,Kamargoria
191861200,2491704,tl,Kambagi
191861277,2491705,tl,Kambhamvaripalle
191861508,2491708,tl,Kavalur
191861662,2491710,tl,Kegaon
191861739,2491711,tl,Kesabpur
191862047,2491715,tl,Karakulam
191862124,2491716,tl,Kodanad
191862355,2491719,tl,Krishna Kittur
191862432,2491720,tl,Kumaramangalam
191862586,2491722,tl,Kulichapattu
191862663,2491723,tl,Madathara
191862894,2491726,tl,Maheshkhunt
191863048,2491728,tl,Mallavolu
191863125,2491729,tl,Nagarukhra
191863202,2491730,tl,Nahira
191863356,2491732,tl,Nangamangalam
191863433,2491733,tl,Nangathur
191863510,2491734,tl,Narasimhanaickenpalayam
191863587,2491735,tl,Narrawada
191863741,2491737,tl,Nasalapur
191863818,2491738,tl,Barajamda
191863895,2491739,tl,Barvala-Baval
191864126,2491742,tl,Beerakuppam
191864357,2491745,tl,Mothadaka
191864434,2491746,tl,Vedurukuppam
191864588,2491748,tl,Valathoor
191864665,2491749,tl,Thayamangalam
191864896,2491752,tl,Srirangarajapuram
191865127,2491755,tl,Pimpalner
191865204,2491756,tl,Paluvai
191865589,2491761,tl,Warla
191865666,2491762,tl,Ghota
191865743,2491763,tl,Sonda
191865897,2491765,tl,Panala
191866205,2491769,tl,Wadgaon
191866359,2491771,tl,Wanwarla
191866513,2491773,tl,Rambha
191866590,2491774,tl,Januna
191866667,2491775,tl,Yeheldari
191866744,2491776,tl,Nandura
191866975,2491779,tl,Sawali
191867129,2491781,tl,Jalpur
191867283,2491783,tl,Satarmal
191867360,2491784,tl,Mansal
191867437,2491785,tl,Adgaon
191867668,2491788,tl,Dargsawangi
191867745,2491789,tl,Kumbhari
191867899,2491791,tl,Patwanda
191867976,2491792,tl,Bhatsawangi
191868053,2491793,tl,Dhanapur
191868207,2491795,tl,Sagad
191868361,2491797,tl,Dhotra
191868900,2491804,tl,Khairkhed
191869131,2491807,tl,Sawargaon
191869362,2491810,tl,Pergaon
191869439,2491811,tl,Lambi
191869593,2491813,tl,Karwad
191869670,2491814,tl,Rajura
191869901,2491817,tl,Borja
191870132,2491820,tl,Deothana
191870209,2491821,tl,Gaula Manjri
191870286,2491822,tl,Morwad
191870363,2491823,tl,Warari
191870440,2491824,tl,Amti
191870594,2491826,tl,Buti
191870825,2491829,tl,Paragodu
191870902,2491830,tl,Adinarayanahalli
191870979,2491831,tl,Devireddypalli
191871133,2491833,tl,Adalli
191871672,2491840,tl,Vastapur
191871826,2491842,tl,Lingetla
191871903,2491843,tl,Gauliguda
191871980,2491844,tl,Sarangpur
191872211,2491847,tl,Borgaon
191872288,2491848,tl,Dhani
191872365,2491849,tl,Gopalpet
191872442,2491850,tl,Ranapur
191872519,2491851,tl,Dangapur
191872596,2491852,tl,Tandra
191872750,2491854,tl,Burugpalli
191872904,2491856,tl,Medpalli
191872981,2491857,tl,Yalareddipet
191873366,2491862,tl,Kalva
191873443,2491863,tl,Allur
191873674,2491866,tl,Nilaipet
191873905,2491869,tl,Arepalli
191873982,2491870,tl,Parimandal
191874752,2491880,tl,Langdapur
191874829,2491881,tl,Chityal
191874906,2491882,tl,Sirgapur
191874983,2491883,tl,Mayapur
191875060,2491884,tl,Tamsa
191875291,2491887,tl,Kautla
191875445,2491889,tl,Venkatapur
191875522,2491890,tl,Akapur
191875676,2491892,tl,Wadyal
191875753,2491893,tl,Narsapuram
191875830,2491894,tl,Kankapuram
191876061,2491897,tl,Borgaon
191876138,2491898,tl,Sangampet
191876292,2491900,tl,Zafrapur
191876446,2491902,tl,Mallapur
191876754,2491906,tl,Madapur
191876831,2491907,tl,Gamjal
191876908,2491908,tl,Songarh
191877062,2491910,tl,Dharmaram
191877139,2491911,tl,Pichira
191877216,2491912,tl,Laxmanchanda
191877293,2491913,tl,Tirupalli
191877601,2491917,tl,Korenahalli
191877755,2491919,tl,Sriniyasapura
191877986,2491922,tl,Nirgantipalli
191878140,2491924,tl,Sankavarampalli
191878217,2491925,tl,Tenkaimakalapalli
191878371,2491927,tl,Buragamadaga
191878448,2491928,tl,Gondipalli
191878602,2491930,tl,Gujjepalli
191878756,2491932,tl,Nallasanampalli
191878910,2491934,tl,Gudipalli
191878987,2491935,tl,Marimakalapalli
191879064,2491936,tl,Singappagaripalli
191879141,2491937,tl,Yagavanetiguntapalli
191879449,2491941,tl,Chokampalli
191879526,2491942,tl,Malligurke
191879680,2491944,tl,Papinaikanapalli
191879834,2491946,tl,Muttinapalli
191879911,2491947,tl,Palligutta
191879988,2491948,tl,Gollapalli
191880065,2491949,tl,Reddyvaripalli
191880296,2491952,tl,Kanugamakulapalli
191880527,2491955,tl,Tirumani
191880681,2491957,tl,Arigepalli
191880758,2491958,tl,Varadayagaripalli
191880835,2491959,tl,Bhogenahalli
191881374,2491966,tl,Nallamallepalli
191881605,2491969,tl,Nadimpalli
191881759,2491971,tl,Kumbalahalli
191881836,2491972,tl,Patravandlapalli
191881913,2491973,tl,Chaprampalli
191881990,2491974,tl,Yellampalli
191882221,2491977,tl,Tettahalli
191882298,2491978,tl,Chanduru
191883145,2491989,tl,Bichiganahalli
191883222,2491990,tl,Talavanadinne
191883299,2491991,tl,Pinnehalli
191883453,2491993,tl,Katenahalli
191883530,2491994,tl,Pottavaripalli
191883761,2491997,tl,Surapalli
191884223,2492003,tl,Venkatapur
191884300,2492004,tl,Vadigere
191884377,2492005,tl,Bandolpalli
191884608,2492008,tl,Bandakindapalli
191884685,2492009,tl,Gummalpalli
191884839,2492011,tl,Dugginaikanapalli
191884993,2492013,tl,Pulkuntlapalli
191885070,2492014,tl,Kuntlapalli
191885147,2492015,tl,Polinayakanapalli
191885224,2492016,tl,Motakapalli
191885378,2492018,tl,Ajaganapalli
191886225,2492029,tl,Kanampalli
191886379,2492031,tl,Bedikadarepalli
191886456,2492032,tl,Julpalya
191886995,2492039,tl,Kamanahalli
191887226,2492042,tl,Kotagallu
191887303,2492043,tl,Sonaganahalli
191887457,2492045,tl,Uppukuntahalli
191887534,2492046,tl,Nallappanahalli
191887765,2492049,tl,Someswara
191887996,2492052,tl,Ganganahalli
191888227,2492055,tl,Mudireddihalli
191888304,2492056,tl,Lakshmisagara
191888381,2492057,tl,Varlakonde
191888458,2492058,tl,Gontiganahudya
191888689,2492061,tl,Herenagavali
191888766,2492062,tl,Muddalahalli
191888843,2492063,tl,Jangalahalli
191888920,2492064,tl,Medimakalahalli
191888997,2492065,tl,Bommanahalli
191889228,2492068,tl,Koppukatenahalli
191889305,2492069,tl,Bandarlahalli
191889767,2492075,tl,Somenahalli
191889844,2492076,tl,Gummareddihalli
191889998,2492078,tl,Kadirisettihalli
191890152,2492080,tl,Doddanancherlu
191890306,2492082,tl,Ramaganahalli
191890383,2492083,tl,Pavujenahalli
191890537,2492085,tl,Varasandra
191890614,2492086,tl,Settikere
191890845,2492089,tl,Halehalli
191890999,2492091,tl,Timmasandra
191891307,2492095,tl,Neralemaradahalli
191891384,2492096,tl,Gollahalli
191891461,2492097,tl,Pusaganadoddi
191891538,2492098,tl,Iragappanahalli
191891769,2492101,tl,Vardaganahalli
191891846,2492102,tl,Yerranagehahalli
191892154,2492106,tl,Thimmenahalli
191892231,2492107,tl,Boyinahalli
191892308,2492108,tl,Kasuvuguttapalli
191892385,2492109,tl,Ganganahalli
191892924,2492116,tl,Basettihalli
191893309,2492121,tl,Chikkanagavalli
191893463,2492123,tl,Kamaganapalli
191893771,2492127,tl,Arur
191893925,2492129,tl,Chikkavarur
191894002,2492130,tl,Bachchireddipalli
191894618,2492138,tl,Biraganahalli
191894695,2492139,tl,Marvenahalli
191894772,2492140,tl,Bommahalli
191894849,2492141,tl,Akamat Hassan al `Ulya
191894926,2492142,tl,Jarugahalli
191895003,2492143,tl,Kondappagaripalli
191895157,2492145,tl,Yalagalhalli
191895234,2492146,tl,Hiriyetachenahalli
191895311,2492147,tl,Chinna Dibburahalli
191895388,2492148,tl,Bachanahalli
191895465,2492149,tl,Dibburahalli
191895542,2492150,tl,Vaddahalli
191895619,2492151,tl,Talakayilabetta
191895696,2492152,tl,Maralappanahalli
191895850,2492154,tl,Dasarahalli
191896158,2492158,tl,Devaganahalli
191896235,2492159,tl,Korlaparti
191896312,2492160,tl,Gajulavarapalli
191896389,2492161,tl,Gollahalli
191896466,2492162,tl,Neranaguttahalli
191896697,2492165,tl,Maniyarmuddenahalli
191896774,2492166,tl,Kurukachenahalli
191896851,2492167,tl,Kommasandra
191896928,2492168,tl,Kariyappanahalli
191897082,2492170,tl,Balegaudanahalli
191897159,2492171,tl,Vemagallu
191897236,2492172,tl,Kyasigere
191897313,2492173,tl,Chikkabandaragatta
191897390,2492174,tl,Chengavarihalli
191897467,2492175,tl,Doddabandaragatta
191897544,2492176,tl,Pulakuntahalli
191897852,2492180,tl,Gonimaradahalli
191897929,2492181,tl,Nakkalahalli
191898083,2492183,tl,Alagurki
191898160,2492184,tl,Thimmanayakanahalli
191898237,2492185,tl,Gorla Gummanahalli
191898391,2492187,tl,Kudupakunte
191898545,2492189,tl,Yerrahalli
191898699,2492191,tl,Nasganahalli
191898776,2492192,tl,Anemadagu
191898930,2492194,tl,Madenahalli
191899161,2492197,tl,Chokkanahalli
191899392,2492200,tl,Kachinayakanahalli
191899469,2492201,tl,Dhanamattenaballi
191899546,2492202,tl,Basettihalli
191899623,2492203,tl,Gaudanahalli
191899777,2492205,tl,Kempanahalli
191899854,2492206,tl,Doddagummanahalli
191899931,2492207,tl,Maddenapalli
191900008,2492208,tl,Marraganaparti
191900085,2492209,tl,Kambalahalli
191900162,2492210,tl,Settivarahalli
191900393,2492213,tl,Renumakalahalli
191900547,2492215,tl,Gundlahalli
191900624,2492216,tl,Inuminchenahalli
191900855,2492219,tl,Guvalakanahalli
191900932,2492220,tl,Ramaganaparti
191901163,2492223,tl,Kalkunte
191901240,2492224,tl,Chambahally
191901317,2492225,tl,Yaligere
191901548,2492228,tl,Doddapayalagurki
191901625,2492229,tl,Samchenahalli
191901856,2492232,tl,Haristhala
191902010,2492234,tl,Papinayakanahalli
191902164,2492236,tl,Reddihalli
191902703,2492243,tl,Rameswara
191902780,2492244,tl,Nallarallahalli
191902857,2492245,tl,Valasenahalli
191902934,2492246,tl,Kumbarahalli
191903011,2492247,tl,Ammagarahalli
191903088,2492248,tl,Amurtimmanahalli
191903165,2492249,tl,Dyvarahalli
191903319,2492251,tl,Chandaganahalli
191903473,2492253,tl,Rayappanahalli
191903627,2492255,tl,Venkatakrishnammanahalli
191903781,2492257,tl,Bandahalli
191903858,2492258,tl,Nakkalahalli
191903935,2492259,tl,Atagollahalli
191904012,2492260,tl,Gandlachinte
191904166,2492262,tl,Peresandra
191904243,2492263,tl,Bandahalli
191904320,2492264,tl,Chinampalli
191904705,2492269,tl,Hunegal
191904936,2492272,tl,Gundlagurki
191905013,2492273,tl,Jodi Pulthamanahalli
191905090,2492274,tl,Soppahalli
191905244,2492276,tl,Kaddibbur
191905321,2492277,tl,Dibbur
191905398,2492278,tl,Golchinnappanhalli
191905475,2492279,tl,Rayappanhalli
191905552,2492280,tl,Nellimaradhalli
191905706,2492282,tl,Gullu
191905783,2492283,tl,Hiriyannahalli
191905860,2492284,tl,Katriguppe
191906476,2492292,tl,Kannappanhalli
191906553,2492293,tl,Sadhalli
191906630,2492294,tl,Binmangala
191906861,2492297,tl,Palucharlu
191906938,2492298,tl,Somanhalli
191907015,2492299,tl,Marihalli
191907169,2492301,tl,Mumbanhalli
191907246,2492302,tl,Kachanaikanhalli
191907323,2492303,tl,Rachenhalli
191907477,2492305,tl,Gangahalli
191907554,2492306,tl,Roparlahalli
191907631,2492307,tl,Haleganjigunte
191907708,2492308,tl,Devaguttahalli
191908016,2492312,tl,Kundalgurki
191908093,2492313,tl,Donihalli
191908170,2492314,tl,Shiddapur
191908324,2492316,tl,Kempanhalli
191908401,2492317,tl,Mallahalli
191908786,2492322,tl,Khandakanhalli
191908863,2492323,tl,Angarekhanhalli
191908940,2492324,tl,Chimmanhalli
191909094,2492326,tl,Maralkunti
191909171,2492327,tl,Honnappanhalli
191909556,2492332,tl,Manchanbele
191909864,2492336,tl,Varadhalli
191910018,2492338,tl,Nayinhalli
191910249,2492341,tl,Hosur
191910480,2492344,tl,Harlhalli
191910557,2492345,tl,Gudihalli
191910634,2492346,tl,Muttakadhalli
191910711,2492347,tl,Vardanaikanhalli
191910788,2492348,tl,Chimmanhalli
191911019,2492351,tl,Dogarnaikanhalli
191911250,2492354,tl,Basavanparti
191911404,2492356,tl,Chikpapanhalli
191911481,2492357,tl,Chikdasenhalli
191911558,2492358,tl,Doddasenhalli
191911635,2492359,tl,Ullappanhalli
191911866,2492362,tl,Konganahalli
191912020,2492364,tl,Chandrahalli
191912097,2492365,tl,Katriguppa
191912482,2492370,tl,Amatiganhalli
191912559,2492371,tl,Tinnakallu
191912636,2492372,tl,Guttahalli
191912713,2492373,tl,Channahalli
191912944,2492376,tl,Kodarnaikanhalli
191913252,2492380,tl,Bachihalli
191913329,2492381,tl,Birappanhalli
191913483,2492383,tl,Bammanhalli
191913560,2492384,tl,Sonenhalli
191913714,2492386,tl,Taldummanhalli
191913945,2492389,tl,Handiganal
191914176,2492392,tl,Lakkehalli
191914253,2492393,tl,Hoshudya
191914407,2492395,tl,Nellimaradhalli
191914946,2492402,tl,Kondenhalli
191915023,2492403,tl,Timmanhalli
191915100,2492404,tl,Appegowdanahalli
191915408,2492408,tl,Bommanhalli
191915639,2492411,tl,Chidchikkanhalli
191915716,2492412,tl,Bannikuppe
191915870,2492414,tl,Ajavara
191916024,2492416,tl,Nugathalli
191916409,2492421,tl,Kuppenhalli
191916486,2492422,tl,Gejjiganhalli
191916563,2492423,tl,Buragamakanhalli
191916640,2492424,tl,Bammakallu
191916717,2492425,tl,Guthalli
191916794,2492426,tl,Kempadenhalli
191916871,2492427,tl,Dodkandrahalli
191916948,2492428,tl,Gubalhalli
191917102,2492430,tl,Hulgummanhalli
191917179,2492431,tl,Banahalli
191917256,2492432,tl,Mastenhalli
191917333,2492433,tl,Marpalli
191917410,2492434,tl,Kottur
191917487,2492435,tl,Malakapura
191917564,2492436,tl,Vaddihalli
191917718,2492438,tl,Hoshalli
191917795,2492439,tl,Subbaryanapet
191917872,2492440,tl,Ammanallur
191918026,2492442,tl,Vaijakur
191918180,2492444,tl,Birajenhalli
191918257,2492445,tl,Virupakshipur
191918334,2492446,tl,Akkimangala
191918411,2492447,tl,Kadarapur
191918488,2492448,tl,Chimangala
191918719,2492451,tl,Attiganhalli
191918796,2492452,tl,Hemarlahalli
191919027,2492455,tl,Arkere
191919104,2492456,tl,Yannangur
191919181,2492457,tl,Nallenhalli
191919258,2492458,tl,Chokkandhalli
191919566,2492462,tl,Yellavahalli
191919643,2492463,tl,Angattatti
191919720,2492464,tl,Venkatenhalli
191919797,2492465,tl,Shettihalli
191919951,2492467,tl,Mittanahalli
191920028,2492468,tl,Chindenhalli
191920105,2492469,tl,Chikkanhalli
191920182,2492470,tl,Dandiganhalli
191920259,2492471,tl,Kommasandra
191920721,2492477,tl,Muddenhalli
191920875,2492479,tl,Narayanpur
191920952,2492480,tl,Golhalli
191921029,2492481,tl,Nakkanhalli
191921183,2492483,tl,Chinnappanaikanhosur
191921414,2492486,tl,Harlurnaganhalli
191921568,2492488,tl,Kachahalli
191921722,2492490,tl,Muttur
191921799,2492491,tl,Melur
191921953,2492493,tl,Kambadhalli
191922184,2492496,tl,Bellotti
191922338,2492498,tl,Malamachanhalli
191922492,2492500,tl,Chikdasarhalli
191922569,2492501,tl,Dabarganhalli
191922646,2492502,tl,Japtihoshalli
191922800,2492504,tl,Tummanhalli
191922877,2492505,tl,Doddasarhalli
191923031,2492507,tl,Tippenhalli
191923108,2492508,tl,Malshettipura
191923185,2492509,tl,Gundlanarasimhanahalli
191923262,2492510,tl,Chintudpi
191923570,2492514,tl,Kannamangal
191923647,2492515,tl,Narayandasarhalli
191923801,2492517,tl,Atturu
191923955,2492519,tl,Taduru
191924109,2492521,tl,Totlaganhalli
191924186,2492522,tl,Bhaktarhalli
191924263,2492523,tl,Kyalanur
191924340,2492524,tl,Tippenhalli
191924417,2492525,tl,Kadhalli
191924494,2492526,tl,Chansandra
191924648,2492528,tl,Belahalli
191924725,2492529,tl,Padiganhalli
191924802,2492530,tl,Chaldiganahalli
191924956,2492532,tl,Kalhalli
191925033,2492533,tl,Amaravathi
191925264,2492536,tl,Kalnayakanhalli
191925341,2492537,tl,Devenhalli
191925418,2492538,tl,Gambhiranhalli
191925495,2492539,tl,Mallenhalli
191925572,2492540,tl,Phakiranhoshalli
191925726,2492542,tl,Valapanhalli
191925880,2492544,tl,Balavanhalli
191926111,2492547,tl,Venkatapur
191926342,2492550,tl,Hyadala
191926496,2492552,tl,Dharmapur
191926881,2492557,tl,Dodtatmangala
191926958,2492558,tl,Timmanahalli
191927189,2492561,tl,Koramangala
191927266,2492562,tl,Avalhalli
191927497,2492565,tl,Nagamangala
191927805,2492569,tl,Lalapur
191927959,2492571,tl,Arkere
191928036,2492572,tl,Hanamapur
191928267,2492575,tl,Kadmattikere
191928344,2492576,tl,Yachgatta
191928421,2492577,tl,Salantripalya
191928575,2492579,tl,Kitnagamangala
191928652,2492580,tl,Borsandra
191928729,2492581,tl,Dasanpur
191928806,2492582,tl,Tarikere
191929114,2492586,tl,Hitalhalli
191929191,2492587,tl,Hoskere
191929268,2492588,tl,Salupalya
191929345,2492589,tl,Gantiganhalli
191929499,2492591,tl,Kulumepalya
191929576,2492592,tl,Rajagere
191929653,2492593,tl,Kallupalya
191929730,2492594,tl,Muniyanapalya
191929807,2492595,tl,Channapur
191930038,2492598,tl,Kundur
191930115,2492599,tl,Nittur
191930346,2492602,tl,Edigarpalya
191930423,2492603,tl,Bommenahalli
191930577,2492605,tl,Hutri
191930731,2492607,tl,Hosur
191930808,2492608,tl,Chenniahnapalya
191930962,2492610,tl,Chowdanayakanpalya
191931270,2492614,tl,Siddemanipalya
191931578,2492618,tl,Hutridurga
191931809,2492621,tl,Kempanhalli
191931886,2492622,tl,Bettahalli
191931963,2492623,tl,Sondalagere
191932040,2492624,tl,Katrighatta
191932117,2492625,tl,Kulumepalya
191932425,2492629,tl,Huchahanumegowdanpalya
191932656,2492632,tl,Hodeghatta
191932887,2492635,tl,Halshettihalli
191933041,2492637,tl,Sripatihalli
191933118,2492638,tl,Basavanpalya
191933195,2492639,tl,Harohalli
191933272,2492640,tl,Juttanahalli
191933349,2492641,tl,Chundurayanhalli
191933426,2492642,tl,Kalya
191933580,2492644,tl,Basavapatna
191933888,2492648,tl,Mayanayakanhalli
191933965,2492649,tl,Hanumapur
191934042,2492650,tl,Motegowdanpalya
191934196,2492652,tl,Upparati
191934273,2492653,tl,Kempasagara
191934350,2492654,tl,Hospalya
191934504,2492656,tl,Karenhalli
191934581,2492657,tl,Tatabalu
191934812,2492660,tl,Channammanapalya
191935043,2492663,tl,Belagumba
191935505,2492669,tl,Kebbepalya
191935582,2492670,tl,Ippemaradpalya
191936198,2492678,tl,Vyasaramanpalya
191936429,2492681,tl,Uduvagere
191936814,2492686,tl,Dasegowdanpalya
191936968,2492688,tl,Madabal
191937045,2492689,tl,Pura
191937199,2492691,tl,Mangallu
191937276,2492692,tl,Tubinkere
191937353,2492693,tl,Bolenhalli
191937430,2492694,tl,Mattikere
191937507,2492695,tl,Huluvenahalli
191937584,2492696,tl,Heligehalli
191937661,2492697,tl,Marladevanapura
191937738,2492698,tl,Dandigepura
191937815,2492699,tl,Agalakote
191937892,2492700,tl,Dandinapalya
191938046,2492702,tl,Donakuppe
191938123,2492703,tl,Kondahalli
191938200,2492704,tl,Gollarhatti
191938277,2492705,tl,Matadpalya
191938970,2492714,tl,Giddadasanpur
191939047,2492715,tl,Ad Dar al A`la
191939201,2492717,tl,Puranipalya
191939278,2492718,tl,Hoshalli
191939355,2492719,tl,Segepalya
191939432,2492720,tl,Kanivepalya
191939817,2492725,tl,Chakrabavi
191939894,2492726,tl,Hulikatte
191939971,2492727,tl,Halasabele
191940125,2492729,tl,Nagenhalli
191940202,2492730,tl,Yedahalli
191940356,2492732,tl,Andanigowdanpalya
191940510,2492734,tl,Muganpura
191940818,2492738,tl,Segipalya
191940895,2492739,tl,Ippadi
191941203,2492743,tl,Madapanhalli
191941357,2492745,tl,Shinappanhalli
191941588,2492748,tl,Kadramanhalli
191941665,2492749,tl,Arepalya
191941742,2492750,tl,Kadarapura
191941819,2492751,tl,Nanjegowdanpalya
191941896,2492752,tl,Tangachahalli
191942358,2492758,tl,Modur
191942435,2492759,tl,Hosur
191942589,2492761,tl,Pavsandra
191942743,2492763,tl,Segipalya
191942974,2492766,tl,Singonahalli
191943051,2492767,tl,Nagatihalli
191943282,2492770,tl,Guddetipsandra
191943359,2492771,tl,Hoshalli
191943436,2492772,tl,Kichavadi
191943667,2492775,tl,Akkimaripalya
191943744,2492776,tl,Hulikatti
191943898,2492778,tl,Chikkonhalli
191943975,2492779,tl,Herohalli
191944052,2492780,tl,Muddahanumanapalya
191944283,2492783,tl,Sastripalya
191944591,2492787,tl,Koramangala
191944745,2492789,tl,Kempanhalli
191944899,2492791,tl,Gattipura
191945130,2492794,tl,Chittanhalli
191945207,2492795,tl,Neralvadi
191945284,2492796,tl,Kotgaranhalli
191945361,2492797,tl,Mathandoddi
191945515,2492799,tl,Gerhalli
191945592,2492800,tl,Jalamangal
191945823,2492803,tl,Akkur
191945900,2492804,tl,Virupasandra
191945977,2492805,tl,Hombegowdandoddi
191946054,2492806,tl,Chikkagangawadi
191946285,2492809,tl,Gollardoddi
191946362,2492810,tl,Kanchidoddi
191946439,2492811,tl,Doddagangawadi
191946516,2492812,tl,Belagavadi
191946593,2492813,tl,Kalladevanhalli
191946670,2492814,tl,Hosdoddi
191946824,2492816,tl,Handlageri
191947055,2492819,tl,Medardoddi
191947132,2492820,tl,Tavarekere
191947209,2492821,tl,Kachhalli
191947286,2492822,tl,Byadarhalli
191947363,2492823,tl,Kenchanhalli
191947594,2492826,tl,Ujani
191947671,2492827,tl,Dyavasandra
191948133,2492833,tl,Dodkoppalu
191948210,2492834,tl,Honmachanhalli
191948364,2492836,tl,Kebhalli
191948595,2492839,tl,Kenkere
191948749,2492841,tl,Wajarpalya
191948826,2492842,tl,Bandigowdanpalya
191948903,2492843,tl,Kannegowdandoddi
191948980,2492844,tl,Chowdeswarahalli
191949288,2492848,tl,Hosur
191949442,2492850,tl,Makli
191949519,2492851,tl,Naidolli
191949673,2492853,tl,Chilimsandra
191949750,2492854,tl,Shivanhalli
191949827,2492855,tl,Kebhalli
191949904,2492856,tl,Hunaganhalli
191949981,2492857,tl,Kamidoddi
191950289,2492861,tl,Harkanhalli
191950366,2492862,tl,Varadegowdandoddi
191950597,2492865,tl,Bhandhalli
191950674,2492866,tl,Hoshalli
191950751,2492867,tl,Navale
191950828,2492868,tl,Viragowdandoddi
191950982,2492870,tl,Siddegowdandoddi
191951136,2492872,tl,Lingasandra
191951213,2492873,tl,Hoshalli
191951444,2492876,tl,Gummasandra
191951521,2492877,tl,Kadboranhalli
191951906,2492882,tl,Doddakkanhalli
191952137,2492885,tl,Dundanahalli
191952368,2492888,tl,Mallanayakanhalli
191952445,2492889,tl,Chakankere
191952522,2492890,tl,Kadarmangal
191952599,2492891,tl,Sidnahalli
191952676,2492892,tl,Bettadasandoddi
191952753,2492893,tl,Gowdgeri
191953138,2492898,tl,Yaraganahalli
191953292,2492900,tl,Hosurdoddi
191953600,2492904,tl,Harohallidoddi
191954062,2492910,tl,Angurhalli
191954139,2492911,tl,Kanamangala
191954293,2492913,tl,Manigandoddi
191954447,2492915,tl,Kyasapur
191954524,2492916,tl,Hanumanhalli
191954601,2492917,tl,Chamanhalli
191954678,2492918,tl,Dashavar
191954755,2492919,tl,Yalehoshalli
191954832,2492920,tl,Nagavar
191954986,2492922,tl,Chikkenhalli
191955063,2492923,tl,Abbur
191955140,2492924,tl,Abburdoddi
191955217,2492925,tl,Mogenhalli
191955294,2492926,tl,Torehosur
191955448,2492928,tl,Kansandra
191955602,2492930,tl,Timasandra
191956064,2492936,tl,Arekandoddi
191956372,2492940,tl,Mudagere
191956526,2492942,tl,Marasinganhalli
191956911,2492947,tl,Valgiredoddi
191956988,2492948,tl,Alamshettihalli
191957065,2492949,tl,Aralapura
191957219,2492951,tl,Haralahalli
191957373,2492953,tl,Hosakere
191957527,2492955,tl,Yaraganhalli
191957604,2492956,tl,Hanumanthpura
191957758,2492958,tl,Ningandoddi
191957835,2492959,tl,Kadalipura
191957912,2492960,tl,Hemmanahalli
191957989,2492961,tl,Hulaganhalli
191958143,2492963,tl,Chapardoddi
191958374,2492966,tl,Belaturu
191958759,2492971,tl,Maradevanahalli
191958836,2492972,tl,Hosahalli
191958913,2492973,tl,Koluru
191959067,2492975,tl,Voddaradoddi
191959144,2492976,tl,Kadalur
191959760,2492984,tl,Honnayakanhalli
191959837,2492985,tl,Tenkanhallidoddi
191959914,2492986,tl,Gudehosur
191959991,2492987,tl,Sibanahalli
191960068,2492988,tl,Anigere
191960299,2492991,tl,Hanumapuradoddi
191960453,2492993,tl,Huluvadi
191960530,2492994,tl,Byaderhalli
191960684,2492996,tl,Dyavarahalli
191960838,2492998,tl,Kallihosur
191961069,2493001,tl,Kunturdoddi
191961377,2493005,tl,Cholamaranhalli
191961531,2493007,tl,Paulidoddi
191961762,2493010,tl,Rampur
191961839,2493011,tl,Pujaridoddi
191962840,2493024,tl,Patlu
191962994,2493026,tl,Brahmanipur
191963456,2493032,tl,Pujaridoddi
191963533,2493033,tl,Paredoddi
191963610,2493034,tl,Nilasandra
191963841,2493037,tl,Hottiganhoshalli
191964303,2493043,tl,Belakere
191964380,2493044,tl,Sankalagere
191964765,2493049,tl,Sanabanahalli
191964842,2493050,tl,Maledoddi
191964919,2493051,tl,Kudlur
191965073,2493053,tl,Minakeredoddi
191965150,2493054,tl,Govindanhalli
191965227,2493055,tl,Valagarhalli
191965458,2493058,tl,Channasandra
191965535,2493059,tl,Vaidyanathpura
191965766,2493062,tl,Aluru
191965997,2493065,tl,Upinkere
191966074,2493066,tl,Nagarkere
191966151,2493067,tl,Hagalhalli
191966228,2493068,tl,Nilakantanhalli
191966844,2493076,tl,Marchanahalli
191966998,2493078,tl,Kukkur
191967075,2493079,tl,Krishnapura
191967152,2493080,tl,Ankusanahalli
191967229,2493081,tl,Sadahalli
191967306,2493082,tl,Haruhalli
191967383,2493083,tl,Suleri
191967537,2493085,tl,Tubinakere
191967614,2493086,tl,Chakkaluru
191967768,2493088,tl,Kurnagere
191967845,2493089,tl,Chakkeri
191967922,2493090,tl,Gangedoddi
191967999,2493091,tl,Malurpatna
191968230,2493094,tl,Nagapur
191968384,2493096,tl,Averahalli
191968461,2493097,tl,Akkur
191968538,2493098,tl,Sadaralli
191968615,2493099,tl,Somanathpur
191968769,2493101,tl,Hoshalli
191969000,2493104,tl,Hodakehoshalli
191969154,2493106,tl,Mangarhalli
191969308,2493108,tl,Virpakshapur
191969385,2493109,tl,Siddegowdandoddi
191969616,2493112,tl,Santemagenhalli
191969693,2493113,tl,Kodipura
191969770,2493114,tl,Madegowdandoddi
191969847,2493115,tl,Shanbhoganhalli
191969924,2493116,tl,Jagadapur
191970001,2493117,tl,Byadarhalli
191970155,2493119,tl,Lingegowdandoddi
191970232,2493120,tl,Honniganhalli
191970309,2493121,tl,Vaddarhalli
191970386,2493122,tl,Hanchipur
191970540,2493124,tl,Manchegowdandoddi
191970617,2493125,tl,Yaliyur
191970694,2493126,tl,Yaletotadhalli
191970771,2493127,tl,Halehalli
191970848,2493128,tl,Bananthalli
191970925,2493129,tl,Kadankanhalli
191971002,2493130,tl,Kodamballi
191971079,2493131,tl,Huchaindoddi
191971387,2493135,tl,Ambadhalli
191971618,2493138,tl,Narayantimmandoddi
191971772,2493140,tl,Nerlur
191971926,2493142,tl,Harokoppa
191972003,2493143,tl,Vaddardoddi
191972157,2493145,tl,Madapur
191972388,2493148,tl,Kalokere
191972465,2493149,tl,Sogala
191972542,2493150,tl,Garkahalli
191972619,2493151,tl,Kempegowdandoddi
191973081,2493157,tl,Ankegowdandoddi
191973235,2493159,tl,Malladasandoddi
191973543,2493163,tl,Kabbare
191973620,2493164,tl,Chanchakhalli
191973697,2493165,tl,Hulikere
191973774,2493166,tl,Halikere
191974005,2493169,tl,Kallimeledoddi
191974082,2493170,tl,Chikarasinakere
191974236,2493172,tl,Achahalli
191974313,2493173,tl,Malagaranhalli
191974390,2493174,tl,Halagepura
191974467,2493175,tl,Uppardoddi
191974544,2493176,tl,Sompura
191974929,2493181,tl,Borapura
191975006,2493182,tl,Sadalalu
191975083,2493183,tl,Desahalli
191975391,2493187,tl,Husgur
191975622,2493190,tl,Hagalhalli
191975776,2493192,tl,Hanahallidoddi
191976007,2493195,tl,Hospura
191976315,2493199,tl,Maranpur
191976392,2493200,tl,Hemmige
191976469,2493201,tl,Bettahalli
191976623,2493203,tl,Kodaghalli
191976700,2493204,tl,Kali Basivanhundi
191977008,2493208,tl,Vijyapur
191977162,2493210,tl,Yatambadi
191977239,2493211,tl,Ankanhalli
191977316,2493212,tl,Segasaragur
191977778,2493218,tl,Karadhalli
191977855,2493219,tl,Kuntur
191977932,2493220,tl,Kalapura
191978240,2493224,tl,Kanchanhalli
191978317,2493225,tl,Naripur
191978394,2493226,tl,Lingapatna
191978471,2493227,tl,Nelamakalhalli
191978548,2493228,tl,Nittur
191978779,2493231,tl,Juganhalli
191978856,2493232,tl,Handanhalli
191979087,2493235,tl,Chilapura
191979241,2493237,tl,Hagadur
191979318,2493238,tl,Savandipura
191979626,2493242,tl,Dadamahalli
191979703,2493243,tl,Hulagala
191979780,2493244,tl,Banaghalli
191980088,2493248,tl,Channupura
191980165,2493249,tl,Kodipur
191980319,2493251,tl,Hulhalli
191980627,2493255,tl,Jogipura
191980704,2493256,tl,Hadli
191980858,2493258,tl,Sahalli
191981012,2493260,tl,Amratesvaranhalli
191981089,2493261,tl,Kandagal
191981166,2493262,tl,Madhalli
191981782,2493270,tl,Bandur
191981859,2493271,tl,Talagvadi
191981936,2493272,tl,Kagipura
191982013,2493273,tl,Kallarepura
191982090,2493274,tl,Sasiyalpura
191982167,2493275,tl,Magnur
191982244,2493276,tl,Ganigapura
191982398,2493278,tl,Uppanhalli
191982552,2493280,tl,Ragibammanhalli
191982706,2493282,tl,Gulagatta
191982783,2493283,tl,Devipura
191982937,2493285,tl,Nidgatta
191983014,2493286,tl,Ankanhalli
191983091,2493287,tl,Gajnur
191983245,2493289,tl,Aladhalli
191983322,2493290,tl,Kamsagara
191983399,2493291,tl,Lingnapur
191983630,2493294,tl,Dhanagur
191983707,2493295,tl,Chandvalli
191983784,2493296,tl,Dabhalli
191984092,2493300,tl,Halashalli
191984169,2493301,tl,Nadkalpura
191984246,2493302,tl,Megalpura
191984323,2493303,tl,Bunasamudra
191984400,2493304,tl,Ganalu
191984631,2493307,tl,Bedarhalli
191984862,2493310,tl,Basavegaudandoddi
191985247,2493315,tl,Hebani
191985324,2493316,tl,Manchanhalli
191985401,2493317,tl,Manchinpura
191985555,2493319,tl,Nelmakanhalli
191985632,2493320,tl,Vaddarhalli
191985709,2493321,tl,Chottanhalli
191985786,2493322,tl,Dasandoddi
191985863,2493323,tl,Pandithalli
191985940,2493324,tl,Bachanhalli
191986017,2493325,tl,Siramanhalli
191986094,2493326,tl,Kundur
191986171,2493327,tl,Tenkhalli
191986248,2493328,tl,Ravani
191986325,2493329,tl,Ganaganur
191986402,2493330,tl,Kyatanhalli
191986556,2493332,tl,Hangrapur
191986710,2493334,tl,Belakvadi
191986864,2493336,tl,Hoshalli
191986941,2493337,tl,Hokarhalli
191987249,2493341,tl,Mutanhalli
191987326,2493342,tl,Kanchaghalli
191987557,2493345,tl,Honnaikanhalli
191987711,2493347,tl,Madenhalli
191987788,2493348,tl,Torebammanhalli
191987865,2493349,tl,Mudenhalli
191988096,2493352,tl,Tigadhalli
191988250,2493354,tl,Dyavapatna
191988635,2493359,tl,Bannahalli
191988789,2493361,tl,Kanikhalli
191988866,2493362,tl,Kadaballi
191989020,2493364,tl,Kaggala
191989174,2493366,tl,Surakhalli
191989251,2493367,tl,Maliyur
191989482,2493370,tl,Karkahalli
191989636,2493372,tl,Bidarhalli
191989713,2493373,tl,Menasigeri
191989944,2493376,tl,Yaladhalli
191990098,2493378,tl,Albujanhalli
191990252,2493380,tl,Melahalli
191990329,2493381,tl,Arechakanhalli
191990637,2493385,tl,Somanhalli
191990714,2493386,tl,Vadiyandhalli
191990868,2493388,tl,Paranampura
191991099,2493391,tl,Medini
191991176,2493392,tl,Harale
191991253,2493393,tl,Kaglipura
191991330,2493394,tl,Halladasanhalli
191991561,2493397,tl,Kiragasur
191991638,2493398,tl,Madavadi
191991715,2493399,tl,Danageri
191992100,2493404,tl,Cheluvanahalli
191992177,2493405,tl,Uganiya
191992408,2493408,tl,Mattipuram
191992485,2493409,tl,Ikkadahalli
191992639,2493411,tl,Kariyanapura
191992716,2493412,tl,Chikkinduvadi
191992870,2493414,tl,Doddinduvadi
191993101,2493417,tl,Kongaralli
191993178,2493418,tl,Anapura
191993255,2493419,tl,Hondarbalu
191993794,2493426,tl,Timmarajapuram
191994564,2493436,tl,Uttamballi
191994641,2493437,tl,Mavinhalli
191994718,2493438,tl,Kukkuru
191994872,2493440,tl,Malingi
191994949,2493441,tl,Mullur
191995026,2493442,tl,Kaliyur
191995180,2493444,tl,Hosamalingi
191995334,2493446,tl,Teramballi
191995411,2493447,tl,Hampapura
191995488,2493448,tl,Dasanpuram
191995719,2493451,tl,Naripura
191995796,2493452,tl,Jinakanalli
191995873,2493453,tl,Gundegala
191995950,2493454,tl,Mangalam
191996104,2493456,tl,Kannur
191996335,2493459,tl,Chennelinganalli
191996412,2493460,tl,Hosur
191996566,2493462,tl,Maddur
191996797,2493465,tl,Katnavadi
191997336,2493472,tl,Chilukavadi
191997952,2493480,tl,Dughatti
191998029,2493481,tl,Uppinmole
191998106,2493482,tl,Ganaganuru
191998183,2493483,tl,Yariyuru
191998491,2493487,tl,Malarpalya
191998722,2493490,tl,Alkeriagrahar
191998953,2493493,tl,Doddamalapura
191999107,2493495,tl,Ranganathapur
191999184,2493496,tl,Yeragamballi
191999261,2493497,tl,Dasanahundi
191999338,2493498,tl,Gangavadi
191999415,2493499,tl,Vadageri
191999569,2493501,tl,Irasvadi
191999954,2493506,tl,Ambali
192000031,2493507,tl,Avalkandalli
192000339,2493511,tl,Gumbahalli
192000416,2493512,tl,Krishnapura
192000570,2493514,tl,Surapura
192000647,2493515,tl,Hosur
192000724,2493516,tl,Kattepur
192001032,2493520,tl,Gundapuram
192001340,2493524,tl,Ollaraya
192001417,2493525,tl,Tagachakuppi
192001494,2493526,tl,Bachenhatti
192001571,2493527,tl,Adakimaranhalli
192001648,2493528,tl,Vardenhalli
192001802,2493530,tl,Shanboganhalli
192002110,2493534,tl,Mummenhalli
192002187,2493535,tl,Avalkuppe
192002341,2493537,tl,Kempaguddanhalli
192002418,2493538,tl,Kallur
192002495,2493539,tl,Kanavanhalli
192002957,2493545,tl,Melinhalli
192003034,2493546,tl,Karlamangala
192003111,2493547,tl,Gudahalli
192003881,2493557,tl,Sulikeri
192004497,2493565,tl,Margondanhalli
192005113,2493573,tl,Gangenhalli
192005190,2493574,tl,Jogerhalli
192005421,2493577,tl,Puradpalya
192005575,2493579,tl,Polohalli
192005729,2493581,tl,Tyagadaripalya
192005806,2493582,tl,Nagmangala
192006345,2493589,tl,Dod-maskallu
192006422,2493590,tl,Chik-maskallu
192006499,2493591,tl,Virapura
192006576,2493592,tl,Dabbaguli
192006807,2493595,tl,Madapatna
192006884,2493596,tl,Dod-maranhalli
192007346,2493602,tl,Punmaranhalli
192007577,2493605,tl,Vadhalli
192007808,2493608,tl,Kolur
192007885,2493609,tl,Malgondanhalli
192008039,2493611,tl,Chikkolur
192008193,2493613,tl,Bhimankuppe
192009194,2493626,tl,Chudipura
192009425,2493629,tl,Sompur
192010118,2493638,tl,Gangasandra
192010195,2493639,tl,Agara
192010272,2493640,tl,Bairsandra
192010657,2493645,tl,Bannikuppi
192010734,2493646,tl,Kurbarkarenhalli
192010811,2493647,tl,Dodderi
192011196,2493652,tl,Ganakallu
192011273,2493653,tl,Borehalli
192011350,2493654,tl,Hahalhalli
192011427,2493655,tl,Manchanbele
192011658,2493658,tl,Chik-sulikeri
192012043,2493663,tl,Gudlahalli
192012120,2493664,tl,Hannekaranhalli
192012197,2493665,tl,Attimagere
192012274,2493666,tl,Kolamarankuppe
192012351,2493667,tl,Kempavaderhalli
192012428,2493668,tl,Matta
192012505,2493669,tl,Gungarhalli
192012582,2493670,tl,Melahalli
192012659,2493671,tl,Yarahalli
192012736,2493672,tl,Ibbalakhalli
192012813,2493673,tl,Manmanhalli
192013044,2493676,tl,Gudipalya
192013121,2493677,tl,Kakramanhalli
192013275,2493679,tl,Jettipalya
192013429,2493681,tl,Gonipur
192013506,2493682,tl,Hampapur
192013583,2493683,tl,Shigehalli
192013891,2493687,tl,Titthalli
192014045,2493689,tl,Hallimala
192014122,2493690,tl,Madapura
192014276,2493692,tl,Bilgumba
192014507,2493695,tl,Anchipur
192014584,2493696,tl,Ollaraya
192014661,2493697,tl,Angarhalli
192014738,2493698,tl,Kempanhalli
192014815,2493699,tl,Heggadgeri
192014969,2493701,tl,Dharapura
192015123,2493703,tl,Mudapurkarenhalli
192015354,2493706,tl,Avargeri
192015431,2493707,tl,Bammochanhalli
192015508,2493708,tl,Suganhalli
192015662,2493710,tl,Arehalli
192015739,2493711,tl,Laksandra
192015816,2493712,tl,Harisandra
192016124,2493716,tl,Tippur
192016278,2493718,tl,Chik-kuntanhalli
192016355,2493719,tl,Kodiyal Karenhalli
192016509,2493721,tl,Dod-kuntanhalli
192016663,2493723,tl,Banandur
192017433,2493733,tl,Karadigowdandoddi
192017895,2493739,tl,Bomasandra
192018126,2493742,tl,Shivanegaudandoddi
192018203,2493743,tl,Arekoppa
192018742,2493750,tl,Gangarajhalli
192018819,2493751,tl,Kotipura
192018896,2493752,tl,Basavanpura
192019204,2493756,tl,Kaggalhalli
192019897,2493765,tl,Vaderahalli
192019974,2493766,tl,Hosur
192020359,2493771,tl,Chikbairamangala
192020436,2493772,tl,Kodihalli
192020667,2493775,tl,Kanchigaranhalli
192020898,2493778,tl,Badesabidoddi
192021052,2493780,tl,Mudenhalli
192021206,2493782,tl,Medmaranhalli
192021591,2493787,tl,Sontenahalli
192021668,2493788,tl,Alalsandra
192021822,2493790,tl,Dommardoddi
192021899,2493791,tl,Gollahalli
192021976,2493792,tl,Huchammandoddi
192022130,2493794,tl,Billedoddi
192022361,2493797,tl,Ramanhalli
192022592,2493800,tl,Uraghalli
192022746,2493802,tl,Chikarasanhalli
192022900,2493804,tl,Manchegowdanpalya
192022977,2493805,tl,Bennihalli
192023054,2493806,tl,Annihalli
192023516,2493812,tl,Dasardoddi
192023670,2493814,tl,Dasarhalli
192023747,2493815,tl,Kungallu
192023824,2493816,tl,Hunasanhalli
192024132,2493820,tl,Anjanapura
192024286,2493822,tl,Krishnapurdoddi
192024363,2493823,tl,Motadoddi
192024671,2493827,tl,Gollardoddi
192025133,2493833,tl,Kaveridoddi
192025287,2493835,tl,Gendakattedoddi
192026057,2493845,tl,Mudahallidoddi
192026134,2493846,tl,Nagohalli
192026673,2493853,tl,Kavanapura
192026904,2493856,tl,Singasandra
192026981,2493857,tl,Siddenhalli
192027520,2493864,tl,Belaguli
192027597,2493865,tl,Kadasikoppa
192027751,2493867,tl,Hulagowdanhalli
192028367,2493875,tl,Chujlagowdandoddi
192028829,2493881,tl,Giranhalli
192029445,2493889,tl,Bhimasandra
192029830,2493894,tl,Dodsadenhalli
192030215,2493899,tl,Yelachikatte
192030292,2493900,tl,Vaderhalli
192030754,2493906,tl,Paduvangere
192031062,2493910,tl,Mallenhalli
192031139,2493911,tl,Puradoddi
192031601,2493917,tl,Bannikuppe
192031678,2493918,tl,Kalegowdandoddi
192031755,2493919,tl,Hottegowandoddi
192032987,2493935,tl,Angarahalli
192033372,2493940,tl,Hallimaranhalli
192033449,2493941,tl,Kuntankaldoddi
192033526,2493942,tl,Dimbadhalli
192033603,2493943,tl,Gonamanhalli
192033757,2493945,tl,Bandiganhalli
192033988,2493948,tl,Vaddardoddi
192034065,2493949,tl,Timmegowdandoddi
192034142,2493950,tl,Byalalu
192034219,2493951,tl,Bachahalli
192034296,2493952,tl,Nelmalle
192034450,2493954,tl,Chikkanhalli
192034604,2493956,tl,Ammanpurdoddi
192034758,2493958,tl,Belikotnur
192034989,2493961,tl,Sabkere
192035374,2493966,tl,Doddanahalli
192035451,2493967,tl,Nanjapura
192035759,2493971,tl,Gollardoddi
192036067,2493975,tl,Dyavapatna
192036452,2493980,tl,Bhairasettihalli
192036529,2493981,tl,Singarajapur
192036683,2493983,tl,Haniyur
192036914,2493986,tl,Ujanhalli
192037684,2493996,tl,Iyanurdoddi
192037915,2493999,tl,Chudahalli
192038916,2494012,tl,Udarhalli
192038993,2494013,tl,Kenchikalandoddi
192039609,2494021,tl,Tamsandra
192040071,2494027,tl,Rayasandra
192040225,2494029,tl,Varagerihalli
192040302,2494030,tl,Tigalarhalli
192040456,2494032,tl,Adanakuppa
192040918,2494038,tl,Chakanhalli
192040995,2494039,tl,Gowdahalli
192041072,2494040,tl,Hosahallidoddi
192041226,2494042,tl,Mavathur
192041303,2494043,tl,Yeranhalli
192041765,2494049,tl,Thokasandra
192042150,2494054,tl,Jogammanvashalli
192042304,2494056,tl,Chowksandra
192042612,2494060,tl,Honnahalli
192042689,2494061,tl,Attihalli
192042766,2494062,tl,Suranhalli
192043382,2494070,tl,Palya
192043459,2494071,tl,Lakkonjanhalli
192043613,2494073,tl,Achalu
192043921,2494077,tl,Bokipura
192044383,2494083,tl,Ganiyamangal
192045230,2494094,tl,Garlapura
192045307,2494095,tl,Bettegaudandoddi
192045384,2494096,tl,Hulibele
192045538,2494098,tl,Nidgallu
192046000,2494104,tl,Gollahalli
192046231,2494107,tl,Doddabettahalli
192046462,2494110,tl,Chikbettahalli
192046616,2494112,tl,Gangaiyandoddi
192046847,2494115,tl,Channasandra
192047078,2494118,tl,Chellipuradoddi
192047155,2494119,tl,Nerlahalli
192047232,2494120,tl,Hukunda
192047386,2494122,tl,Settikeredoddi
192047694,2494126,tl,Attappanadoddi
192047925,2494129,tl,Maralebekuppe
192048695,2494139,tl,Madarhalli
192048849,2494141,tl,Hosdoddi
192049234,2494146,tl,Hulya
192049542,2494150,tl,Gundapura
192049619,2494151,tl,Nandipura
192049696,2494152,tl,Marigaudandoddi
192049927,2494155,tl,Kempaiyandoddi
192050081,2494157,tl,Harihara
192050235,2494159,tl,Uyamballi
192050466,2494162,tl,Alhalli
192050620,2494164,tl,Yadmaranhalli
192050697,2494165,tl,Mahimanhalli
192050851,2494167,tl,Makalanda
192051005,2494169,tl,Dodkoppa
192051159,2494171,tl,Murlethimmandoddi
192051313,2494173,tl,Kemmalu
192051390,2494174,tl,Honniganhalli
192051544,2494176,tl,Dalvaikodihalli
192051698,2494178,tl,Chikalahalli
192052160,2494184,tl,Anehipuradoddi
192052237,2494185,tl,Marsandra
192052314,2494186,tl,Kotekoppa
192052468,2494188,tl,Chikkoppa
192053084,2494196,tl,Hosakeredoddi
192053392,2494200,tl,Horalagallu
192053469,2494201,tl,Pujaridoddi
192053623,2494203,tl,Achalu
192053777,2494205,tl,Sorekaidoddi
192053931,2494207,tl,Morle
192054316,2494212,tl,Kachavanhalli
192054393,2494213,tl,Arekuttedoddi
192054470,2494214,tl,Tothalli
192054624,2494216,tl,Bammanhalli
192054701,2494217,tl,Dalimba
192054778,2494218,tl,Sasalapura
192054855,2494219,tl,Kalegaudandoddi
192054932,2494220,tl,Vaddardoddi
192055009,2494221,tl,Halsinmaradhalli
192055086,2494222,tl,Arehosahalli
192055317,2494225,tl,Ravugollu
192055548,2494228,tl,Sundralli
192055625,2494229,tl,Banur
192055702,2494230,tl,Anganapuram
192055779,2494231,tl,Chikkayalur
192056010,2494234,tl,Tellanur
192056626,2494242,tl,Kallidoddi
192057396,2494252,tl,Managalli
192057473,2494253,tl,Alagumule
192057781,2494257,tl,Chinchalli
192057858,2494258,tl,Changavayi
192058089,2494261,tl,Naganattam
192058551,2494267,tl,Settalli
192058936,2494272,tl,Mallaiyanapuram
192059013,2494273,tl,Kenchayyandoddi
192059167,2494275,tl,Ellemala
192059398,2494278,tl,Ajjipura
192059475,2494279,tl,Chikkamalapura
192059552,2494280,tl,Mahalingankatte
192059629,2494281,tl,Belattur
192059706,2494282,tl,Uddanur
192059783,2494283,tl,Hullepura
192059860,2494284,tl,Gangadharakatte
192060168,2494288,tl,Kanchalli
192060399,2494291,tl,Gundapuram
192060553,2494293,tl,Manchapura
192060938,2494298,tl,Hosadoddi
192061092,2494300,tl,Doddalattur
192061169,2494301,tl,Chikkalattur
192061323,2494303,tl,Shivanhalli
192061400,2494304,tl,Ragihalli
192061631,2494307,tl,Kadjakanhalli
192061708,2494308,tl,Indlavadi
192061785,2494309,tl,Tammanaikanhalli
192061939,2494311,tl,Arhalli
192062016,2494312,tl,Karkalgatta
192062093,2494313,tl,Chikhoshalli
192062247,2494315,tl,Indlawadipura
192062478,2494318,tl,Chikkanhalli
192062555,2494319,tl,Nosenur
192062632,2494320,tl,Noshenurgolhalli
192062786,2494322,tl,Aduru
192063094,2494326,tl,Soppahalli
192063171,2494327,tl,Kunmadivala
192063325,2494329,tl,Kempavaderhalli
192063402,2494330,tl,Honkalasapur
192063556,2494332,tl,Sidihosakote
192063710,2494334,tl,Bodarhalli
192063787,2494335,tl,Sonnavara
192063941,2494337,tl,Telgarhalli
192064018,2494338,tl,Hompalgatta
192064249,2494341,tl,Mutagatti
192064326,2494342,tl,Submangala
192064942,2494350,tl,Tattanhalli
192065096,2494352,tl,Bestamanhalli
192065173,2494353,tl,Rachmanhalli
192065327,2494355,tl,Komarnapalli
192065404,2494356,tl,Guddanhalli
192065635,2494359,tl,Karanur
192065712,2494360,tl,Kembatti
192065943,2494363,tl,Onnatti
192066020,2494364,tl,Muttur
192066097,2494365,tl,Kallupally
192066405,2494369,tl,Agraharam
192066559,2494371,tl,Kotpalli
192066636,2494372,tl,Binnamangalam
192066867,2494375,tl,Gumlapuram
192066944,2494376,tl,Uchanpalli
192067098,2494378,tl,Domsandra
192067175,2494379,tl,Vanakanhalli
192067252,2494380,tl,Solur
192067483,2494383,tl,Singasandra
192067560,2494384,tl,Tammapuram
192067868,2494388,tl,Gummala
192068022,2494390,tl,Gummala Agraharam
192068099,2494391,tl,Unisenattam
192068330,2494394,tl,Sattanur
192068638,2494398,tl,Belakerai
192068946,2494402,tl,Chinnamadagondapalli
192069177,2494405,tl,Menasiganhalli
192069639,2494411,tl,Arupalli
192069716,2494412,tl,Sangipalli
192069870,2494414,tl,Doddaubbanur
192069947,2494415,tl,Chikka Ubbanur
192070024,2494416,tl,Bellur
192070178,2494418,tl,Sanabhoganpalli
192070255,2494419,tl,Ramaiyan Agraharam
192070563,2494423,tl,Kodiyalam
192070640,2494424,tl,Saragapalli
192070871,2494427,tl,Nagondapalayam
192071487,2494435,tl,Kallankuppe
192071564,2494436,tl,Jettidoddi
192072103,2494443,tl,Yalachavadi
192072257,2494445,tl,Lingnapura
192072334,2494446,tl,Gollardoddi
192072565,2494449,tl,Devarhalli
192072642,2494450,tl,Kulmedoddi
192073258,2494458,tl,Anehoshalli
192073489,2494461,tl,Marasarhalli
192073566,2494462,tl,Avaremal
192073720,2494464,tl,Vaderhalli
192073797,2494465,tl,Banavasi
192074028,2494468,tl,Konasandra
192074259,2494471,tl,Dyavasandra
192074336,2494472,tl,Gadaranhalli
192074644,2494476,tl,Kolagundi
192075106,2494482,tl,Kamlapur
192075183,2494483,tl,Naripura
192075260,2494484,tl,Attiguppe
192075645,2494489,tl,Kurubarapalli
192075876,2494492,tl,Bairagondapalli
192076030,2494494,tl,Chinnatogari
192076107,2494495,tl,Mallasandram
192076261,2494497,tl,Kunchigarapalaiyam
192076415,2494499,tl,Talikottanur
192076723,2494503,tl,Dinnur
192076877,2494505,tl,Nallasandiram
192077031,2494507,tl,Kottanaghraharam
192077262,2494510,tl,Kunchena Agraharam
192077493,2494513,tl,Sadinayakkanapalli
192077955,2494519,tl,Lingapuram
192078109,2494521,tl,Anniyalam
192078186,2494522,tl,Nagireddipalayam
192078417,2494525,tl,Saranapalli
192078494,2494526,tl,Ballapalli
192078725,2494529,tl,Nerlatti
192078956,2494532,tl,Sholapuram
192079110,2494534,tl,Goliahalli
192079187,2494535,tl,Beliam
192079418,2494538,tl,Arupalli
192079572,2494540,tl,Dasedoddi
192079803,2494543,tl,Nellumaru Agraharam
192079957,2494545,tl,Malasandiram
192080034,2494546,tl,Kurubarapalli
192080111,2494547,tl,Ubbarayanapalli
192080188,2494548,tl,Kambattipalli
192080265,2494549,tl,Saint Pauls
192080496,2494552,tl,Avarehalli Agraharam
192080650,2494554,tl,Ramandoddi
192080804,2494556,tl,Kempathipalli
192080958,2494558,tl,Malgammandoddi
192081728,2494568,tl,Chudasandiram
192081882,2494570,tl,Achchubalu
192082652,2494580,tl,Basvanapalli
192082806,2494582,tl,Agalakotta
192083191,2494587,tl,Medumutukottai
192083499,2494591,tl,Kanavanapalli
192083576,2494592,tl,Elasetti
192083653,2494593,tl,Gendiganapalli
192083730,2494594,tl,Papireddipalaiyam
192084038,2494598,tl,Takkasela
192084115,2494599,tl,Kanchupadu
192084269,2494601,tl,Panchalingala
192084346,2494602,tl,Munagalapadu
192084423,2494603,tl,Mamidalapadu
192084962,2494610,tl,Joharapuram
192085193,2494613,tl,Dinnedevarapadu
192085424,2494616,tl,Banditandrapadu
192085501,2494617,tl,Rudravaram
192085809,2494621,tl,Nandanapalli
192086117,2494625,tl,Doddipadu
192086425,2494629,tl,Kasipur
192086656,2494632,tl,Emampur
192086733,2494633,tl,Linganavai
192086810,2494634,tl,Kyatur
192086887,2494635,tl,Bhimavaram
192087041,2494637,tl,Bukkapuram
192087118,2494638,tl,Rollampadu
192087195,2494639,tl,Singavaram
192087272,2494640,tl,Sultanpur
192087349,2494641,tl,Pudur
192087426,2494642,tl,Devamada
192087503,2494643,tl,Masapeta
192087657,2494645,tl,Diguvapadu
192087734,2494646,tl,Brahmanakotkur
192087811,2494647,tl,Kollabavapuram
192087888,2494648,tl,Vadamanu
192087965,2494649,tl,Konetammapalli
192088042,2494650,tl,Allur
192088273,2494653,tl,Solipuram
192088504,2494656,tl,Malyala
192088581,2494657,tl,Bollavaram
192088658,2494658,tl,Damagatla
192088812,2494660,tl,Paipalem
192088889,2494661,tl,Kadumur
192088966,2494662,tl,Sitarampuram
192089120,2494664,tl,Chik Maralvadi
192089967,2494675,tl,Halaiyur
192090198,2494678,tl,Indiganatha
192090352,2494680,tl,Marur
192090429,2494681,tl,Girhatti
192090583,2494683,tl,Ponnachchi
192090660,2494684,tl,Ma`shura'
192090737,2494685,tl,Chengadi
192091661,2494697,tl,Pikkilivanipalli
192091738,2494698,tl,Chinnakolumalapalle
192091892,2494700,tl,Gutupalle
192091969,2494701,tl,Nagamallakunta
192092046,2494702,tl,Bukkapuram
192092123,2494703,tl,Kottapalle
192092354,2494706,tl,Peddatekuru
192092508,2494708,tl,Tadakanapalle
192092739,2494711,tl,Bodduvanipalle
192092816,2494712,tl,Yaparlapadu
192092893,2494713,tl,Pullagummi
192092970,2494714,tl,Kristnapuram
192093047,2494715,tl,Sarafarajapuram
192093124,2494716,tl,Narasapuram
192093201,2494717,tl,Timmapuram
192093278,2494718,tl,Marrikunta
192093432,2494720,tl,Venkatagiri
192093509,2494721,tl,Balapuram
192093586,2494722,tl,Repale
192093740,2494724,tl,Siddanagattu
192093817,2494725,tl,Lingalapalli
192093894,2494726,tl,Bukkapuram
192093971,2494727,tl,Kalugotla
192094048,2494728,tl,Loddipalle
192094125,2494729,tl,Midivemula
192094202,2494730,tl,Puricherla
192094356,2494732,tl,Uppalapadu
192094587,2494735,tl,Palakolanu
192094664,2494736,tl,Chintalapalli
192094818,2494738,tl,Rudravaram
192095203,2494743,tl,Sitarampuram
192095280,2494744,tl,Venkatapuram
192095434,2494746,tl,Komarolu
192095588,2494748,tl,Somyajulapalle
192095665,2494749,tl,Husainpuram
192095742,2494750,tl,Guttapadu
192095819,2494751,tl,Kannamadakala
192095896,2494752,tl,Ketavaram
192095973,2494753,tl,Kalavandalapadu
192096050,2494754,tl,Gudipadu
192096281,2494757,tl,Sekunala
192096358,2494758,tl,Tippayapalle
192096435,2494759,tl,Brahmanapalle
192096666,2494762,tl,Tammarajupalle
192096743,2494763,tl,Kottala
192096897,2494765,tl,Vajragiri
192096974,2494766,tl,Mangampeta
192097051,2494767,tl,Peddarajupalem
192097128,2494768,tl,Gulamaliabad
192097282,2494770,tl,Ambapuram
192097513,2494773,tl,Papasanikottala
192097590,2494774,tl,Musalayacheruvu
192097667,2494775,tl,Kolumulapalle
192097821,2494777,tl,Katikavanikunta
192097975,2494779,tl,Jwalapuram
192098052,2494780,tl,Krishnagiri
192098129,2494781,tl,Cherlokotturu
192098206,2494782,tl,Ramavaram
192098360,2494784,tl,Konapuram
192098437,2494785,tl,Lingambadi
192098514,2494786,tl,Madasupalle
192098591,2494787,tl,Yagantipalle
192098668,2494788,tl,Mirapuram
192098745,2494789,tl,Patapadu
192098822,2494790,tl,Erragudi
192098899,2494791,tl,Gollagutta
192099053,2494793,tl,Bugganipalle
192099284,2494796,tl,Husainpuram
192099438,2494798,tl,Battalurupadu
192099515,2494799,tl,Bhanumukkala
192099592,2494800,tl,Rallakotturu
192099669,2494801,tl,Tambadapalle
192099746,2494802,tl,Gokuladinne
192099823,2494803,tl,Jambuladinne
192099900,2494804,tl,Mittapalle
192099977,2494805,tl,Venkatapuram
192100054,2494806,tl,Kandikayapalli
192100208,2494808,tl,Kunukuntla
192100362,2494810,tl,Kondamanayanipalli
192100439,2494811,tl,Junutula
192100747,2494815,tl,Tummalapenta
192100824,2494816,tl,Ayyavaripalle
192100978,2494818,tl,Bhogasamudram
192101055,2494819,tl,Bandariapalle
192101132,2494820,tl,Madanantapuram
192101209,2494821,tl,Chintalayapalle
192101363,2494823,tl,Abdullapuram
192101517,2494825,tl,Kanakadripalli
192101594,2494826,tl,Petnikota
192101748,2494828,tl,Mettupalle
192101902,2494830,tl,Cherlopalle
192101979,2494831,tl,Ramapuram
192102133,2494833,tl,Itikala
192102210,2494834,tl,Boyalatatipatri
192102287,2494835,tl,Kalvatala
192102441,2494837,tl,Mirjapuram
192102595,2494839,tl,Chanugondla
192102672,2494840,tl,Singanapalle
192102749,2494841,tl,Chennampalle
192102903,2494843,tl,Nichenametla
192102980,2494844,tl,Annavaram
192103057,2494845,tl,Ragavarajupuram
192103134,2494846,tl,Gullasingavaram
192103211,2494847,tl,Nilugondla
192103288,2494848,tl,Vemulapadu
192103365,2494849,tl,Sivavaram
192103442,2494850,tl,Vasantapuram
192103519,2494851,tl,Akumalla
192103673,2494853,tl,Sunkesula
192103827,2494855,tl,Kotapadu
192103981,2494857,tl,Peddaventurla
192104058,2494858,tl,Kammavaripalli
192104135,2494859,tl,Ramabhadrapalle
192104212,2494860,tl,Reddipalle
192104289,2494861,tl,Alvakonda
192104366,2494862,tl,Bondeladinne
192104443,2494863,tl,Kamalapuri
192104520,2494864,tl,Hotramandinne
192104674,2494866,tl,Bestavemula
192104751,2494867,tl,Vaddirala
192104828,2494868,tl,Golla Uppalapadu
192104905,2494869,tl,Jangalapalle
192104982,2494870,tl,Konaanantapuram
192105059,2494871,tl,Madireddipalli
192105136,2494872,tl,Ponnampalle
192105213,2494873,tl,Malamidikambaladinne
192105290,2494874,tl,Lingapuram
192105367,2494875,tl,Nelanutala
192105983,2494883,tl,Mailavaram
192106060,2494884,tl,Veparala
192106214,2494886,tl,Torrivemula
192106291,2494887,tl,Gangunarayanapalle
192106522,2494890,tl,Chinnakomarla
192106599,2494891,tl,Dugganappalle
192106676,2494892,tl,Nawabpet
192106753,2494893,tl,Madhavapuram
192106830,2494894,tl,Kammavaripalle
192106907,2494895,tl,Regadapalle
192106984,2494896,tl,Ayyavarikambaladinne
192107061,2494897,tl,Kallutla
192107138,2494898,tl,Bhutamapuram
192107215,2494899,tl,Bhimagundam
192107292,2494900,tl,Peddakomerla
192107446,2494902,tl,Bodupalle
192107600,2494904,tl,Salevariuppalapadu
192107754,2494906,tl,Dommaranandyala
192107831,2494907,tl,Moragudi
192107985,2494909,tl,Ponnatota
192108062,2494910,tl,Gudemcheruvu
192108139,2494911,tl,Purvabommepalle
192108216,2494912,tl,Vemaguntapalle
192108293,2494913,tl,Ambavaram
192108447,2494915,tl,Kottakuntapalle
192108524,2494916,tl,Chitimitichintala
192108678,2494918,tl,Sunnapurallapalle
192108755,2494919,tl,Peddandlur
192108832,2494920,tl,Danavulapadu
192108909,2494921,tl,Dharmapuram
192109217,2494925,tl,Goriganur
192109371,2494927,tl,Chinnapasupula
192109525,2494929,tl,Boditippanapadu
192109679,2494931,tl,Balapanaguduru
192109756,2494932,tl,Garisaluru
192109833,2494933,tl,Tsidipiralladinne
192110064,2494936,tl,Ulavapalle
192110141,2494937,tl,Kakarenupalle
192110295,2494939,tl,Devagudi
192110372,2494940,tl,Rangasaipuram
192110526,2494942,tl,Sunkarapuram
192110603,2494943,tl,Sirigepalle
192110680,2494944,tl,Devanur
192110834,2494946,tl,Chintalapalle
192110911,2494947,tl,Khajipet
192111065,2494949,tl,Pinnapuram
192111604,2494956,tl,Manchalakatta
192111681,2494957,tl,Jalakanur
192111835,2494959,tl,Sunkesula
192111912,2494960,tl,Rollapadu
192111989,2494961,tl,Alaganur
192112066,2494962,tl,Talamudipi
192112143,2494963,tl,Bollavaram
192112220,2494964,tl,Gorakallu
192112297,2494965,tl,Kondajutur
192112528,2494968,tl,Balapanur
192112605,2494969,tl,Rayamalpuram
192112682,2494970,tl,Polur
192112759,2494971,tl,Munagala
192112913,2494973,tl,Durvesi
192112990,2494974,tl,Koratamaddi
192113144,2494976,tl,Chindukuru
192113221,2494977,tl,Grandivemula
192113298,2494978,tl,Bujanur
192113375,2494979,tl,Gadivemula
192113452,2494980,tl,Bilakalaguduru
192113529,2494981,tl,Korrapolur
192113606,2494982,tl,Vanala
192113683,2494983,tl,Allanga Baja
192113760,2494984,tl,Maddur
192113837,2494985,tl,Pesaravayi
192113914,2494986,tl,Yerragunta
192113991,2494987,tl,Pulimaddi
192114068,2494988,tl,Penchikalapalli
192114222,2494990,tl,Palkur
192114299,2494991,tl,Cherupalle
192114376,2494992,tl,Biravolu
192114453,2494993,tl,Timmapuram
192114530,2494994,tl,Pendalapuram
192114607,2494995,tl,Vitlapuram
192114684,2494996,tl,Sankalapuram
192114761,2494997,tl,Appalapuram
192114992,2495000,tl,Gulam Nabipeta
192115069,2495001,tl,Amadala
192115146,2495002,tl,Bijinivemula
192115223,2495003,tl,Joladarasi
192115377,2495005,tl,Kalugotla
192115531,2495007,tl,Peddakopperla
192115685,2495009,tl,Chinnakopperla
192115762,2495010,tl,Vallampadu
192115839,2495011,tl,Gaggatur
192115916,2495012,tl,Kotturu
192115993,2495013,tl,Jillella
192116070,2495014,tl,Gonavaram
192116147,2495015,tl,Alamur
192116224,2495016,tl,Bhupanapadu
192116301,2495017,tl,Konidedu
192116378,2495018,tl,Neravada
192116532,2495020,tl,Togarchedu
192116609,2495021,tl,Maddur
192116686,2495022,tl,Brahmanapalle
192116763,2495023,tl,Pusulur
192116840,2495024,tl,Anupur
192116917,2495025,tl,Mitnala
192116994,2495026,tl,Guntanala
192117071,2495027,tl,Tellapuri
192117225,2495029,tl,Vantivelagala
192117302,2495030,tl,Gundupapala
192117379,2495031,tl,Lingala
192117456,2495032,tl,Krishnapuram
192117533,2495033,tl,Govindinne
192117687,2495035,tl,Jinepalle
192117764,2495036,tl,Yalluru
192117841,2495037,tl,Kotapadu
192117918,2495038,tl,Jillela
192117995,2495039,tl,Pasurupadu
192118072,2495040,tl,Julepalle
192118149,2495041,tl,Nagulavaram
192118226,2495042,tl,Chintakunta
192118303,2495043,tl,Kanala
192118380,2495044,tl,Revanur
192118457,2495045,tl,Udumalpuram
192118534,2495046,tl,Chabolu
192118688,2495048,tl,Sambavaram
192118765,2495049,tl,Kanalapalle
192118842,2495050,tl,Kaminenipalle
192118919,2495051,tl,Vanikemdinne
192118996,2495052,tl,Gumperumanudinne
192119073,2495053,tl,Rayapadu
192119150,2495054,tl,Gospadu
192119304,2495056,tl,Natlakotturu
192119381,2495057,tl,Velagatur
192119535,2495059,tl,Mudigodu
192119766,2495062,tl,Muchchelapuri
192119843,2495063,tl,Kanala
192119920,2495064,tl,Mangapalle
192119997,2495065,tl,Lingamdinne
192120074,2495066,tl,Giddalur
192120151,2495067,tl,Mikkinenipalle
192120228,2495068,tl,Lakshmipalli
192120305,2495069,tl,Chinnavenuturla
192120382,2495070,tl,Diguvakalvatala
192120459,2495071,tl,Papayapalle
192120536,2495072,tl,Kondasunkesula
192120613,2495073,tl,Tudumaladinne
192120767,2495075,tl,Gulladurti
192120844,2495076,tl,Pottipadu
192120921,2495077,tl,Gunzalapadu
192121075,2495079,tl,Bhimunipadu
192121152,2495080,tl,Kampamalla
192121229,2495081,tl,Kristipadu
192121306,2495082,tl,Harivaram
192121383,2495083,tl,Narsepalle
192121460,2495084,tl,Padigapadu
192121537,2495085,tl,Suddamalla
192121614,2495086,tl,Rupanagudi
192121691,2495087,tl,Govindapalle
192121922,2495090,tl,Palur
192121999,2495091,tl,Nagarajupalle
192122153,2495093,tl,Kakarawada
192122307,2495095,tl,Bodemmanur
192122384,2495096,tl,Injedu
192122461,2495097,tl,Papampalle
192122538,2495098,tl,Chakarajuvemula
192122615,2495099,tl,Burrareddipalle
192122692,2495100,tl,Dornipadu
192122846,2495102,tl,Arjunapuram
192122923,2495103,tl,Kondapuram
192123077,2495105,tl,Gopalapuram
192123308,2495108,tl,Lingamdinne
192123385,2495109,tl,Kondupalle
192123462,2495110,tl,Sarvayapalle
192123539,2495111,tl,Patakandukuru
192123616,2495112,tl,Suddapalle
192123693,2495113,tl,Reddivarijambuladinne
192123770,2495114,tl,Allur
192123924,2495116,tl,Avulapalli
192124001,2495117,tl,Brahmanapalle
192124078,2495118,tl,Uppalur
192124155,2495119,tl,Gotlur
192124232,2495120,tl,Kalugotlapalle
192124309,2495121,tl,Gopayapalle
192124386,2495122,tl,Vellala
192124463,2495123,tl,Mallavemula
192124540,2495124,tl,Kummarapalli
192124617,2495125,tl,Paidela
192124694,2495126,tl,Daddanala
192124771,2495127,tl,Parlapadu
192124848,2495128,tl,Ramachandrapuram
192124925,2495129,tl,Arakatavemula
192125002,2495130,tl,Chinnasettipalle
192125079,2495131,tl,Pottipadu
192125156,2495132,tl,Peddasettipalle
192125310,2495134,tl,Ramapuram
192125541,2495137,tl,Nagayapalle
192125618,2495138,tl,Chennamarajupalle
192125695,2495139,tl,Chenchupalli
192125772,2495140,tl,Gopavaram
192125849,2495141,tl,Nakkaladinne
192125926,2495142,tl,Rajupalem
192126003,2495143,tl,Ayyavaripalle
192126080,2495144,tl,Somapuram
192126157,2495145,tl,Vengalayapalli
192126234,2495146,tl,Gadegudur
192126388,2495148,tl,Kottala
192126465,2495149,tl,Settividu
192126619,2495151,tl,Madduru
192126696,2495152,tl,Mudurlapalle
192126773,2495153,tl,Chintalacheruvu
192126850,2495154,tl,Kolamapeta
192126927,2495155,tl,Peddavengali
192127081,2495157,tl,Narayanapalli
192127158,2495158,tl,Madirepalle
192127235,2495159,tl,Balayapalle
192127312,2495160,tl,Peddasinganapalli
192127466,2495162,tl,Manerampalle
192127543,2495163,tl,Nilapuram
192127697,2495165,tl,Dasaripalle
192127774,2495166,tl,Gollapalle
192127851,2495167,tl,Lingaladinne
192128005,2495169,tl,Bayanapalli
192128082,2495170,tl,Morrayapalle
192128159,2495171,tl,Timmavapalle
192128236,2495172,tl,Konayapalli
192128313,2495173,tl,Krishnapuram
192128390,2495174,tl,Siddareddipalle
192128544,2495176,tl,Gollapalle
192128621,2495177,tl,Chinnasinganapalle
192128698,2495178,tl,Katikepalle
192128775,2495179,tl,Ganjikunta
192128852,2495180,tl,Uchalavaram
192129006,2495182,tl,Ramapuram
192129083,2495183,tl,Gaddamayapalle
192129237,2495185,tl,Venkupalli
192129314,2495186,tl,Velavali
192129545,2495189,tl,Eruvapalem
192129622,2495190,tl,Nelaturu
192129853,2495193,tl,Kamanur
192129930,2495194,tl,Gopalapuram
192130007,2495195,tl,Chinnavengali
192130084,2495196,tl,Krishnampalli
192130161,2495197,tl,Bayanapalli
192130238,2495198,tl,Idamadaka
192130315,2495199,tl,Uppalapadu
192130392,2495200,tl,Kanagudur
192130700,2495204,tl,Tangatur
192130777,2495205,tl,Jillela
192130931,2495207,tl,Bukkayapalli
192131162,2495210,tl,Nagayapalli
192131239,2495211,tl,Bhimanapadu
192131316,2495212,tl,Gudipadu
192131547,2495215,tl,Annavaram
192131701,2495217,tl,Madur
192131778,2495218,tl,Vengannagaripalle
192131855,2495219,tl,Machanapalle
192131932,2495220,tl,Bankachinnayapalle
192132163,2495223,tl,Repale
192132240,2495224,tl,Basireddipalle
192132548,2495228,tl,Velagalapalle
192132625,2495229,tl,Pandillapalle
192132702,2495230,tl,Gonampalli
192132779,2495231,tl,Peddakambaluru
192133164,2495236,tl,Srirangapuram
192133395,2495239,tl,Timmapuram
192133472,2495240,tl,Basavapuram
192133549,2495241,tl,Bukkapuram
192133626,2495242,tl,Gazulapalle
192133703,2495243,tl,Mahadevapuram
192133857,2495245,tl,Kottur
192133934,2495246,tl,Kotakonda
192134011,2495247,tl,Ellavattula
192134088,2495248,tl,Kottala
192134165,2495249,tl,Gangavaram
192134242,2495250,tl,Gopavaram
192134319,2495251,tl,Kottalapalli
192134396,2495252,tl,Biravolu
192134550,2495254,tl,Chennur
192134704,2495256,tl,Erragudidinne
192134935,2495259,tl,Kondamayapalle
192135012,2495260,tl,Chinnakambaluru
192135089,2495261,tl,Perur
192135166,2495262,tl,Erraguntla
192135243,2495263,tl,Dibaguntla
192135320,2495264,tl,Nandipalle
192135474,2495266,tl,Masidupuram
192135551,2495267,tl,Motakalapalle
192135782,2495270,tl,Kottala
192135859,2495271,tl,Tammadapalle
192135936,2495272,tl,Bollavaram
192136013,2495273,tl,Billalapuram
192136167,2495275,tl,Zangalapalle
192136244,2495276,tl,Nelampadu
192136321,2495277,tl,Peddabodanam
192136552,2495280,tl,Todendlapalle
192136629,2495281,tl,Chakravatulapalle
192136706,2495282,tl,Dantlavanipenta
192136860,2495284,tl,Rampalle
192136937,2495285,tl,Chintakommadinne
192137014,2495286,tl,Godigenuru
192137245,2495289,tl,Mittapalle
192137322,2495290,tl,Kondampalli
192137476,2495292,tl,Marripalli
192137553,2495293,tl,Krishnapuram
192137630,2495294,tl,Bachepalle
192137707,2495295,tl,Tallalingamdinne
192137861,2495297,tl,Tuvvapalli
192138015,2495299,tl,Obulampalle
192138169,2495301,tl,Narasapuram
192138246,2495302,tl,Timmanapalle
192138323,2495303,tl,Alamur
192138477,2495305,tl,Mukundapuram
192138631,2495307,tl,Padakandla
192138785,2495309,tl,Bachapuram
192138862,2495310,tl,Jambuladinne
192138939,2495311,tl,Kotakandukuru
192139016,2495312,tl,Palasagaram
192139093,2495313,tl,Yadavada
192139401,2495317,tl,Chandluru
192139709,2495321,tl,Nakkaladinne
192139786,2495322,tl,Reddipalle
192139863,2495323,tl,Gubagundam
192140171,2495327,tl,Nallagatla
192140248,2495328,tl,Bollupalle
192140402,2495330,tl,Rangapuram
192140479,2495331,tl,Papinenipalli
192140633,2495333,tl,Narayanapalli
192140787,2495335,tl,Donakonda
192141249,2495341,tl,Chinnaganipalle
192141326,2495342,tl,Chollavidu
192141480,2495344,tl,Akkapalle
192141557,2495345,tl,Turimella
192141634,2495346,tl,Nilapuram
192141788,2495348,tl,Rahnama Mahalleh
192141942,2495350,tl,Lingapuram
192142019,2495351,tl,Singampalle
192142327,2495355,tl,Tummalapalle
192142404,2495356,tl,Gopavarampalle
192142635,2495359,tl,Bedusupalle
192142943,2495363,tl,Reddicherla
192143020,2495364,tl,Mallareddipalle
192143174,2495366,tl,Diguvatamballapalle
192143405,2495369,tl,Reddipalle
192143559,2495371,tl,Brahmanapalle
192143636,2495372,tl,Singarayapalle
192143713,2495373,tl,Rajupalem
192143944,2495376,tl,Dulamvaripalle
192144175,2495379,tl,Pataramapuram
192144252,2495380,tl,Siddhamurtipalle
192144483,2495383,tl,Pendlimarri
192144560,2495384,tl,Mahanandipalle
192144637,2495385,tl,Pullareddypalle
192144714,2495386,tl,Musalreddipalle
192144791,2495387,tl,Akkivaripalli
192144868,2495388,tl,Mamillapalle
192145022,2495390,tl,Nalagondapalle
192145099,2495391,tl,Lingareddipalle
192145176,2495392,tl,Mudireddipalli
192145253,2495393,tl,Varikunta
192145330,2495394,tl,Nayunipalle
192145407,2495395,tl,Akulanarayanapalli
192145484,2495396,tl,Balayapalle
192145561,2495397,tl,Gontuvaripalie
192145638,2495398,tl,Ganganapalle
192145715,2495399,tl,Uppalur
192145869,2495401,tl,Narasannapalle
192145946,2495402,tl,Mulapalle
192146023,2495403,tl,Balarajupalli
192146100,2495404,tl,Narasapuram
192146254,2495406,tl,Obulapuram
192146331,2495407,tl,Rampadu
192146408,2495408,tl,Pidugupalli
192146485,2495409,tl,Pittigunta
192146562,2495410,tl,Akkisiddapalle
192146639,2495411,tl,Balijepalle
192146716,2495412,tl,Mudumvaripalle
192146793,2495413,tl,Markapuram
192146870,2495414,tl,Jotivaripalle
192146947,2495415,tl,Sankavaram
192147178,2495418,tl,Kondrajupalle
192147255,2495419,tl,Basanapalle
192147409,2495421,tl,Chennavaram
192147717,2495425,tl,Chintalapalle
192147794,2495426,tl,Brahmanapalle
192147871,2495427,tl,Gosuvaripalli
192147948,2495428,tl,Kaverisamudram
192148025,2495429,tl,Sazzaladinne
192148179,2495431,tl,Vankatareddipalle
192148333,2495433,tl,Guddalagattapalle
192148487,2495435,tl,Talaricheruvu
192148564,2495436,tl,Urachintala
192148641,2495437,tl,Korumanipalle
192148718,2495438,tl,Tallamadugu
192148795,2495439,tl,Ummayapalle
192149026,2495442,tl,Erragudi
192149103,2495443,tl,Dhannavada
192149257,2495445,tl,Nakkavanipalle
192149334,2495446,tl,Mukkabalapalle
192149565,2495449,tl,Gannevaripalle
192149642,2495450,tl,Chillavaripalle
192149719,2495451,tl,Akkannapalle
192149796,2495452,tl,Aluru
192149950,2495454,tl,Velamakur
192150027,2495455,tl,Bodepalle
192150181,2495457,tl,Muragampalle
192150335,2495459,tl,Dabbudapalle
192150489,2495461,tl,Ramachandrayapalle
192150566,2495462,tl,Boggulakatta
192150643,2495463,tl,Dhodiyam
192150720,2495464,tl,Tippareddipalle
192150797,2495465,tl,Gandlapadu
192150874,2495466,tl,Potureddipalle
192151028,2495468,tl,Tummalapuram
192151105,2495469,tl,Kondepalli
192151182,2495470,tl,Vanganur
192151259,2495471,tl,Vurapuram
192151336,2495472,tl,Bondeladinne
192151413,2495473,tl,Sugumanchipalle
192151490,2495474,tl,Sankepalli
192151644,2495476,tl,Erragudi
192151721,2495477,tl,Chamaluru
192151798,2495478,tl,Thallaproddatur
192151875,2495479,tl,Faqirpeta
192151952,2495480,tl,Dattapuram
192152029,2495481,tl,Bukkapatnam
192152183,2495483,tl,Ragikunta
192152337,2495485,tl,Takkallapalle
192152414,2495486,tl,Goparazupalle
192152491,2495487,tl,Vengannapalle
192152568,2495488,tl,Konavaripalli
192152799,2495491,tl,Chavvanagayapalli
192153107,2495495,tl,Buruzupalle
192153184,2495496,tl,Beduduru
192153261,2495497,tl,Ramireddipalle
192153338,2495498,tl,Venkatapuram
192153415,2495499,tl,Eturu
192153492,2495500,tl,Nedarpet
192153646,2495502,tl,Gangapuram
192153723,2495503,tl,Repale
192153877,2495505,tl,Obannapeta
192154185,2495509,tl,Jogapuram
192154262,2495510,tl,Vemulapatte
192154339,2495511,tl,Enumalachintala
192154416,2495512,tl,Pottipadu
192154570,2495514,tl,Anantapuram
192154724,2495516,tl,Korrapadu
192154801,2495517,tl,Cintalapalle
192154878,2495518,tl,Achutapuram
192154955,2495519,tl,Chilamakuru
192155032,2495520,tl,Tirumalapuram
192155186,2495522,tl,Nitturu
192155417,2495525,tl,Venkatadripalli
192155494,2495526,tl,Paluru
192155571,2495527,tl,Kacherlakunta
192155648,2495528,tl,Chennamanenipalle
192155725,2495529,tl,Lingamanenipalle
192155802,2495530,tl,Donkupalli
192155956,2495532,tl,Timmapuram
192156033,2495533,tl,Chevvaripalle
192156187,2495535,tl,Raghavapuram
192156264,2495536,tl,Obulapuram
192156341,2495537,tl,Peddanapalle
192156495,2495539,tl,Devatapuram
192156572,2495540,tl,Gangadevipalle
192156649,2495541,tl,Aravedu
192156726,2495542,tl,Mallagundla
192156803,2495543,tl,Lingareddipalle
192156880,2495544,tl,Kodumurti
192157034,2495546,tl,Gaddamvaripalli
192157111,2495547,tl,Duggupalli
192157188,2495548,tl,Vennapusapalle
192157265,2495549,tl,Krishnapuram
192157342,2495550,tl,Jangamupalle
192157419,2495551,tl,Patapalle
192157573,2495553,tl,Nandyalapalle
192157650,2495554,tl,Musalreddipalle
192157727,2495555,tl,Sunkesula
192157804,2495556,tl,Teliki
192157881,2495557,tl,Jangamreddipalle
192157958,2495558,tl,Ahobilapuram
192158112,2495560,tl,Goddumarri
192158266,2495562,tl,Singavaram
192158343,2495563,tl,Chintakayamanda
192158420,2495564,tl,Kalluru
192158497,2495565,tl,Venkatampalli
192158574,2495566,tl,Gurjala
192158651,2495567,tl,Bidinamcherla
192158805,2495569,tl,Himakunta
192158882,2495570,tl,Nidivelagala
192158959,2495571,tl,Agraharam
192159036,2495572,tl,Kasanur
192159113,2495573,tl,Duddekunta
192159190,2495574,tl,Kadapanagayyapalle
192159267,2495575,tl,Lomada
192159421,2495577,tl,Ravulakolanu
192159575,2495579,tl,Bhadrampalle
192159652,2495580,tl,Tatireddipalle
192159729,2495581,tl,Velidandla
192159883,2495583,tl,Karnapapayapalle
192159960,2495584,tl,Cherlopalle
192160037,2495585,tl,Ankevamipalle
192160114,2495586,tl,Bonala
192160191,2495587,tl,Ramapuram
192160345,2495589,tl,Kamasamudram
192160422,2495590,tl,Ankalammagudur
192160961,2495597,tl,Kottapalle
192161038,2495598,tl,Nakkatapalle
192161115,2495599,tl,Madur
192161269,2495601,tl,Yindukuru
192161423,2495603,tl,Diguvapalle
192161500,2495604,tl,Murarichintala
192161577,2495605,tl,Lopatanutula
192161654,2495606,tl,Gunakanepalle
192161808,2495608,tl,Bapanakunta
192161962,2495610,tl,Al Lamad
192162039,2495611,tl,Badavandlapalle
192162116,2495612,tl,Polamvandlapalle
192162193,2495613,tl,Nagareddipalle
192162270,2495614,tl,Erravankapalle
192162501,2495617,tl,Charupalle
192162578,2495618,tl,Reddigaripalle
192162655,2495619,tl,Chippalamadugu
192162809,2495621,tl,Kalasamudram
192162886,2495622,tl,Machireddipalle
192162963,2495623,tl,Chinnakudala
192163040,2495624,tl,Peddakudala
192163194,2495626,tl,Thernampalle
192163425,2495629,tl,Ippatla
192163502,2495630,tl,Chinnarangapuram
192163656,2495632,tl,Dondlavagu
192163887,2495635,tl,Peddarangapuram
192163964,2495636,tl,Ratsamarripalle
192164195,2495639,tl,Krishnamagaripalle
192164426,2495642,tl,Nakkalapalli
192164503,2495643,tl,Dorigallu
192164580,2495644,tl,Timmanayanipalem
192164657,2495645,tl,Ambakapalle
192164734,2495646,tl,Nallakondavaripalle
192164888,2495648,tl,Erraballa
192165119,2495651,tl,Brahmanapalle
192165196,2495652,tl,Venkatapuram
192165427,2495655,tl,Basireddipalle
192165504,2495656,tl,Erikereddepalle
192165581,2495657,tl,Guttakindapalli
192165658,2495658,tl,Akutotapalle
192165889,2495661,tl,Peddannagaripalli
192165966,2495662,tl,Tappetavaripalle
192166043,2495663,tl,Ramareddipalle
192166120,2495664,tl,Vengayyagaripalle
192166197,2495665,tl,Diguvapalle
192166659,2495671,tl,Kondapuram
192166890,2495674,tl,Chintalaiyyagaripalle
192166967,2495675,tl,Sanevaripalle
192167198,2495678,tl,Devaragudipalle
192167275,2495679,tl,Katireddipalle
192167506,2495682,tl,Malakavemula
192167814,2495686,tl,Chinnapalle
192167891,2495687,tl,Udumulakurti
192168045,2495689,tl,Virappagaripalle
192168122,2495690,tl,Mamillavaripalli
192168199,2495691,tl,Burujupalle
192168276,2495692,tl,Siddugaripalle
192168353,2495693,tl,Kottapalle
192168430,2495694,tl,Lakkasamudram
192168661,2495697,tl,Madanagaripalle
192168738,2495698,tl,Gondipalle
192168815,2495699,tl,Subbannaguntapalle
192168892,2495700,tl,Gollapalle
192169046,2495702,tl,Chenchugaripalli
192169123,2495703,tl,Kondaguttapalle
192169354,2495706,tl,Kurli
192169585,2495709,tl,Odulapalle
192169816,2495712,tl,Dampalle
192169893,2495713,tl,Batrepalle
192170047,2495715,tl,Alampur
192170278,2495718,tl,Pulagurapalle
192170509,2495721,tl,Goprpalle
192170817,2495725,tl,Tippayyagaripalle
192170971,2495727,tl,Kottapalle
192171048,2495728,tl,Kottapalle
192171202,2495730,tl,Erradoddi
192171818,2495738,tl,Kadirikuntlapalli
192171895,2495739,tl,Pandulakunta
192171972,2495740,tl,Chalamkuntlapalle
192172511,2495747,tl,Godduvelagala
192172819,2495751,tl,Mustipalli
192172973,2495753,tl,Palavandlapalle
192173050,2495754,tl,Narasappagaripalle
192173127,2495755,tl,Vankalopalli
192173666,2495762,tl,Tumalabayalu
192173974,2495766,tl,Donnikota
192174128,2495768,tl,Boggulapalli
192174205,2495769,tl,Subbarayanipalle
192174282,2495770,tl,Gudamakulapalle
192174359,2495771,tl,Erracheruvupalli
192174513,2495773,tl,Pulagampalle
192174667,2495775,tl,Mutyalacheruvu
192174821,2495777,tl,Kondamanayanipalem
192174975,2495779,tl,Battulapalle
192175822,2495790,tl,Motukupalle
192175899,2495791,tl,Gangannagaripalle
192175976,2495792,tl,Kamatampalle
192176053,2495793,tl,Maddivaripalle
192176130,2495794,tl,Maddivarigondi
192176207,2495795,tl,Jurukuvaripalle
192176515,2495799,tl,Dasarivandlapalli
192177054,2495806,tl,Kattarupalle
192177131,2495807,tl,Diguvapalle
192177208,2495808,tl,Mukkandlavarikottapalle
192177362,2495810,tl,Obuladevarcheruvu
192177439,2495811,tl,Narappagaripalle
192177593,2495813,tl,Settivaripalle
192177824,2495816,tl,Mallapalli
192177978,2495818,tl,Kavalivandlapalle
192178055,2495819,tl,Mittapalli
192178132,2495820,tl,Ingaluru
192178440,2495824,tl,Diguvapalle
192178517,2495825,tl,Malliagaripalle
192178594,2495826,tl,Kottapalle
192178748,2495828,tl,Kadiri Brahmanapalle
192178902,2495830,tl,Badavandlapalli
192179056,2495832,tl,Cherlopalli
192179210,2495834,tl,Tavalamarri
192179364,2495836,tl,Diguvapalle
192179518,2495838,tl,Tellaguttapalle
192179749,2495841,tl,Pantulacheruvu
192179826,2495842,tl,Allugundu
192179903,2495843,tl,Mulakalapalle
192180288,2495848,tl,Jogannapeta
192180365,2495849,tl,Bommireddipalle
192180519,2495851,tl,Polavandlapalle
192180596,2495852,tl,Eguvapalle
192180750,2495854,tl,Chamachenibayalu
192180981,2495857,tl,Pulikuntapalle
192181212,2495860,tl,Marevandlapalle
192181289,2495861,tl,Nallaguntlapalli
192181443,2495863,tl,Tummalakuntlapalle
192181674,2495866,tl,Maddimadugu
192181982,2495870,tl,Payelavaripalle
192182136,2495872,tl,Enumulavandlapalle
192182367,2495875,tl,Misalavandlapalle
192182752,2495880,tl,Savisettipalle
192182829,2495881,tl,Itugullapadu
192182983,2495883,tl,Kesavanayunikottala
192183060,2495884,tl,Vankamarri
192183137,2495885,tl,Siddayapalli
192183214,2495886,tl,Vaddamanu
192183291,2495887,tl,Chinnayapalli
192183368,2495888,tl,Kodigudlapadu
192183522,2495890,tl,Rangasamudram
192183676,2495892,tl,Pullivedu
192183907,2495895,tl,Tuvvapalle
192183984,2495896,tl,Reddivaripalle
192184061,2495897,tl,Perammagaripalle
192184215,2495899,tl,Kammavaripalli
192184292,2495900,tl,Lingaladinnepalli
192184369,2495901,tl,Ambavaram
192184446,2495902,tl,Akkampet
192184523,2495903,tl,Kottalapalle
192184677,2495905,tl,Chinnayyapalle
192184754,2495906,tl,Eddulayapalle
192184831,2495907,tl,Mallepalle
192185062,2495910,tl,Mudumala
192185216,2495912,tl,Venkatapuram
192185293,2495913,tl,Kesavapuram
192185370,2495914,tl,Munnelli
192185601,2495917,tl,Kodur
192185678,2495918,tl,Akkapalem
192185832,2495920,tl,Guntapalle
192185909,2495921,tl,Ammavaripeta
192185986,2495922,tl,Ayyavaripalli
192186063,2495923,tl,Rajupalem
192186140,2495924,tl,Govindayyapalle
192186217,2495925,tl,Musalinayanipalle
192186294,2495926,tl,Kottapalle
192186448,2495928,tl,Tippireddipalle
192186525,2495929,tl,Mudireddipalle
192186679,2495931,tl,Narasannapalle
192186756,2495932,tl,Tollapalle
192186987,2495935,tl,Maddireddigaripalle
192187141,2495937,tl,Gollapalle
192187218,2495938,tl,Somireddipalle
192187295,2495939,tl,Kondavaripalle
192187372,2495940,tl,Papireddipalle
192187449,2495941,tl,Kottapalle
192187526,2495942,tl,Bhakarapet
192187603,2495943,tl,Errampalle
192187757,2495945,tl,Boggulavaripalle
192187834,2495946,tl,Chennakesavapuram
192187911,2495947,tl,Papanapalle
192187988,2495948,tl,Maratipalle
192188065,2495949,tl,Ramasamudram
192188142,2495950,tl,Nallavagupalli
192188219,2495951,tl,Ankanagodugunuru
192188296,2495952,tl,Godlavidu
192188450,2495954,tl,Pandividu
192188527,2495955,tl,Adireddipalle
192188835,2495959,tl,Jangampalli
192188989,2495961,tl,Visanadhapuram
192189143,2495963,tl,Potureddipalle
192189220,2495964,tl,Obulapuram
192189297,2495965,tl,Pappanapalle
192189374,2495966,tl,Cherlopalli
192189451,2495967,tl,Mittamanipalle
192189528,2495968,tl,Kesapuram
192189605,2495969,tl,Kandimallayapalli
192189682,2495970,tl,Narasimhapuram
192189759,2495971,tl,Gundapuram
192189913,2495973,tl,Mulavaripalle
192189990,2495974,tl,Siddugaripalle
192190067,2495975,tl,Kummaravaripalle
192190144,2495976,tl,Gangireddivaripalle
192190221,2495977,tl,Mallegudipadu
192190375,2495979,tl,Diguvanelaturu
192190529,2495981,tl,Settivaripalle
192190606,2495982,tl,Machugaripalle
192190683,2495983,tl,Gopireddipalli
192190837,2495985,tl,Eguvanelatur
192190991,2495987,tl,Budavada
192191068,2495988,tl,Tummalapalle
192191222,2495990,tl,Tadigotla
192191376,2495992,tl,Erramachupalle
192191453,2495993,tl,Rayalapantulapalle
192191607,2495995,tl,Alamkhanpalle
192191992,2496000,tl,Pabbapuram
192192223,2496003,tl,Balupalle
192192300,2496004,tl,Busureddipalle
192192454,2496006,tl,Narasannapalle
192192531,2496007,tl,Bumayapalle
192192608,2496008,tl,Chinnayagaripalle
192192685,2496009,tl,Nanapalapalle
192192762,2496010,tl,Ellampalle
192192839,2496011,tl,Gopireddipalli
192193070,2496014,tl,Sivapuram
192193224,2496016,tl,Kottapalle
192193917,2496025,tl,Somayajulapalle
192193994,2496026,tl,Nagireddipalle
192194379,2496031,tl,Nagasanipalle
192194610,2496034,tl,Gaddamvaripalli
192194687,2496035,tl,Peddasettipalli
192194764,2496036,tl,Varadayapalle
192194841,2496037,tl,Kottapalle
192194918,2496038,tl,Nandyalampeta
192195149,2496041,tl,Gangayapalli
192195226,2496042,tl,Sunkulagaripalli
192195303,2496043,tl,Uppuguntapalle
192195380,2496044,tl,Kattakindapalle
192195457,2496045,tl,Tuvvapalli
192195534,2496046,tl,Jandravaram
192195611,2496047,tl,Basavapuram
192195688,2496048,tl,Chikativaripalle
192195765,2496049,tl,Bogadapalle
192195842,2496050,tl,Gollapalle
192195919,2496051,tl,Mundlapalle
192196073,2496053,tl,Ramanapalle
192196150,2496054,tl,Dugganapalle
192196381,2496057,tl,Tollaganganapalle
192196535,2496059,tl,Dorlampalle
192196612,2496060,tl,Rachinnayapalle
192196689,2496061,tl,Khaderkhankottalu
192196766,2496062,tl,Sivalapalle
192196920,2496064,tl,Munapaka
192197228,2496068,tl,Balasingannapalle
192197382,2496070,tl,Upparapalle
192197459,2496071,tl,Kanuparti
192197536,2496072,tl,Kokkarayapalle
192197690,2496074,tl,Bayanapalle
192198460,2496084,tl,Lingampalle
192198537,2496085,tl,Chelamareddipalli
192198691,2496087,tl,Peddarajupalle
192198768,2496088,tl,Rajupeta
192198845,2496089,tl,Rekalakunta
192199307,2496095,tl,Chemullapalle
192199384,2496096,tl,Pushpagiri
192199538,2496098,tl,Kanavaripalle
192199923,2496103,tl,Ravulapalle
192200000,2496104,tl,Chinnamukkapalle
192200077,2496105,tl,Kottapalli
192200231,2496107,tl,Ponnavolu
192200385,2496109,tl,Apparajupalle
192200462,2496110,tl,Kottapalle
192200616,2496112,tl,Akkireddipalle
192200770,2496114,tl,Chintakommadinne
192200924,2496116,tl,Bogguletipalle
192201848,2496128,tl,Cherlopalli
192202387,2496135,tl,Patacudapah
192202618,2496138,tl,Machupalle
192202772,2496140,tl,Ukkayapalli
192202849,2496141,tl,Takkolu
192202926,2496142,tl,Gollapalle
192203465,2496149,tl,Kanamalopalle
192203927,2496155,tl,Nekanapuram
192204004,2496156,tl,Gollapalle
192204081,2496157,tl,Darjipalle
192204235,2496159,tl,Ontitatipalle
192204466,2496162,tl,Jangalapalle
192204774,2496166,tl,Peddapalle
192204851,2496167,tl,Jowkulapalle
192205313,2496173,tl,Chinnakampalle
192205544,2496176,tl,Ippapenta
192205852,2496180,tl,Jamalupalle
192206083,2496183,tl,Buggalapalle
192206237,2496185,tl,Lingareddipalle
192206468,2496188,tl,Khader Bungalow
192207161,2496197,tl,Saraswatipalle
192207238,2496198,tl,Utukuruvandlapalle
192207315,2496199,tl,Peddareddivaripalle
192207469,2496201,tl,Nallaguttapalle
192207546,2496202,tl,Balireddigaripalli
192207777,2496205,tl,Gadikota
192208162,2496210,tl,Rallapalle
192208239,2496211,tl,Polimerapalli
192208624,2496216,tl,Rachapalle
192208778,2496218,tl,Kondavandlapalli
192208855,2496219,tl,Papireddivaripalle
192208932,2496220,tl,Gollapalle
192209009,2496221,tl,Reddivaripalle
192209086,2496222,tl,Kolimivandlapalli
192209163,2496223,tl,Mangalapalli
192209240,2496224,tl,Pattivandlapalle
192209471,2496227,tl,Vongimalla
192209779,2496231,tl,Bongavandlapalli
192209856,2496232,tl,Palannagaripalli
192210164,2496236,tl,Chikativandlapalle
192210241,2496237,tl,Chitlur
192210318,2496238,tl,Hasanapuram
192210395,2496239,tl,Errangivandlapalle
192210549,2496241,tl,Peddaballvandlapalle
192210703,2496243,tl,Kottapalle
192211088,2496248,tl,Balreddigaripalle
192211165,2496249,tl,Iyapativandlapalle
192211242,2496250,tl,Vadlamudivandlapalli
192211319,2496251,tl,Somavaram
192211627,2496255,tl,Poluvandlapalle
192211858,2496258,tl,Kola Mahalleh
192212012,2496260,tl,Atiavaripalle
192212782,2496270,tl,Peddagollapalle
192213090,2496274,tl,Dasugaripalli
192213398,2496278,tl,Kummarapalli
192213706,2496282,tl,Gurrappagaripalli
192214245,2496289,tl,Nilavandlapalle
192214399,2496291,tl,Tukirpalle
192214476,2496292,tl,Ramapuram
192214707,2496295,tl,Patarajugarupalle
192214784,2496296,tl,Ellampalle
192215092,2496300,tl,Bangamvandlapalle
192215246,2496302,tl,Reddivaripalle
192215323,2496303,tl,Venkatareddigaripalle
192215554,2496306,tl,Vasantavandlapalle
192215631,2496307,tl,Manneruvandlapalle
192216247,2496315,tl,Nakkavandlapalli
192216401,2496317,tl,Abbavaram
192216478,2496318,tl,Eguvapalli
192216632,2496320,tl,Odivedu
192216940,2496324,tl,Reddivaripalle
192217017,2496325,tl,Sibyala
192217171,2496327,tl,Dullavaripalle
192217325,2496329,tl,Pemmadapalle
192217479,2496331,tl,Pakirpalle
192218018,2496338,tl,Gunnikuntla
192218634,2496346,tl,Kavalipalle
192218865,2496349,tl,Paparajupalle
192219096,2496352,tl,Bolluvallapalle
192219712,2496360,tl,Peddapalle
192219943,2496363,tl,Tatigantlapalle
192220097,2496365,tl,Kumarapalle
192220174,2496366,tl,Bestapalle
192220328,2496368,tl,Pedireddigaripalle
192220636,2496372,tl,Kammaguttapalle
192220944,2496376,tl,Gorlavandlapalli
192221406,2496382,tl,Mallappagaripalle
192222176,2496392,tl,Bidavandlapalle
192222330,2496394,tl,Akutotapalle
192222869,2496401,tl,Kassamudram
192222946,2496402,tl,Cherlapalle
192223023,2496403,tl,Gunchanagaripalle
192223100,2496404,tl,Solikuntlapalle
192223177,2496405,tl,Sathalavandlapalle
192223254,2496406,tl,Kottavaripalle
192223331,2496407,tl,Babacheruvupalle
192223639,2496411,tl,Boganipalli
192223793,2496413,tl,Potinenivaripalle
192223870,2496414,tl,Basappagaripalli
192223947,2496415,tl,Cherlapalle
192224178,2496418,tl,Viravobanapalle
192224255,2496419,tl,Pattavandlapalle
192224332,2496420,tl,Donnikotavaripalle
192224486,2496422,tl,Malikavaripalle
192224563,2496423,tl,Tummala
192224640,2496424,tl,Kottapeta
192224717,2496425,tl,Venkatarayanipalle
192224794,2496426,tl,Mamidimakulapalle
192224871,2496427,tl,Chintacheruvupalle
192224948,2496428,tl,Sanevaripalle
192225179,2496431,tl,Chinnaramannagaripalle
192225564,2496436,tl,Bandralapalle
192225795,2496439,tl,Kottapalle
192225872,2496440,tl,Jalapa del Valle
192226103,2496443,tl,Gollapalle
192226180,2496444,tl,Upperlapalle
192226488,2496448,tl,Devireddipalle
192226565,2496449,tl,Damavandlapalle
192226873,2496453,tl,Subbarayanipalle
192226950,2496454,tl,Nallazoduvaripalle
192227027,2496455,tl,Ubicherla
192227104,2496456,tl,Kadiripulikunta
192227412,2496460,tl,Nallacheruvu
192227489,2496461,tl,Kammavaripalle
192228490,2496474,tl,Gollavaripalle
192228644,2496476,tl,Chinnavadapavandlapalle
192228721,2496477,tl,Vankapalle
192228875,2496479,tl,Duginepalli
192229183,2496483,tl,Sanavandlapalle
192229260,2496484,tl,Pullivandlapalle
192229568,2496488,tl,Manthalavandlapalle
192229799,2496491,tl,Nallakuttapalle
192230492,2496500,tl,Balasamudram
192230646,2496502,tl,Tsadumu
192231108,2496508,tl,Mabbuvaripalle
192231185,2496509,tl,Nallavandlapalle
192231647,2496515,tl,Bandivanipalle
192231878,2496518,tl,Venkatrayunipalle
192231955,2496519,tl,Mundlavaripalle
192232263,2496523,tl,Errapallevandlapalle
192232494,2496526,tl,Danduvaripalle
192232648,2496528,tl,Kotapalle
192232725,2496529,tl,Mobbuvaripalle
192232956,2496532,tl,Billuvandlapalle
192233187,2496535,tl,Pulikuntapalle
192233341,2496537,tl,Kottampalli
192233418,2496538,tl,Dasarivandlapalli
192233649,2496541,tl,Maddireddypalli
192233726,2496542,tl,Reddigaripalli
192233880,2496544,tl,Lokojipalle
192234188,2496548,tl,Kanisaravandlapalle
192234419,2496551,tl,Sanivaripalle
192234496,2496552,tl,Balappagaripalli
192234650,2496554,tl,Karimreddipalle
192234727,2496555,tl,Narayanampalli
192234804,2496556,tl,Rajacheruvu
192234958,2496558,tl,Musaliganipalli
192235189,2496561,tl,Kondurupalli
192235420,2496564,tl,Kolimirallapalli
192235574,2496566,tl,Gunduvaripalli
192235651,2496567,tl,Malukavaripalle
192235805,2496569,tl,Sithireddipalle
192235882,2496570,tl,Amadagur
192235959,2496571,tl,Puttavandlapalle
192236036,2496572,tl,Boyipalli
192236113,2496573,tl,Gandamvaripalli
192236267,2496575,tl,Reddivaripalle
192236421,2496577,tl,Chikirevulapalle
192236498,2496578,tl,Gangireddipalli
192236575,2496579,tl,Mallepalli
192236652,2496580,tl,Billur
192236729,2496581,tl,Erraganapalli
192236806,2496582,tl,Ugranampalli
192237037,2496585,tl,Arigevarigutta
192237191,2496587,tl,Nallaguttapalli
192237268,2496588,tl,Vantirivandlapalli
192237345,2496589,tl,Devaramatalapalli
192237422,2496590,tl,Doranalapalli
192237576,2496592,tl,Kallaravallapalli
192237653,2496593,tl,Turkesapalli
192237730,2496594,tl,Kottapalli
192237884,2496596,tl,Adireddypalli
192238038,2496598,tl,Venkatesapalli
192238115,2496599,tl,Maravapalli
192238346,2496602,tl,Gadivandlapalli
192238423,2496603,tl,Doddivaripalli
192238500,2496604,tl,Bestalapalli
192238577,2496605,tl,Kurubarapalli
192238654,2496606,tl,Ramanpadi
192238808,2496608,tl,Gollapalli
192238885,2496609,tl,Ragimakulapalli
192238962,2496610,tl,Mekalapalli
192239116,2496612,tl,Chinaganapalli
192239501,2496617,tl,Somanathapura
192239578,2496618,tl,Kurapalli
192239809,2496621,tl,Rajuvandlapalli
192239886,2496622,tl,Kottakotavandlapalli
192240117,2496625,tl,Bellalampalli
192240271,2496627,tl,Sajjaravaripalli
192240579,2496631,tl,Srinivasapura
192240733,2496633,tl,Diguvakukklapalle
192240810,2496634,tl,Eguvakukkalupalle
192240887,2496635,tl,Bagepalle
192241118,2496638,tl,Patakandukuru
192241503,2496643,tl,Nadimikuntapalle
192241580,2496644,tl,Subbarayanipalle
192241657,2496645,tl,Malreddipalle
192241888,2496648,tl,Nayanicheruvupalli
192241965,2496649,tl,Buddayyakota
192242042,2496650,tl,Komatampalle
192242119,2496651,tl,Gurrambayalu
192242196,2496652,tl,Adwanampalli
192242273,2496653,tl,Erraguntlapalle
192242350,2496654,tl,Kakimaripalle
192242504,2496656,tl,Katnagallu
192242658,2496658,tl,Buchipalle
192242966,2496662,tl,Pulikallu
192243428,2496668,tl,Pallamvandlapalle
192243582,2496670,tl,Bontalapalle
192244275,2496679,tl,Guddampalle
192244352,2496680,tl,Chikatimanipalle
192244429,2496681,tl,Padamativaripalle
192244506,2496682,tl,Papireddypalli
192245045,2496689,tl,Jelipigarapalli
192245199,2496691,tl,Doddipalli
192245353,2496693,tl,Battalavaripalli
192245661,2496697,tl,Peddur
192245738,2496698,tl,Gunturpalli
192245815,2496699,tl,Venkatapura
192246046,2496702,tl,Gollapalle
192246200,2496704,tl,Sherkhankote
192246431,2496707,tl,Maruganipalle
192246508,2496708,tl,Murusupalle
192246585,2496709,tl,Chetlavandlapalle
192246739,2496711,tl,Agraharam
192246816,2496712,tl,Goduguvaripalle
192246893,2496713,tl,Gollapalle
192247047,2496715,tl,Konduvaripalle
192247124,2496716,tl,Burujupalle
192247432,2496720,tl,Maddayyagaripalle
192247509,2496721,tl,Kottapalle
192247663,2496723,tl,Papatimmanahalli
192247740,2496724,tl,Bandenahalli
192247817,2496725,tl,Nandanavana
192247971,2496727,tl,Appasanihalli
192248048,2496728,tl,Konepalli
192248125,2496729,tl,Basavapura
192248202,2496730,tl,Ammatahalli
192248279,2496731,tl,Dodial
192248433,2496733,tl,Errammareddihalli
192248510,2496734,tl,Nandanahosahalli
192248587,2496735,tl,Kattigenahalli
192248664,2496736,tl,Kutappanahalli
192248741,2496737,tl,Rangenahalli
192248818,2496738,tl,Agraharahalli
192248895,2496739,tl,Kencharlahalli
192248972,2496740,tl,Gurrampalli
192249049,2496741,tl,Gaudanahalli
192249126,2496742,tl,Sujanahalli
192249511,2496747,tl,Settinayanahalli
192249588,2496748,tl,Mittahalli
192249665,2496749,tl,Kommepalli
192249742,2496750,tl,Gonehalli
192249819,2496751,tl,Annapalli
192249896,2496752,tl,Marabahalli
192250050,2496754,tl,Konapura
192250127,2496755,tl,Mavukere
192250204,2496756,tl,Somakalahalli
192250281,2496757,tl,Battalahalli
192250589,2496761,tl,Chimalagutta
192250820,2496764,tl,Buchipalle
192250974,2496766,tl,Bodimpalli
192251128,2496768,tl,Munganahalli
192251205,2496769,tl,Chintapalli
192251282,2496770,tl,Sadlavarahalli
192251436,2496772,tl,Kurubarahalli
192251744,2496776,tl,Polanayakanahalli
192251821,2496777,tl,Nadimpalli
192251898,2496778,tl,Tuvakalapalli
192251975,2496779,tl,Konapalli
192252052,2496780,tl,Chokkanahalli
192252206,2496782,tl,Chintamakalahalli
192252283,2496783,tl,Ulibele
192252437,2496785,tl,Morasanapalli
192252668,2496788,tl,Bairaganapalli
192252822,2496790,tl,Adirajupalli
192252899,2496791,tl,Kapalli
192253284,2496796,tl,Papisettipalli
192253361,2496797,tl,Nagarajupalli
192253438,2496798,tl,Lakkepalli
192253515,2496799,tl,Puliguntapalli
192253592,2496800,tl,Agrahara
192253669,2496801,tl,Gandrajupalli
192253823,2496803,tl,Pathagavunipalli
192254208,2496808,tl,Vempalli
192254439,2496811,tl,Karipalli
192254516,2496812,tl,Thummalapalli
192254593,2496813,tl,Myakapothapalli
192254747,2496815,tl,Naravamakalapalli
192254824,2496816,tl,Junjanahalli
192254901,2496817,tl,Kurupalli
192254978,2496818,tl,Iragampalli
192255209,2496821,tl,Gollapalli
192255363,2496823,tl,Guttur
192255440,2496824,tl,Yendapalli
192255517,2496825,tl,Bandakote
192255671,2496827,tl,Nallarallapalli
192255902,2496830,tl,Nagarajahosahalli
192255979,2496831,tl,Esagalapalli
192256056,2496832,tl,Raguttahalli
192256210,2496834,tl,Kondliganapalli
192256287,2496835,tl,Devapalli
192256364,2496836,tl,Kanchinayakanahalli
192256441,2496837,tl,Mudalagollahalli
192256518,2496838,tl,Nallaguttapalli
192256672,2496840,tl,Itumakalapalli
192256903,2496843,tl,Madamangala
192256980,2496844,tl,Gundigiri
192257057,2496845,tl,Brahmanahalli
192257211,2496847,tl,Tummaragunta
192257365,2496849,tl,Kottapalle
192257596,2496852,tl,Samallapalle
192257673,2496853,tl,Bommireddipalle
192257750,2496854,tl,Ramapuram
192257827,2496855,tl,Navabukota
192257904,2496856,tl,Rekalaguntipalle
192258058,2496858,tl,Varikesavunipalle
192258135,2496859,tl,Timmareddipalle
192258289,2496861,tl,Bommakkapalli
192258366,2496862,tl,Eguvapalle
192258674,2496866,tl,Goduguvandlapalle
192258905,2496869,tl,Buradavandlapalle
192259059,2496871,tl,Chandramakulapalle
192259136,2496872,tl,Anapuvaripalle
192259444,2496876,tl,Ankireddivaripalle
192259521,2496877,tl,Avulareddypalle
192259752,2496880,tl,Chilakalanerpu
192259829,2496881,tl,Moravapalle
192259906,2496882,tl,Kambalapalle
192259983,2496883,tl,Sampatikota
192260060,2496884,tl,Desamvaripalli
192260137,2496885,tl,Guntipalle
192260214,2496886,tl,Dwarapalli
192260291,2496887,tl,Anantapuram
192260445,2496889,tl,Gadigivarahalli
192260676,2496892,tl,Gudipalle
192260830,2496894,tl,Ragimakulapalli
192260984,2496896,tl,Kambalapalli
192261061,2496897,tl,Kanagamakulapalle
192261138,2496898,tl,Settipalle
192261523,2496903,tl,Bommepalli
192261600,2496904,tl,Devapalli
192261677,2496905,tl,Vangamalu
192261754,2496906,tl,Kadadanamarri
192261908,2496908,tl,Hosahudya
192261985,2496909,tl,Dharmavarahalli
192262062,2496910,tl,Bidalahalli
192262216,2496912,tl,Tuluvanuru
192262370,2496914,tl,Kanchappali
192262524,2496916,tl,Peddapongupalle
192262601,2496917,tl,Errapalle
192262678,2496918,tl,Bandamedapalle
192262755,2496919,tl,Erragudivandlapalle
192262986,2496922,tl,Chinnepalli
192263063,2496923,tl,Minchillahalli
192263217,2496925,tl,Salamakalapalli
192263756,2496932,tl,Peddarajupalli
192263910,2496934,tl,Palyakere
192263987,2496935,tl,Machanapalli
192264141,2496937,tl,Kondayyagaripalle
192264218,2496938,tl,Nimmakayilapalli
192264372,2496940,tl,Nayanivaripalle
192264526,2496942,tl,Ankireddipalle
192264680,2496944,tl,Madumuru
192265142,2496950,tl,Sunnappagutta
192265219,2496951,tl,Bodigundlapalli
192265296,2496952,tl,Muntapogavandlapalle
192265450,2496954,tl,Mallela
192265527,2496955,tl,Puttagandlapalli
192265604,2496956,tl,Billandahalli
192265681,2496957,tl,Ankalemadugu
192265835,2496959,tl,Upparavandlapalle
192265912,2496960,tl,Muddalapalli
192265989,2496961,tl,Ramojupalli
192266143,2496963,tl,Madempalli
192266297,2496965,tl,Gollahalli
192266605,2496969,tl,Kotturupalli
192266682,2496970,tl,Amallabandakota
192266990,2496974,tl,Hosahalli
192267067,2496975,tl,Kodicheruvu
192267144,2496976,tl,Padathimmanahalli
192267221,2496977,tl,Kondasandra
192267298,2496978,tl,Palya
192267375,2496979,tl,Chaldiganahalli
192267529,2496981,tl,Yeluvahalli
192267683,2496983,tl,Misaganapalli
192267760,2496984,tl,Hebbata
192267837,2496985,tl,Panasamakanapalli
192267914,2496986,tl,Ketheganahalli
192267991,2496987,tl,Nambihalli
192268068,2496988,tl,Aremakalahalli
192268145,2496989,tl,Varatanahalli
192268222,2496990,tl,Chiruvanahalli
192268299,2496991,tl,Settihalli
192268530,2496994,tl,Doddabommanahalli
192268607,2496995,tl,Agrahara
192268684,2496996,tl,Yaluvakunte
192268838,2496998,tl,Mogilapalli
192269454,2497006,tl,Gummareddypura
192269685,2497009,tl,Jaderi
192269762,2497010,tl,Chikkabommanahalli
192269839,2497011,tl,Gadadasanahalli
192269993,2497013,tl,Valagerehalli
192270301,2497017,tl,Chatlupalligadde
192270378,2497018,tl,Kallahalli
192270532,2497020,tl,Rayapalli
192270609,2497021,tl,Konapalli
192270686,2497022,tl,Chorapalli
192270763,2497023,tl,Upparapete
192270840,2497024,tl,Chinnakondrapalli
192270917,2497025,tl,Katamachanahalli
192270994,2497026,tl,Doddahalli
192271071,2497027,tl,Nallaguttapalli
192271148,2497028,tl,Narayanahalli
192271225,2497029,tl,Munaganahalli
192271302,2497030,tl,Kachihalli
192271456,2497032,tl,Nagadenahalli
192271687,2497035,tl,Venkatapura
192271841,2497037,tl,Naindrahalli
192271918,2497038,tl,Mailapura
192271995,2497039,tl,Konganahalli
192272149,2497041,tl,Madabahalli
192272226,2497042,tl,Chikkattigenahalli
192272303,2497043,tl,Nernakallu
192272534,2497046,tl,Madarkallu
192272688,2497048,tl,Nachahalli
192272842,2497050,tl,Cholaghatta
192272919,2497051,tl,Marjenahalli
192272996,2497052,tl,Madderi
192273227,2497055,tl,Iragasandra
192273304,2497056,tl,Rachapura
192273535,2497059,tl,Bandarlahalli
192273612,2497060,tl,Konganahalli
192273766,2497062,tl,Kutharasanahalli
192273843,2497063,tl,Nidugurki
192273920,2497064,tl,Gajalahalli
192274074,2497066,tl,Yedahalli
192274228,2497068,tl,Madanahalli
192274305,2497069,tl,Jambapura
192274613,2497073,tl,Pacharlahalli
192274690,2497074,tl,Pindipapanahalli
192274921,2497077,tl,Settikunte
192274998,2497078,tl,Kembattinahalli
192275075,2497079,tl,Bagalahalli
192275152,2497080,tl,Mastenahalli
192275229,2497081,tl,Bisanahalli
192275537,2497085,tl,Balagere
192275614,2497086,tl,Ternahalli
192275691,2497087,tl,Mailandahalli
192275922,2497090,tl,Gandlapalli
192276230,2497094,tl,Kuppahalli
192276461,2497097,tl,Chinnapura
192276538,2497098,tl,Doddapura
192276769,2497101,tl,Singanahalli
192276846,2497102,tl,Battalapalli
192276923,2497103,tl,Alamagiri
192277000,2497104,tl,Pathapalli
192277077,2497105,tl,Kodihalli
192277385,2497109,tl,Gollahalli
192277462,2497110,tl,Agrahara
192277539,2497111,tl,Kapalli
192277616,2497112,tl,Gudarlahalli
192277770,2497114,tl,Battalahalli
192277847,2497115,tl,Siddepalli
192277924,2497116,tl,Bhumisettihalli
192278155,2497119,tl,Alavapalli
192278232,2497120,tl,Somayajulapalli
192278386,2497122,tl,Bhairasandra
192278848,2497128,tl,Gandraganahalli
192279002,2497130,tl,Virapalli
192279079,2497131,tl,Gopalapura
192279310,2497134,tl,Vasanthahalli
192279387,2497135,tl,Raguttapalli
192279464,2497136,tl,Dhanamettenahalli
192279695,2497139,tl,Bukkanahalli
192279849,2497141,tl,Kottur
192279926,2497142,tl,Adepalli
192280003,2497143,tl,Thippanahalli
192280080,2497144,tl,Upparahalli
192280157,2497145,tl,Kotagal
192280388,2497148,tl,Pulgundlapalli
192280465,2497149,tl,Kondavenakapalli
192280542,2497150,tl,Chokkahalli
192280619,2497151,tl,Nainahalli
192280696,2497152,tl,Singasandra
192280850,2497154,tl,Thummalapalli
192280927,2497155,tl,Kanagamakalapalli
192281004,2497156,tl,Kottapalli
192281235,2497159,tl,Kurupalli
192281312,2497160,tl,Ramapuram
192281466,2497162,tl,Gunturugadde
192281543,2497163,tl,Nandiganahalli
192281697,2497165,tl,Maniganapalli
192281774,2497166,tl,Digavakote
192282159,2497171,tl,Jogyanahalli
192282313,2497173,tl,Kurumakalapalli
192282390,2497174,tl,Muddalapalli
192282467,2497175,tl,Gownicheruvupalli
192282544,2497176,tl,Bodagundlapalli
192282621,2497177,tl,Korakonapalli
192282698,2497178,tl,Nimmakailapalli
192282929,2497181,tl,Doddabandarlapalli
192283083,2497183,tl,Kotapalli
192283237,2497185,tl,Shettihalli
192283314,2497186,tl,Chilepalli
192283391,2497187,tl,Avuganapalli
192283468,2497188,tl,Kodipalli
192283545,2497189,tl,Digavamorampalli
192283622,2497190,tl,Gopalli
192283699,2497191,tl,Tadigollu
192284084,2497196,tl,Maripalli
192284161,2497197,tl,Kasettipalli
192284315,2497199,tl,Yachanapalli
192284392,2497200,tl,Kanagamakalapalli
192284469,2497201,tl,Pillikunte
192284623,2497203,tl,Arikunte
192284700,2497204,tl,Chakerlappalli
192284777,2497205,tl,Bandapalli
192284854,2497206,tl,Doddapalli
192284931,2497207,tl,Ronur
192285008,2497208,tl,Doddamaladoddi
192285085,2497209,tl,Muniganapalli
192285162,2497210,tl,Timmasandra
192285239,2497211,tl,Kummakunte
192285316,2497212,tl,Nagadepalli
192285470,2497214,tl,Avalakuppa
192285624,2497216,tl,Satandahalli
192285778,2497218,tl,Dorasandra
192285855,2497219,tl,Kallur
192286086,2497222,tl,Baiyapalli
192286163,2497223,tl,Kaniganapalli
192286240,2497224,tl,Nilatur
192286394,2497226,tl,Dandupalya
192286471,2497227,tl,Hebbri
192286625,2497229,tl,Kambalapalli
192286702,2497230,tl,Kottur
192286779,2497231,tl,Badaguvarahalli
192286856,2497232,tl,Kappalli
192287010,2497234,tl,Kondamari
192287318,2497238,tl,Venkatapura
192287472,2497240,tl,Chokkireddihalli
192287549,2497241,tl,Alavatta
192287626,2497242,tl,Chimanahalli
192287703,2497243,tl,Siddimata
192287780,2497244,tl,Kiravara
192288011,2497247,tl,Nalamachanahalli
192288165,2497249,tl,Mosalahalli
192288319,2497251,tl,Narasapura
192288396,2497252,tl,Srinivasapura
192288550,2497254,tl,Mohamadpura
192288627,2497255,tl,Hiranyapalli
192288858,2497258,tl,Madikere
192288935,2497259,tl,Doddaganjur
192289012,2497260,tl,Darapalli
192289166,2497262,tl,Settihalli
192289243,2497263,tl,Palapalli
192289397,2497265,tl,Doddanetha
192289474,2497266,tl,Chikkakarakamakalahalli
192289551,2497267,tl,Diguvapalli
192289628,2497268,tl,Munthakadareppalli
192289705,2497269,tl,Gondarpalli
192289782,2497270,tl,Venkatapura
192289859,2497271,tl,Madderi Mallandahalli
192290013,2497273,tl,Matnahalli
192290090,2497274,tl,Kondasettihalli
192290244,2497276,tl,Kolakunjanahalli
192290475,2497279,tl,Busanahalli
192290629,2497281,tl,Talagundapurhalli
192290706,2497282,tl,Haleri
192290860,2497284,tl,Totli
192291091,2497287,tl,Kakinetta
192291168,2497288,tl,Madavagurjenahalli
192291245,2497289,tl,Channappanahalli
192291399,2497291,tl,Medihala
192291476,2497292,tl,Naganala
192291553,2497293,tl,Bommasandra
192291784,2497296,tl,Hanumantapura
192291861,2497297,tl,Chokkahalli
192292015,2497299,tl,Huhalli
192292092,2497300,tl,Uppukunte
192292169,2497301,tl,Jangamagurjenahalli
192292323,2497303,tl,Yadahalli
192292400,2497304,tl,Jannaghatta
192292477,2497305,tl,Kurandahalli
192292708,2497308,tl,Thoredevandahalli
192292785,2497309,tl,Biramanahalli
192292939,2497311,tl,Kittanduru
192293016,2497312,tl,Vanarasi
192293093,2497313,tl,Mallasandra
192293324,2497316,tl,Gangatta
192293478,2497318,tl,Bellambera
192293555,2497319,tl,Nukkanahalli
192293632,2497320,tl,Aralimaradahosanalli
192293709,2497321,tl,Kondenahalli
192293863,2497323,tl,Somasandra
192294017,2497325,tl,Holur
192294094,2497326,tl,Benangur
192294171,2497327,tl,Chillapalli
192294248,2497328,tl,Nayakarahalli
192294325,2497329,tl,Muduvadihosahalli
192294402,2497330,tl,Totliganahalli
192294479,2497331,tl,An Najd al `Ali
192294633,2497333,tl,Yalavara
192294710,2497334,tl,Marenahalli
192294787,2497335,tl,Karahalli
192294864,2497336,tl,Vadigepalli
192295095,2497339,tl,Sisandra
192295249,2497341,tl,Kembodi
192295480,2497344,tl,Girnahalli
192295557,2497345,tl,Hollamballi
192295634,2497346,tl,Doddanahalli
192295788,2497348,tl,Abbani
192295865,2497349,tl,Haralukunte
192295942,2497350,tl,Tippasandra
192296019,2497351,tl,Yarangatta
192296096,2497352,tl,Hale Somarasanahalli
192296173,2497353,tl,Kumbarahalli
192296250,2497354,tl,Nernahalli
192296327,2497355,tl,Belaganahalli
192296404,2497356,tl,Venkatapura
192296481,2497357,tl,Syanubhoganahalli
192296558,2497358,tl,Vadagur
192296866,2497362,tl,Timmasandra
192297020,2497364,tl,Tondala
192297174,2497366,tl,Manigatta
192297251,2497367,tl,Iragasandra
192297328,2497368,tl,Annehalli
192297405,2497369,tl,Byalahalli
192297482,2497370,tl,Mattikunte
192297559,2497371,tl,Garudapalya
192297636,2497372,tl,Sillangere
192297713,2497373,tl,Kamadenahalli
192297790,2497374,tl,Yalachipura
192297867,2497375,tl,Chinnapura
192298021,2497377,tl,Vadalavadi
192298175,2497379,tl,Begli Hosahalli
192298329,2497381,tl,Beggalibelachenahalli
192298406,2497382,tl,Singondahalli
192298637,2497385,tl,Dinnuru
192298714,2497386,tl,Arehalli
192298868,2497388,tl,Hogari
192299022,2497390,tl,Ammerahalli
192299099,2497391,tl,Kallandur
192299176,2497392,tl,Mangasandra
192299253,2497393,tl,Chaudadenahalli
192299484,2497396,tl,Handrahalli
192299638,2497398,tl,Suluru
192299715,2497399,tl,Garudanahalli
192299792,2497400,tl,Chikkahasala
192299869,2497401,tl,Doddahasala
192299946,2497402,tl,Dimba
192300023,2497403,tl,Paparajanahalli
192300177,2497405,tl,Hogarigollahalli
192300331,2497407,tl,Guttahalli
192300562,2497410,tl,Guddanapura
192300639,2497411,tl,Venkatapura
192300716,2497412,tl,Chikkahayuru
192300793,2497413,tl,Arabikottanuru
192300870,2497414,tl,Kendatti
192300947,2497415,tl,Chaudadenhalli
192301101,2497417,tl,Tyavanahalli
192301255,2497419,tl,Doddahayuru
192301486,2497422,tl,Hosahalli
192301563,2497423,tl,Tirumalakoppa
192301640,2497424,tl,Nambiganahalli
192301794,2497426,tl,Puramakanahalli
192301871,2497427,tl,Kadusannahalli
192301948,2497428,tl,Chikkakuntur
192302102,2497430,tl,Doddakuntur
192302179,2497431,tl,Agara
192302333,2497433,tl,Chambe
192302641,2497437,tl,Nakkanahalli
192302795,2497439,tl,Janganahalli
192302872,2497440,tl,Togatiganahalli
192303103,2497443,tl,Gangapura
192303257,2497445,tl,Hijavanahalli
192303334,2497446,tl,Garudapalya
192303411,2497447,tl,Alahalli
192303719,2497451,tl,Settikottanur
192303796,2497452,tl,Settiganahalli
192303873,2497453,tl,Nernahalli
192303950,2497454,tl,Dandiganahalli
192304027,2497455,tl,Ulerahalli
192304181,2497457,tl,Kadirenahalli
192304412,2497460,tl,Halipalya
192304489,2497461,tl,Virakaputra
192304566,2497462,tl,Basavapura
192304643,2497463,tl,Kempasandra
192304720,2497464,tl,Ramanayakanhalli
192304951,2497467,tl,Vadagere
192305028,2497468,tl,Mailandahalli
192305105,2497469,tl,Agrahara
192305182,2497470,tl,Jangalahalli
192305259,2497471,tl,Mudavatti
192305336,2497472,tl,Cholagatta
192305413,2497473,tl,Konepura
192305490,2497474,tl,Koragondahalli
192305567,2497475,tl,Pakarahalli
192305721,2497477,tl,Madamangala
192306029,2497481,tl,Honnenahalli
192306106,2497482,tl,Guttahalli
192306183,2497483,tl,Magere
192306260,2497484,tl,Karamangala
192306414,2497486,tl,Madivala
192306722,2497490,tl,Siddanahalli
192306799,2497491,tl,Kuppanahalli
192306953,2497493,tl,Hudukula
192307030,2497494,tl,Benakanahalli
192307107,2497495,tl,Anepur
192307261,2497497,tl,Karadagurki
192307338,2497498,tl,Parswaganahalli
192307492,2497500,tl,Yalaburagi
192307569,2497501,tl,Nernahalli
192307646,2497502,tl,Timmapura
192307800,2497504,tl,Margal
192307877,2497505,tl,Birandahalli
192308031,2497507,tl,Bhavarahalli
192308108,2497508,tl,Nayakarahalli
192308185,2497509,tl,Holerahalli
192308339,2497511,tl,Vattrakunte
192308647,2497515,tl,Vadandahalli
192308724,2497516,tl,Kamandahalli
192308801,2497517,tl,Harati
192308878,2497518,tl,Chalaganahalli
192309032,2497520,tl,Yamsonnuru
192309109,2497521,tl,Tammenahalli
192309186,2497522,tl,Kotiganahalli
192309263,2497523,tl,Kallukere
192309417,2497525,tl,Karavanahalli
192309648,2497528,tl,Nagalapura
192309802,2497530,tl,Gaddekannur
192309879,2497531,tl,Parehosahalli
192310033,2497533,tl,Arinaganahalli
192310110,2497534,tl,Urutu Agrahar
192310187,2497535,tl,Gottahalli
192310418,2497538,tl,Kallipura
192310572,2497540,tl,Challahalli
192310649,2497541,tl,Chikkanahalli
192310726,2497542,tl,Byranayakanahalli
192310803,2497543,tl,Kenchapura
192311034,2497546,tl,Ananthapur
192311111,2497547,tl,Doddarahalli
192311188,2497548,tl,Maderahalli
192311265,2497549,tl,Chunchedenahalli
192311342,2497550,tl,Nuggalapura
192311419,2497551,tl,Chaluvanahalli
192311650,2497554,tl,Hunakunde
192311804,2497556,tl,Bhatrahalli
192311958,2497558,tl,Honnenahalli
192312035,2497559,tl,Gangapura
192312189,2497561,tl,Singihalli
192312343,2497563,tl,Tokalagatta
192312420,2497564,tl,Settihalli
192312497,2497565,tl,Kalva
192312651,2497567,tl,Purahalli
192312882,2497570,tl,Marachenahalli
192312959,2497571,tl,Chamarahalli
192313113,2497573,tl,Hullinakallu
192313267,2497575,tl,Mittamalapalli
192313344,2497576,tl,Virapura
192313652,2497580,tl,Matapura
192313806,2497582,tl,Nelliampathi
192313883,2497583,tl,Khata Khedi
192313960,2497584,tl,Garha Brahman
192314037,2497585,tl,Chandpura
192314114,2497586,tl,Bijapura
192314191,2497587,tl,Patalpani
192314268,2497588,tl,Patalpur
192314653,2497593,tl,Chinnapalli
192314961,2497597,tl,Siddavandlapalle
192315115,2497599,tl,Edurudona
192315192,2497600,tl,Kottapalle
192315269,2497601,tl,Dasarivandlapalle
192315577,2497605,tl,Edalavandlapalle
192315654,2497606,tl,Pallinayanivaripalle
192315808,2497608,tl,Chekkavaripalle
192315885,2497609,tl,Gollapalle
192316347,2497615,tl,Mangadinnepalle
192316424,2497616,tl,Todendlagaddapalle
192316578,2497618,tl,Kortikota
192316809,2497621,tl,Bathunigaripalle
192317425,2497629,tl,Bollavaripalle
192317964,2497636,tl,Bandarvandlapalle
192318272,2497640,tl,Eddulavarikota
192318503,2497643,tl,Gudlavaripalle
192318580,2497644,tl,Balijipalle
192318811,2497647,tl,Erraguttapalle
192319042,2497650,tl,Kammaravandlapalle
192319119,2497651,tl,Diguvapalle
192319273,2497653,tl,Moddulavaripalle
192319504,2497656,tl,Bandrevu
192319581,2497657,tl,Kottapalle
192319735,2497659,tl,Ketireddivaripalle
192319889,2497661,tl,Kuramareddigaripalle
192320505,2497669,tl,Musalikunta
192320659,2497671,tl,Maduguvandlapalli
192320813,2497673,tl,Bandavandlapalle
192320967,2497675,tl,Danamreddigaripalli
192321044,2497676,tl,Burujupalli
192321352,2497680,tl,Battunigaripalle
192321429,2497681,tl,Nagurivandlapalle
192322353,2497693,tl,Boyapalle
192322430,2497694,tl,Kotala
192322661,2497697,tl,Yapelapalle
192322738,2497698,tl,Kutikebanda Thanda
192322815,2497699,tl,Jillavandlapalle
192322892,2497700,tl,Ragimanudinnepalle
192322969,2497701,tl,Gopidinne
192323046,2497702,tl,Kottapalle
192323123,2497703,tl,Uppulurivandlapalle
192323200,2497704,tl,Kavalipalle
192323662,2497710,tl,Reddivaripalle
192323893,2497713,tl,Peddapalle
192323970,2497714,tl,Markapuramvandlapalle
192324201,2497717,tl,Gangireddipalle
192324355,2497719,tl,Tsaudasamudram
192324586,2497722,tl,Kotapalle
192325048,2497728,tl,Annagaripalle
192325125,2497729,tl,Nayanicheruvupalle
192325587,2497735,tl,Kalavapalle
192325818,2497738,tl,Erracheruvupalle
192326203,2497743,tl,Zunzurupenta
192326357,2497745,tl,Agraharampalle
192326588,2497748,tl,Beripalle
192326665,2497749,tl,Upparapalle
192327204,2497756,tl,Daulivaripalle
192327281,2497757,tl,Edumadkalapalle
192327358,2497758,tl,Galivandlapalle
192327435,2497759,tl,Ramakulapalle
192327589,2497761,tl,Kotapalle
192327666,2497762,tl,Tanakantivaripalle
192327743,2497763,tl,Gudupalle
192327897,2497765,tl,Esuvaripalle
192328051,2497767,tl,Konetivandlapalle
192328128,2497768,tl,Sompalle
192328282,2497770,tl,Billurivaripalle
192328513,2497773,tl,Reddivaripalle
192328590,2497774,tl,Royappavaripalle
192328744,2497776,tl,Tamballavandlapalle
192329052,2497780,tl,Angadivandlapalle
192329283,2497783,tl,Venkataramireddipalle
192329437,2497785,tl,Guttakindipalle
192329899,2497791,tl,Danduvandlapalle
192330130,2497794,tl,Gundlavaripalle
192330207,2497795,tl,Nayanicheruvupalle
192330284,2497796,tl,Bogumvanipalle
192330361,2497797,tl,Kadirinathunikota
192330515,2497799,tl,Kotireddigaripalle
192330592,2497800,tl,Nayanivaripalle
192330669,2497801,tl,Kasipalle
192330746,2497802,tl,Goddavulakota
192330823,2497803,tl,Galetivaripalle
192331131,2497807,tl,Devulacheruvu
192331208,2497808,tl,Gollapalle
192331901,2497817,tl,Peddapalem
192331978,2497818,tl,Eddulavandlapalle
192332132,2497820,tl,Errakalvapalle
192332286,2497822,tl,Ramanayunikota
192332363,2497823,tl,Chinnayagaripalle
192332440,2497824,tl,Gollapalle
192332517,2497825,tl,Kamsalavandlapalle
192332671,2497827,tl,Dukusanipalle
192332748,2497828,tl,Kanchanavandlapalle
192333133,2497833,tl,Botikindapalle
192333441,2497837,tl,Balireddivaripalle
192333749,2497841,tl,Payalavandlapalle
192333826,2497842,tl,Kottapalle
192333980,2497844,tl,Rajuvaripalle
192334057,2497845,tl,Chintalarawpalle
192334211,2497847,tl,Gundlapalle
192334288,2497848,tl,Siddavandlapalle
192334365,2497849,tl,Vemaredigaripalle
192334750,2497854,tl,Chinnappagaripalle
192334904,2497856,tl,Dobbalaguttapalle
192334981,2497857,tl,Pulasaramvaripalle
192335058,2497858,tl,Mekalavandlapalle
192335597,2497865,tl,Kuravapalle
192335674,2497866,tl,Pendarivaripalle
192335751,2497867,tl,Ramuganivandlapalle
192335828,2497868,tl,Burujupalle
192336059,2497871,tl,Bodukindipalle
192336136,2497872,tl,Muttavaripalle
192336521,2497877,tl,Malavandlapalle
192336829,2497881,tl,Papannacheruvupalle
192337137,2497885,tl,Chinnapareddigaripalle
192337291,2497887,tl,Gollapallevandlapalle
192337368,2497888,tl,Nallamachireddigaripalle
192337445,2497889,tl,Eguvagopiguttapalle
192337599,2497891,tl,Kannemadugu
192337676,2497892,tl,Appammagaripalle
192337753,2497893,tl,Ramiganivandlapalle
192337830,2497894,tl,Reddivaripalle
192338061,2497897,tl,Idulacheruvupalle
192338292,2497900,tl,Errasanipalle
192338369,2497901,tl,Erramaddivaripalle
192338446,2497902,tl,Vakkavandlapalle
192338677,2497905,tl,Kummarapalle
192338908,2497908,tl,Diguvagopiguttapalle
192339139,2497911,tl,Eddulavaripalle
192339293,2497913,tl,Gandasanipalle
192339447,2497915,tl,Danduvaripalle
192339524,2497916,tl,Maramreddigaripalle
192339832,2497920,tl,Totavaripalle
192339909,2497921,tl,Pasalavandlapalle
192339986,2497922,tl,Chintagalapalli
192340217,2497925,tl,Syagatur
192340294,2497926,tl,Settyhalli
192340371,2497927,tl,Uppukunte
192340448,2497928,tl,Vommasandra
192340525,2497929,tl,Gujjanahalli
192340602,2497930,tl,Nichanakunte
192340679,2497931,tl,Kottapalli
192340833,2497933,tl,Duggasandra
192340910,2497934,tl,Tavarekere
192340987,2497935,tl,Vommasandra
192341141,2497937,tl,Kunibande
192341372,2497940,tl,Kurravanipalle
192341603,2497943,tl,Rangasamudram
192341757,2497945,tl,Nagannakota
192341911,2497947,tl,Aletipalle
192341988,2497948,tl,Balasanipalli
192342373,2497953,tl,Achammakota
192342450,2497954,tl,Babugaripalle
192342604,2497956,tl,Vemaletikota
192342835,2497959,tl,Sithivaripalle
192342989,2497961,tl,Tottivaripalle
192343143,2497963,tl,Bandamedipalle
192343374,2497966,tl,Erramreddigaripalle
192343451,2497967,tl,Kavalivandlapalle
192343759,2497971,tl,Pakirureddigaripalle
192343836,2497972,tl,Dasireddigaripalle
192343913,2497973,tl,Maligavandlapalle
192344067,2497975,tl,Maddinayanipalle
192344221,2497977,tl,Enumulavandlapalle
192344298,2497978,tl,Daramvandlapalle
192344375,2497979,tl,Vengamgari Palle
192344452,2497980,tl,Peddapalle
192344529,2497981,tl,Peddayyagaripalle
192344760,2497984,tl,Maligavandlapalle
192344837,2497985,tl,Natavarayanipalle
192344991,2497987,tl,Vepurikota
192345068,2497988,tl,Rajulapalle
192345145,2497989,tl,Avulavandlapalle
192345222,2497990,tl,Marikeruvaripalle
192345453,2497993,tl,Botukavaripalle
192345838,2497998,tl,Jonnavandlapalle
192345915,2497999,tl,Devarapalle
192345992,2498000,tl,Tummalavandlapalle
192346069,2498001,tl,Timmareddivaripalle
192346146,2498002,tl,Patapalle
192346300,2498004,tl,Kottamalapalle
192346377,2498005,tl,Dadamvandlapalle
192346685,2498009,tl,Ranganayanivaripalle
192346762,2498010,tl,Erraguttavaripalle
192347224,2498016,tl,Dinnemidapalle
192347301,2498017,tl,Choreddigaripalle
192347378,2498018,tl,Gudisivaripalle
192347455,2498019,tl,Reddivaripalle
192347532,2498020,tl,Devarajupalle
192347840,2498024,tl,Kayalavaripalle
192347917,2498025,tl,Bayyappagaripalle
192348071,2498027,tl,Papireddivaripalle
192348148,2498028,tl,Morampalle
192348456,2498032,tl,Mogasalamarri
192348687,2498035,tl,Guntavaripalle
192348841,2498037,tl,Jangalapalle
192348995,2498039,tl,Kotareddivaripalle
192349149,2498041,tl,Chennareddigaripalle
192349611,2498047,tl,Peddapalle
192349919,2498051,tl,Mutravandlapalle
192350381,2498057,tl,Kondlapalle
192351536,2498072,tl,Kosuvaripalle
192351690,2498074,tl,Taruguvaripalle
192351767,2498075,tl,Voddapalle
192351921,2498077,tl,Chitikavaripalle
192352229,2498081,tl,Tsakalapalle
192352383,2498083,tl,Sitivaripalle
192352768,2498088,tl,Kottapalle
192353230,2498094,tl,Chinnappareddigaripalle
192353538,2498098,tl,Mudireddigaripalle
192353769,2498101,tl,Kottapalle
192353923,2498103,tl,Adivipalle
192354000,2498104,tl,Kottapalle
192354231,2498107,tl,Kachepalle
192354308,2498108,tl,Gajulapalle
192354539,2498111,tl,Nallappareddipalle
192354616,2498112,tl,Reddivaripalle
192354770,2498114,tl,Konkavaripalle
192354924,2498116,tl,Gollapalle
192355232,2498120,tl,Bodivandlapalle
192355309,2498121,tl,Gammadikayalapalle
192355617,2498125,tl,Enupotulavandlapalle
192355848,2498128,tl,Dadamvandlapalle
192355925,2498129,tl,Bhadrayyagaripalle
192356002,2498130,tl,Sripativaripalle
192356079,2498131,tl,Paradesipalle
192356156,2498132,tl,Bandrlapalle
192356310,2498134,tl,Tirumalaguttapalle
192356387,2498135,tl,Tangallapalle
192357311,2498147,tl,Angallu
192357388,2498148,tl,Poreddivandlapalle
192357850,2498154,tl,Pusavaripalle
192357927,2498155,tl,Narlapalle
192358081,2498157,tl,Chintakulapalle
192358235,2498159,tl,Katlapalle
192358312,2498160,tl,Mamidigumpulapalle
192358620,2498164,tl,Jillavandlapalle
192358697,2498165,tl,Katlagantivaripalle
192358851,2498167,tl,Makulavandlapalle
192358928,2498168,tl,Medipalle
192359236,2498172,tl,Guttamidipalle
192359313,2498173,tl,Appilinayanipalle
192359929,2498181,tl,Tettu
192360083,2498183,tl,Galitivaripalle
192360314,2498186,tl,Diguvachinnamarri
192360391,2498187,tl,Eguvachinnamarri
192360468,2498188,tl,Bolikavaripalle
192361007,2498195,tl,Chinapalle
192361161,2498197,tl,Mudiumvaripalle
192361238,2498198,tl,Pulusumanipenta
192361315,2498199,tl,Arimanipenta
192361392,2498200,tl,Motukupalle
192361546,2498202,tl,Tangivaripalle
192361700,2498204,tl,Pamurivandlapalle
192361777,2498205,tl,Petrovaripalle
192361854,2498206,tl,Kottapalle
192361931,2498207,tl,Mangachikadinne
192362008,2498208,tl,Kondakindepalle
192362316,2498212,tl,Ayyavaripalle
192362393,2498213,tl,Baddipalle
192362470,2498214,tl,Surapuvaripalle
192362624,2498216,tl,Nammalpalle
192362778,2498218,tl,Burujupalle
192362855,2498219,tl,Kottavudiyam
192363009,2498221,tl,Badikayalapalle
192363240,2498224,tl,Kasipalle
192363394,2498226,tl,Dabbalavandlapalle
192363471,2498227,tl,Valasaguttapalli
192363548,2498228,tl,Seturayanipalle
192363625,2498229,tl,Gutturu
192363779,2498231,tl,Obisettipalle
192364010,2498234,tl,Cuttamithavaripalli
192364164,2498236,tl,Gudipalli
192364318,2498238,tl,Pedduru
192364549,2498241,tl,Mallemvaripalli
192364703,2498243,tl,Thummalavaripalli
192364780,2498244,tl,Sagalavaripalli
192364934,2498246,tl,Kambalapalli
192365011,2498247,tl,Vyapalapalli
192365165,2498249,tl,Vempalli
192365242,2498250,tl,Edaganapalli
192365473,2498253,tl,Thorlavaripalli
192365550,2498254,tl,Jangampalli
192365627,2498255,tl,Eguvachintapalli
192365935,2498259,tl,Kempareddigaripalli
192366012,2498260,tl,Mudivaripalli
192366243,2498263,tl,Tamalampalli
192366320,2498264,tl,Vangasavaripalli
192366551,2498267,tl,Kadirampalli
192366628,2498268,tl,Upparapalli
192366705,2498269,tl,Bhogamvaripalli
192366782,2498270,tl,Gudasivarapalli
192366859,2498271,tl,Basanapalli
192366936,2498272,tl,Kandlevaripalli
192367013,2498273,tl,Chirakorapalli
192367167,2498275,tl,Mondyala
192367321,2498277,tl,Madarankapalli
192367475,2498279,tl,Bodireddipalli
192367629,2498281,tl,Balevaripalli
192367706,2498282,tl,Mudimadugu
192367783,2498283,tl,Malamutkapalli
192367860,2498284,tl,Ammacheruvupalli
192368014,2498286,tl,Murramkondapalli
192368399,2498291,tl,Dombarapalli
192368476,2498292,tl,Guntipalli
192368553,2498293,tl,Anepalli
192368784,2498296,tl,Jinkalavaripalli
192368861,2498297,tl,Sunnakallu
192369246,2498302,tl,Panasamakulapalle
192369323,2498303,tl,Savaramvaripalle
192369477,2498305,tl,Ponnutipalem
192369554,2498306,tl,Motlapalli
192369939,2498311,tl,Ankisettipalle
192370016,2498312,tl,Kottapalle
192370170,2498314,tl,Sundareddipalle
192370247,2498315,tl,Danduvaripalle
192370324,2498316,tl,Kotagudda
192370401,2498317,tl,Udumvaripalle
192370632,2498320,tl,Errappavandlapalle
192370786,2498322,tl,Tekurpalem
192370863,2498323,tl,Malepadu
192370940,2498324,tl,Kotturu
192371017,2498325,tl,Venkatannagaripalle
192371248,2498328,tl,Maddigundlapalle
192371402,2498330,tl,Jolapalem
192371556,2498332,tl,Guttakindepalle
192371633,2498333,tl,Jangalavaripalle
192371710,2498334,tl,Vempalle
192371787,2498335,tl,Ragimakulapalli
192371864,2498336,tl,Kollavaripalle
192372326,2498342,tl,Sofon Lapai
192372403,2498343,tl,Kottapalli
192372557,2498345,tl,Reddimpalli
192372711,2498347,tl,Gunderu
192372788,2498348,tl,Chakapalli
192372865,2498349,tl,Lakshmisagara
192372942,2498350,tl,Pathanelavanki
192373019,2498351,tl,Koppavaripalli
192373327,2498355,tl,Tammareddigarapalli
192373712,2498360,tl,Manchinillakote
192373789,2498361,tl,Marimakalapalli
192374020,2498364,tl,Pacharamakalapalli
192374097,2498365,tl,Bhattuvaripalli
192374251,2498367,tl,Nelavanki
192374328,2498368,tl,Upparapalli
192374482,2498370,tl,Kondasandra
192374559,2498371,tl,Burakayalakote
192374636,2498372,tl,Patakote
192374713,2498373,tl,Gorivimakalapalli
192374790,2498374,tl,Nambuvaripalli
192374867,2498375,tl,Subbagundlapalli
192375021,2498377,tl,Palligadde
192375406,2498382,tl,Ammagaripet
192375868,2498388,tl,Nallarachagaripalle
192376022,2498390,tl,Gollapalli
192376176,2498392,tl,Satanurpalli
192376330,2498394,tl,Pandivaripalli
192376407,2498395,tl,Muddepalli
192376484,2498396,tl,Pamatampalli
192376561,2498397,tl,Pulagurukote
192376715,2498399,tl,Mochuvarapalli
192376792,2498400,tl,Kattikasanapalli
192376946,2498402,tl,Alchepalle
192377254,2498406,tl,Jakkalavaripalle
192377408,2498408,tl,Chambakuru
192377639,2498411,tl,Erranelapalle
192377793,2498413,tl,Nammuvaripalle
192377870,2498414,tl,Tekupalle
192378024,2498416,tl,Nariganipalle
192378101,2498417,tl,Voddevanipalle
192378563,2498423,tl,Kannimadugupalempalle
192378948,2498428,tl,Adivilapalle
192379179,2498431,tl,Payasimvaripalle
192379410,2498434,tl,Sevaripalle
192379718,2498438,tl,Chirlapalle
192379795,2498439,tl,Balijapalle
192379872,2498440,tl,Eguvapalle
192380026,2498442,tl,Channareddipalle
192380103,2498443,tl,Kappalle
192380180,2498444,tl,Bapanayanipalle
192380257,2498445,tl,Poturajupalle
192380334,2498446,tl,Diguvapalle
192380411,2498447,tl,Mochuvaripalle
192380488,2498448,tl,Ajjareddipalle
192380565,2498449,tl,Panasamanukunta
192380642,2498450,tl,Gollapalle
192380719,2498451,tl,Kondamidipalle
192380796,2498452,tl,Guttavaripalle
192381027,2498455,tl,Manivaripalle
192381104,2498456,tl,Gollapalle
192381181,2498457,tl,Dasireddipalle
192381258,2498458,tl,Ellampalle
192381335,2498459,tl,Gavunivaripalle
192381412,2498460,tl,Gosuvaripalle
192381489,2498461,tl,Arikela
192381566,2498462,tl,Chintakulapalle
192381874,2498466,tl,Narapalle
192382028,2498468,tl,Kamatampalle
192382105,2498469,tl,Morumpalle
192382182,2498470,tl,Nallappagaripalle
192382413,2498473,tl,Manivaripalle
192382490,2498474,tl,Eguvakammapalle
192382567,2498475,tl,Ragimakulapalle
192382721,2498477,tl,Sanipalle
192382875,2498479,tl,Errappasettipalle
192383183,2498483,tl,Miniki
192383414,2498486,tl,Kotturu
192383491,2498487,tl,Mugavadi
192383645,2498489,tl,Errapalle
192383722,2498490,tl,Kanagani
192383876,2498492,tl,Kurijili
192384261,2498497,tl,Gampanapalie
192384338,2498498,tl,Utugollapalle
192384646,2498502,tl,Dinnepalle
192384877,2498505,tl,Rajagundlahalli
192385031,2498507,tl,Gajjigangannapalli
192385185,2498509,tl,Doddipalle
192385262,2498510,tl,Ganganatta
192385493,2498513,tl,Elavanelluru
192385570,2498514,tl,Paigadda
192385647,2498515,tl,Daserlapalle
192385724,2498516,tl,Peddakurapalle
192385801,2498517,tl,Talaripeddipalle
192386109,2498521,tl,Somayajilapalli
192386263,2498523,tl,Pegalapalli
192386648,2498528,tl,Adavichambur
192386725,2498529,tl,Thantharlapalli
192386802,2498530,tl,Purnipalli
192386879,2498531,tl,Brahmanapalli
192387033,2498533,tl,Gunduvaripalle
192387341,2498537,tl,Ballasamudram
192387418,2498538,tl,Nadimpalle
192387726,2498542,tl,Kotaballapalli
192387803,2498543,tl,Raddipalli
192387880,2498544,tl,Chinnepalli
192388034,2498546,tl,Diguvapalli
192388111,2498547,tl,An Najd al `Ali
192388188,2498548,tl,Pataballapalli
192388265,2498549,tl,Koranelli
192388342,2498550,tl,Maldepalli
192388419,2498551,tl,Virathimmanahalli
192388573,2498553,tl,Nernipalli
192388650,2498554,tl,Kallukunte
192388727,2498555,tl,Hogalagere
192388804,2498556,tl,Gijiganahalli
192388881,2498557,tl,Pet Inn Ka Lay
192389035,2498559,tl,Dasarathimmanahalli
192389343,2498563,tl,Chokkareddipalli
192389497,2498565,tl,Dimbala
192389651,2498567,tl,Kotrakuli
192389805,2498569,tl,Devalapalli
192389882,2498570,tl,Imarakunte
192389959,2498571,tl,Hodali
192390036,2498572,tl,Chokkanahalli
192390190,2498574,tl,Muthakapalli
192390344,2498576,tl,Peddapalli
192390729,2498581,tl,Gottikunte
192390883,2498583,tl,Arikere
192390960,2498584,tl,Lalapur
192391114,2498586,tl,Yadarur
192391191,2498587,tl,Kattibisanahalli
192391268,2498588,tl,Sithareddipalli
192391345,2498589,tl,Kolatur
192391422,2498590,tl,Pindiginagara
192391499,2498591,tl,Aralakunte
192391807,2498595,tl,Achampalli
192391884,2498596,tl,Chinnapalli
192391961,2498597,tl,Boyipalli
192392038,2498598,tl,Agara
192392115,2498599,tl,Vadigepalli
192392346,2498602,tl,Karingi
192392500,2498604,tl,Bisavanhalli
192392731,2498607,tl,Koladevi
192392885,2498609,tl,Kondenahalli
192392962,2498610,tl,Gollahalli
192393039,2498611,tl,Harakanaikanahalli
192393347,2498615,tl,Gukunte
192393578,2498618,tl,Kallukere
192393963,2498623,tl,Chokkandlapalle
192394194,2498626,tl,Mirjepalle
192394425,2498629,tl,Gudduru
192394502,2498630,tl,Naganahalli
192394733,2498633,tl,Kallarasanahalli
192394810,2498634,tl,Honnikere
192395503,2498643,tl,Ganganahalli
192395811,2498647,tl,Dasarallahalli
192395888,2498648,tl,Kottapete
192395965,2498649,tl,Gollapalle
192396042,2498650,tl,Gollahalli
192396196,2498652,tl,Pujarahalli
192396350,2498654,tl,Iragamuttanahalli
192396658,2498658,tl,Bairakur
192396735,2498659,tl,Kurubarahalli
192396812,2498660,tl,Kempapura
192396889,2498661,tl,Yaluvahalli
192397043,2498663,tl,Balasandra
192397120,2498664,tl,Madaghatta
192397197,2498665,tl,Sangasandra
192397351,2498667,tl,Arahalli
192397505,2498669,tl,Balesettihalli
192397582,2498670,tl,Bestrahalli
192397659,2498671,tl,Mudiyanur
192397736,2498672,tl,Seshapura
192397890,2498674,tl,Kamasandra
192398044,2498676,tl,Pombarahalli
192398121,2498677,tl,Nallandahalli
192398275,2498679,tl,Uttanur
192398352,2498680,tl,Isukamitta
192398429,2498681,tl,Vaniganahalli
192398506,2498682,tl,Alaganahalli
192398814,2498686,tl,Kuthandahalli
192398891,2498687,tl,Rachabandahalli
192398968,2498688,tl,Kurudamele
192399045,2498689,tl,Siddaghatta
192399122,2498690,tl,Hosahalli
192399199,2498691,tl,Marandahalli
192399353,2498693,tl,Srirangapura
192399430,2498694,tl,Kenchanahalli
192399661,2498697,tl,Gangapura
192399738,2498698,tl,Maraheru
192399815,2498699,tl,Vaddahalli
192399892,2498700,tl,Chikkapadmaghatta
192399969,2498701,tl,Dodda Padmaghatta
192400046,2498702,tl,Tatikallu
192400123,2498703,tl,Halekoppa
192400200,2498704,tl,Bevuhalli
192400277,2498705,tl,Siddanahalli
192400431,2498707,tl,Yachanahalli
192400662,2498710,tl,Bachamakalhalli
192400739,2498711,tl,Batrahalli
192400816,2498712,tl,Alalasandra
192400893,2498713,tl,Darenahalli
192400970,2498714,tl,Segehalli
192401047,2498715,tl,Lingapura
192401201,2498717,tl,Yanadigollahalli
192401278,2498718,tl,Banahalli
192401586,2498722,tl,Meleri
192401663,2498723,tl,Gangarasanahalli
192401817,2498725,tl,Nallur
192401894,2498726,tl,Hanumanhalli
192401971,2498727,tl,Kottamangala
192402048,2498728,tl,Khadripura
192402202,2498730,tl,Chikka Bandahalli
192402279,2498731,tl,Mannenahalli
192402356,2498732,tl,Machchanahalli
192402510,2498734,tl,Alamgur
192402972,2498740,tl,Doddatammanahalli
192403126,2498742,tl,Palurahalli
192403203,2498743,tl,Nernahalli
192403588,2498748,tl,Doddaguttahalli
192403665,2498749,tl,Nagamangla
192403742,2498750,tl,Vajranagenahalli
192403819,2498751,tl,Chikkaguttahalli
192403896,2498752,tl,Bhattavarahalli
192404127,2498755,tl,Pulipapenahalli
192404204,2498756,tl,Kapabikkanahalli
192404281,2498757,tl,Timmapur
192404512,2498760,tl,Puttenahalli
192404743,2498763,tl,Belaganahalli
192404820,2498764,tl,Agrahara
192404897,2498765,tl,Dommasandra
192404974,2498766,tl,Ramaraokote
192405051,2498767,tl,Gottikunte
192405128,2498768,tl,Kilagani
192405282,2498770,tl,Kannasandra
192405359,2498771,tl,Karadiguru
192405436,2498772,tl,Melagani
192405513,2498773,tl,Kavanattanahalli
192405590,2498774,tl,Manchiganahalli
192405667,2498775,tl,Gumlapura
192405744,2498776,tl,Sangondahalli
192405821,2498777,tl,Kadakachchanahalli
192405898,2498778,tl,Chokkadoddi
192405975,2498779,tl,Yarraginnenahalli
192406206,2498782,tl,Vaddahalli
192406360,2498784,tl,Dodda Bandahalli
192406437,2498785,tl,Sonnavadi
192406514,2498786,tl,Kadripura
192406668,2498788,tl,Thoradi
192406822,2498790,tl,Settibanakanahalli
192406899,2498791,tl,Jogalakasti
192407130,2498794,tl,Padakasti
192407515,2498799,tl,Doddamadenahalli
192407669,2498801,tl,Ananthapur
192407746,2498802,tl,Jammanahalli
192407823,2498803,tl,Guttur
192407900,2498804,tl,Varadaganahalli
192408131,2498807,tl,Vijalapura
192408208,2498808,tl,Ganjakunte
192408285,2498809,tl,Cholagunte
192408362,2498810,tl,Avani
192408439,2498811,tl,Kasipura
192408516,2498812,tl,Kagganahalli
192408670,2498814,tl,Chitteri
192408747,2498815,tl,Channapura
192408824,2498816,tl,Reddyhalli
192408901,2498817,tl,Bandahalli
192409132,2498820,tl,Kurubarahalli
192409748,2498828,tl,Hosakere
192409979,2498831,tl,Kempapura
192410210,2498834,tl,Batlabavanahalli
192410287,2498835,tl,Ramenallur
192410441,2498837,tl,Yanadihalli
192410518,2498838,tl,Thambhalli
192410826,2498842,tl,Mallapanahalli
192410903,2498843,tl,Huthur
192411134,2498846,tl,Shahapur
192411288,2498848,tl,Holali
192411365,2498849,tl,Putteri
192411442,2498850,tl,Kiluholali
192411519,2498851,tl,Siresandra
192411673,2498853,tl,Argahara Somarasanahalli
192411750,2498854,tl,Nilakantapura
192411827,2498855,tl,Tambarahalli
192411904,2498856,tl,Kanganallur
192412058,2498858,tl,Maddinayakanahalli
192412135,2498859,tl,Jayamangala
192412212,2498860,tl,Badamakanhalli
192412443,2498863,tl,Kadiregaudanakote
192412597,2498865,tl,Chigarapura
192412982,2498870,tl,Nallur
192413136,2498872,tl,Gollahalli
192413213,2498873,tl,Timmasandra
192413521,2498877,tl,Kallikuppa
192413598,2498878,tl,Nokata
192413752,2498880,tl,Kottur
192413983,2498883,tl,Nagasandra
192414060,2498884,tl,Kurubarahalli
192414214,2498886,tl,Angondahalli
192414291,2498887,tl,Gopasandra
192414368,2498888,tl,Rampura
192414445,2498889,tl,Bhattrakuppa
192414522,2498890,tl,Marasandra
192414676,2498892,tl,Nayinahalli
192414753,2498893,tl,Siddaraddidinne
192414830,2498894,tl,Kavaraganahalli
192415215,2498899,tl,Nernahalli
192415292,2498900,tl,Betatkur
192415369,2498901,tl,Kondihalli
192415446,2498902,tl,Gennerahalli
192415600,2498904,tl,Koravenur
192415677,2498905,tl,Mittahalli
192415754,2498906,tl,Honaganahalli
192415831,2498907,tl,Belapanahalli
192415908,2498908,tl,Bommesandra
192415985,2498909,tl,Seshapura
192416139,2498911,tl,Mel Yayilur
192416216,2498912,tl,Sunnagur
192416524,2498916,tl,Madderi
192416601,2498917,tl,Somarasanahalli
192416755,2498919,tl,Krishnapur
192417217,2498925,tl,Tirumanahalli
192417294,2498926,tl,Sanyasipalli
192417602,2498930,tl,Kuppandahalli
192417679,2498931,tl,Appenahalli
192417756,2498932,tl,Kogilere
192418141,2498937,tl,Yalachepalli
192418218,2498938,tl,Gajulabavi
192418295,2498939,tl,Yadahalli
192418372,2498940,tl,Kuppampalya
192418526,2498942,tl,Gandhudihalli
192418680,2498944,tl,Hulkur
192419065,2498949,tl,Choudepalle
192419527,2498955,tl,Dayyalupalle
192419681,2498957,tl,Nakkanapalle
192419758,2498958,tl,Javunipalle
192419912,2498960,tl,Bairasandra
192420066,2498962,tl,Gajamarandahalli
192420143,2498963,tl,Kumadenahalli
192420297,2498965,tl,Reddihalli
192420374,2498966,tl,Timmaravattanahalli
192420451,2498967,tl,Mavattur
192420528,2498968,tl,Chintalagunta
192420682,2498970,tl,Vengasandra
192420759,2498971,tl,Petandahalli
192420836,2498972,tl,Kadenahalli
192420913,2498973,tl,Perammakanahalli
192421144,2498976,tl,Kerasamangala
192421221,2498977,tl,Kurubarahalli
192421298,2498978,tl,Surakunte
192421375,2498979,tl,Bakativaripalle
192421452,2498980,tl,Arantlapalli
192421529,2498981,tl,Avulavaripalle
192421606,2498982,tl,Chilakavaripalle
192422299,2498991,tl,Baranipalle
192422376,2498992,tl,Chinnapalle
192422453,2498993,tl,Chittemvaripalle
192422607,2498995,tl,Kuduvapalle
192422761,2498997,tl,Pujaganipalle
192422915,2498999,tl,Vepamakulapalle
192423223,2499003,tl,Peddathanda
192423531,2499007,tl,Ontimitta
192423685,2499009,tl,Yellaribayalu
192423762,2499010,tl,Bodivaripalle
192424147,2499015,tl,Gurujulavaripalle
192424224,2499016,tl,Motlapalle
192424378,2499018,tl,Mekalavaripalle
192424609,2499021,tl,Agestiganipalle
192424763,2499023,tl,Annipalle
192424917,2499025,tl,Kenganapalle
192424994,2499026,tl,Ellampalle
192425071,2499027,tl,Enamasamanapalle
192425225,2499029,tl,Guttakindapalle
192425302,2499030,tl,Chippilivaripalle
192425379,2499031,tl,Chinnaobanapalle
192425610,2499034,tl,Chedugutlapalle
192425841,2499037,tl,Karanamvandlapalle
192426457,2499045,tl,Kolimpalle
192426534,2499046,tl,Marrimakulapalle
192426842,2499050,tl,Atlavaripalle
192426996,2499052,tl,Dasarayyagaripalle
192427227,2499055,tl,Enganapalle
192427304,2499056,tl,Palyampalle
192427381,2499057,tl,Palageripalle
192427458,2499058,tl,Pornipenta
192427689,2499061,tl,Samireddipalle
192427843,2499063,tl,Chinnakampalle
192427997,2499065,tl,Parikidona
192428074,2499066,tl,Chavudaganipalle
192428228,2499068,tl,Gaddamvaripalle
192428382,2499070,tl,Battalapuram
192428536,2499072,tl,Kondamarri
192428613,2499073,tl,Nagireddipalle
192428844,2499076,tl,Avanigunta
192429229,2499081,tl,Chinnakondamarri
192429614,2499086,tl,Chitreddipalle
192429691,2499087,tl,Pandillapalle
192429768,2499088,tl,Ajjapalle
192429922,2499090,tl,Devaragudipalle
192429999,2499091,tl,Kottapalle
192430076,2499092,tl,Balasamudram
192430307,2499095,tl,Mudireddipalle
192430538,2499098,tl,Totakurapalle
192430692,2499100,tl,Chinnaketanapalle
192430846,2499102,tl,Bandamidapalle
192431000,2499104,tl,Gandlapalle
192431077,2499105,tl,Settipeta
192431154,2499106,tl,Errapalle
192431308,2499108,tl,Jangalapalle
192431462,2499110,tl,Charala
192431539,2499111,tl,Odulapeta
192431616,2499112,tl,Durgasamudram
192431770,2499114,tl,Mallasamudram
192431847,2499115,tl,Dadepalle
192431924,2499116,tl,Butakapalle
192432001,2499117,tl,Papisettypalle
192432078,2499118,tl,Chintakulapalle
192432155,2499119,tl,Chimparapalle
192432309,2499121,tl,Kantayyapalle
192432463,2499123,tl,Guttapalle
192432540,2499124,tl,Modugulapalle
192432617,2499125,tl,Moravabhimaganipalle
192432694,2499126,tl,Bhimaganipalle
192432848,2499128,tl,Rampalle
192432925,2499129,tl,Dandupalem
192433079,2499131,tl,Raganipalle
192433156,2499132,tl,Lokkunta
192433233,2499133,tl,Kallampalle
192433310,2499134,tl,Mallupalli
192433387,2499135,tl,Bayyanapalle
192433541,2499137,tl,Cherlopalle
192433618,2499138,tl,Boyapalle
192433695,2499139,tl,Katiperi
192433849,2499141,tl,Boyapalle
192434157,2499145,tl,Pudipatla
192434234,2499146,tl,Laddigam
192434311,2499147,tl,Gollapalle
192434388,2499148,tl,Chedalla
192434542,2499150,tl,Kondayyagaripalle
192434619,2499151,tl,Singamvandlapalle
192434696,2499152,tl,Konduru
192434850,2499154,tl,Yatavakili
192434927,2499155,tl,Kupparapalle
192435081,2499157,tl,Garigipalle
192435389,2499161,tl,Bodinayanipalle
192435543,2499163,tl,Krishnareddipalle
192435620,2499164,tl,Krishnapuram
192435697,2499165,tl,Malenattam
192435774,2499166,tl,Bagepalle
192436082,2499170,tl,Kallupalle
192436313,2499173,tl,Kotturu
192436467,2499175,tl,Mangalam
192436544,2499176,tl,Jangalapalle
192436621,2499177,tl,Vanganipalle
192436775,2499179,tl,Kurappalli
192436852,2499180,tl,Gundlapalle
192436929,2499181,tl,Mittakembadi
192437083,2499183,tl,Bairemangalam
192437160,2499184,tl,Mardanapalle
192437314,2499186,tl,Gopisettipalle
192437468,2499188,tl,Appiganapalle
192437545,2499189,tl,Magandlapalle
192437622,2499190,tl,Obireddipalle
192437699,2499191,tl,Eduru
192437853,2499193,tl,Vanamaladinne
192438007,2499195,tl,Kotturu
192438084,2499196,tl,Ammiganipalle
192438161,2499197,tl,Kondamdoddi
192438238,2499198,tl,Alajaneru
192438315,2499199,tl,Siddareddipalle
192438392,2499200,tl,Kummarikunta
192438700,2499204,tl,Kirumani
192438777,2499205,tl,Naganahalli
192438931,2499207,tl,Punyahalli
192439008,2499208,tl,Bangavadi
192439162,2499210,tl,Peddakondacherla
192439316,2499212,tl,Kurappalle
192439393,2499213,tl,Chinnakondacherla
192439547,2499215,tl,Hebbani
192439855,2499219,tl,Sampalle
192439932,2499220,tl,Rajapalle
192440009,2499221,tl,Sunnapalle
192440317,2499225,tl,Singirigunta
192440394,2499226,tl,Pichigundlapalle
192440471,2499227,tl,Kondiganipalle
192440625,2499229,tl,Daserlapalle
192440702,2499230,tl,Chimanapalle
192440856,2499232,tl,Kuravapalle
192440933,2499233,tl,Battamdoddi
192441010,2499234,tl,Banakamdoddi
192441087,2499235,tl,Kotturu
192441241,2499237,tl,Basapuram
192441318,2499238,tl,Kapalem Mittapalle
192441395,2499239,tl,Kondasamudram
192441626,2499242,tl,Penchupalle
192441780,2499244,tl,Ettur
192441934,2499246,tl,Kottapalle
192442011,2499247,tl,Nallurupalle
192442242,2499250,tl,Morampalli
192442319,2499251,tl,Burravaripalle
192442396,2499252,tl,Dharmavarampalle
192442473,2499253,tl,Angutotapalle
192442627,2499255,tl,Kunchanapalle
192442704,2499256,tl,Mangapalle
192442781,2499257,tl,Itukanellur
192443089,2499261,tl,Battalapuram
192443166,2499262,tl,Kotturu
192443243,2499263,tl,Turlapalle
192443320,2499264,tl,Kelavati
192443397,2499265,tl,Erratimmanapalle
192443474,2499266,tl,Gundlapalle
192443705,2499269,tl,Kolatturu
192443859,2499271,tl,Chennareddipalle
192444013,2499273,tl,Voddapalle
192444167,2499275,tl,Gavunivaripalle
192444244,2499276,tl,Nadimpalle
192444475,2499279,tl,Nagireddipalle
192444552,2499280,tl,Lingamnayanipalle
192444629,2499281,tl,Marripalle
192444937,2499285,tl,Bandlapalle
192445014,2499286,tl,Peddavelagatur
192445091,2499287,tl,Chinna Velagaturu
192445168,2499288,tl,Kammanayanipalle
192445245,2499289,tl,Karasanepalle
192445322,2499290,tl,Mittapalle
192445476,2499292,tl,Jangalapalli
192445553,2499293,tl,Pedda Arekunta
192445707,2499295,tl,Gurivireddypalle
192445784,2499296,tl,Chinna Arekunta
192445861,2499297,tl,Dasarampalle
192446015,2499299,tl,Lingapuram
192446092,2499300,tl,Gaddamvaripalle
192446323,2499303,tl,Polepalle
192446400,2499304,tl,Nernipalle
192446477,2499305,tl,Ammarajupalle
192446785,2499309,tl,Chamarajupalle
192447016,2499312,tl,Rachapalle
192447170,2499314,tl,Peddapanjani
192447401,2499317,tl,Maddalkunta
192447478,2499318,tl,Chikaladinnepalle
192447555,2499319,tl,Gallaripalle
192447632,2499320,tl,Palempalle
192447709,2499321,tl,Nelapalle
192447940,2499324,tl,Guttivaripalle
192448017,2499325,tl,Gudipalle
192448402,2499330,tl,Chelamangalam
192448556,2499332,tl,Basavarajukandriga
192448633,2499333,tl,Chinnamanayanipalle
192448787,2499335,tl,Kallupalle
192448864,2499336,tl,Yellampalle
192448941,2499337,tl,Kogileru
192449018,2499338,tl,Puttaganipalle
192449403,2499343,tl,Venkatapura
192449480,2499344,tl,Chowdanahalli
192449557,2499345,tl,Sigehosahalli
192449788,2499348,tl,Kukkaldoddi
192449865,2499349,tl,Kagganahalli
192450173,2499353,tl,Gandrajupalle
192450327,2499355,tl,Anantapuram
192450481,2499357,tl,Upparahalli
192450789,2499361,tl,Peddur
192451174,2499366,tl,Bytanur
192451251,2499367,tl,Jallapalli
192451405,2499369,tl,Gundugallu
192451482,2499370,tl,Bommanapalle
192451559,2499371,tl,Patagundugallu
192451636,2499372,tl,Chinnappareddipalle
192451713,2499373,tl,Marjepalle
192451790,2499374,tl,Pasupatturu
192451944,2499376,tl,Chimaganipalle
192452175,2499379,tl,Kurapalle
192452329,2499381,tl,Appinapalle
192452483,2499383,tl,Sivadi
192452560,2499384,tl,Bandarlapalle
192452637,2499385,tl,Gonumakulapalle
192452714,2499386,tl,Bommarajupalle
192452791,2499387,tl,Madurampalle
192452868,2499388,tl,Kanganambanda
192452945,2499389,tl,Nidigunta
192453022,2499390,tl,Kilapalle
192453099,2499391,tl,Balepalle
192453176,2499392,tl,Saramtlapalle
192453330,2499394,tl,Peddinayanipalle
192453407,2499395,tl,Marlopalle
192453484,2499396,tl,Tattireddipalle
192453561,2499397,tl,Ulligunta
192453869,2499401,tl,Bestavanipalle
192453946,2499402,tl,Atukurallapalle
192454023,2499403,tl,Govindasettypalle
192454100,2499404,tl,Kurapalle
192454177,2499405,tl,Chinnareddipalle
192454254,2499406,tl,Battalapalle
192454485,2499409,tl,Nagireddipalle
192454562,2499410,tl,Eduru
192454639,2499411,tl,Tallapalle
192454793,2499413,tl,Tamireddipalle
192455178,2499418,tl,Mailapura
192455255,2499419,tl,Ramachandrapura
192455486,2499422,tl,Dasallapalle
192455640,2499424,tl,Jambuguttapalle
192455794,2499426,tl,Kasuvuganahalli
192455948,2499428,tl,Dandapalle
192456025,2499429,tl,Gundlapalle
192456179,2499431,tl,Melumayi
192456487,2499435,tl,Motagapalle
192456564,2499436,tl,Maredupalle
192456641,2499437,tl,Chillavaripalle
192456718,2499438,tl,Kurnipalle
192456795,2499439,tl,Gangavaram
192457180,2499444,tl,Jidimakulapalle
192457334,2499446,tl,Kurapalle
192457411,2499447,tl,Kanchireddipalle
192457488,2499448,tl,Mamadugu
192457719,2499451,tl,Nakkapalle
192457796,2499452,tl,Ranginayanipalle
192457873,2499453,tl,Moram
192458104,2499456,tl,Kurappalle
192458181,2499457,tl,Jallipeta
192458335,2499459,tl,Tavadapalle
192458412,2499460,tl,Mudiyarpalle
192458797,2499465,tl,Bommidoddi
192458874,2499466,tl,Ramapuram
192459259,2499471,tl,Samudrapalle
192459644,2499476,tl,Gundlapalle
192459721,2499477,tl,Errakondapalle
192459875,2499479,tl,Palamakulapalle
192460029,2499481,tl,Motlapalle
192460106,2499482,tl,Karidimadugu
192460260,2499484,tl,Chettapenta
192460337,2499485,tl,Virupakshipuram
192460414,2499486,tl,Chappidipalle
192460491,2499487,tl,Gangapuram
192460645,2499489,tl,Belupalle
192460722,2499490,tl,Korumakulapalle
192460876,2499492,tl,Burisettipalle
192460953,2499493,tl,Mekalanagireddipalle
192461030,2499494,tl,Dharmapuri
192461261,2499497,tl,Gaddindlu
192461415,2499499,tl,Gollachimanapalle
192461492,2499500,tl,Mittapalle
192461569,2499501,tl,Nachukuppam
192461646,2499502,tl,Muganapalle
192461723,2499503,tl,Alapalle
192461877,2499505,tl,Gaddur
192462108,2499508,tl,Sanipalle
192462185,2499509,tl,Kaigallu
192462262,2499510,tl,Ragavapalle
192462339,2499511,tl,Totakanama
192462416,2499512,tl,Mornapalle
192462493,2499513,tl,Potanapalle
192462570,2499514,tl,Appakondahalli
192462647,2499515,tl,Yatturahalli
192462878,2499518,tl,Pacharamakulapalle
192462955,2499519,tl,Komaramadugu
192463032,2499520,tl,Nagireddipalle
192463109,2499521,tl,Venkatapalle
192463340,2499524,tl,Ad Dirah
192463417,2499525,tl,Krishnapuram
192463494,2499526,tl,Kodagallu
192463571,2499527,tl,Mottapalle
192463725,2499529,tl,Tettu
192463802,2499530,tl,Gonumakulapalle
192463879,2499531,tl,Marrimakulapalle
192463956,2499532,tl,Kumbarlapalle
192464033,2499533,tl,Bodiguttapalle
192464110,2499534,tl,Errampalle
192464341,2499537,tl,Verinagepalle
192464418,2499538,tl,Kuppanapalle
192464572,2499540,tl,Paturunattam
192464649,2499541,tl,Patapeta
192464803,2499543,tl,Engamaripalle
192464880,2499544,tl,Kadatotapalle
192464957,2499545,tl,Chikkanapalle
192465111,2499547,tl,Patnapalle
192465265,2499549,tl,Chelaganipalle
192465419,2499551,tl,Chinnpuram
192465650,2499554,tl,Peddapuram
192465727,2499555,tl,Kanchanapalle
192465804,2499556,tl,Lakkanapalle
192465881,2499557,tl,Kaminayanipalle
192465958,2499558,tl,Ramanapalle
192466420,2499564,tl,Nagireddipalle
192466651,2499567,tl,Jolarpalle
192466805,2499569,tl,Mittapalle
192466882,2499570,tl,Kammanapalle
192467190,2499574,tl,Gaunitimmepalle
192467267,2499575,tl,Kakkanur
192467421,2499577,tl,Nellipatla
192467575,2499579,tl,Timmayyagaripalle
192467652,2499580,tl,Nallaguttapalle
192468037,2499585,tl,Kokkalur
192468114,2499586,tl,Virisettipalle
192468268,2499588,tl,Ghoraghat Khaira
192468345,2499589,tl,Bairiya
192468422,2499590,tl,Manchagwan
192468499,2499591,tl,Sakhuani
192468576,2499592,tl,Dumri
192468653,2499593,tl,Bagahi
192468730,2499594,tl,Bakri Pachrukhiya
192468807,2499595,tl,Singahi
192468961,2499597,tl,Bakhraha
192469115,2499599,tl,Chamardih Bargaon
192469192,2499600,tl,Bakwa
192469269,2499601,tl,Parsauni
192469346,2499602,tl,Pokharia
192469423,2499603,tl,Bairiya
192469500,2499604,tl,Belwa
192469577,2499605,tl,Parsa
192469654,2499606,tl,Barharwa
192469731,2499607,tl,Sherpur
192469808,2499608,tl,Sirsia
192470039,2499611,tl,Bankatwa
192470193,2499613,tl,Matiaria
192470270,2499614,tl,Mahuawa
192470347,2499615,tl,Parsa
192470424,2499616,tl,Jamhauli
192470501,2499617,tl,Pirari
192470578,2499618,tl,Mandiha
192470655,2499619,tl,Bakhri
192470732,2499620,tl,Bajni
192470809,2499621,tl,Dumri
192470963,2499623,tl,Sithi
192471040,2499624,tl,Bijaypur
192471117,2499625,tl,Kachkahar
192471194,2499626,tl,Tahkaul
192471271,2499627,tl,Gamharia
192471425,2499629,tl,Baswaria
192471502,2499630,tl,Harpur
192471579,2499631,tl,Pakri Kalan
192471656,2499632,tl,Pakri Khurd
192471733,2499633,tl,Matihani
192471810,2499634,tl,Kohargari
192471887,2499635,tl,Mahui
192472041,2499637,tl,Bahlolpur
192472272,2499640,tl,Sarari
192472349,2499641,tl,Yamdipur
192472426,2499642,tl,Hetanpur
192472657,2499645,tl,Mukhtarpur
192472734,2499646,tl,Chak Eso
192472811,2499647,tl,Majlispur
192472888,2499648,tl,Alipur Hatta
192472965,2499649,tl,Hasanpur Juned
192473042,2499650,tl,Bagh Nocha
192473119,2499651,tl,Lawapur Narayan
192473196,2499652,tl,Inayatpur
192473273,2499653,tl,Dhamaun
192473350,2499654,tl,Chandpur
192473427,2499655,tl,Madhopur
192473504,2499656,tl,Lawapur Mehnar
192473735,2499659,tl,Gorgawan
192473812,2499660,tl,Jagarnathpur
192473966,2499662,tl,Phatikwara
192474043,2499663,tl,Chamrahra
192474120,2499664,tl,Darabpur
192474197,2499665,tl,Bishunpur Ghosi
192474351,2499667,tl,Basdeopur
192474428,2499668,tl,Lodipur Phatikwara
192474505,2499669,tl,Ashrafpur Supaul
192474582,2499670,tl,Sirdilpur
192474736,2499672,tl,Tara Dhamaun
192475198,2499678,tl,Karnauti
192475275,2499679,tl,Sheikhpura
192475352,2499680,tl,Marai
192475429,2499681,tl,Jagdispur Sahas
192475583,2499683,tl,Manikpatti
192475660,2499684,tl,Sarmastpur
192475891,2499687,tl,Jalalpur
192475968,2499688,tl,Thanpur
192476045,2499689,tl,Naurangpur
192476122,2499690,tl,Muhammadpur Pohiar
192476199,2499691,tl,Derhpura
192476276,2499692,tl,Saraita Pohiari
192476353,2499693,tl,Jaoj
192476430,2499694,tl,Mamsai
192476661,2499697,tl,Kalapahar
192476738,2499698,tl,Sarai Sheikh Alam
192476815,2499699,tl,Jhammanganj
192476892,2499700,tl,Mahindwara
192477046,2499702,tl,Chak Mohiuddin
192477123,2499703,tl,Rampur Chak Lala
192477200,2499704,tl,Chak Faridabad
192477277,2499705,tl,Hirpur
192477354,2499706,tl,Arniya
192477431,2499707,tl,Pirapur
192477508,2499708,tl,Bishunpatti
192477585,2499709,tl,Chand Sarai
192477893,2499713,tl,Loma
192478355,2499719,tl,Chak Ahsan
192478432,2499720,tl,Madhopur
192478509,2499721,tl,Mahpura
192478586,2499722,tl,Murtazapur Makund
192478663,2499723,tl,Larua
192478817,2499725,tl,Dadanpur
192478894,2499726,tl,Pachbhinda
192479202,2499730,tl,Kumaiya
192479356,2499732,tl,Halai
192479818,2499738,tl,Hasanpur Kandhpakar
192480049,2499741,tl,Keshonarayanpur
192480126,2499742,tl,Paharpur
192480357,2499745,tl,Rasulpur
192480434,2499746,tl,Jan Muhammadpur
192480742,2499750,tl,Bonddih Asli
192480819,2499751,tl,Husainipur
192480896,2499752,tl,Bhagwatipur
192481050,2499754,tl,Chak Bheli
192481127,2499755,tl,Darwa
192481281,2499757,tl,Maricha
192481358,2499758,tl,Malpur
192481435,2499759,tl,Jorpura
192481512,2499760,tl,Hawaspur
192481589,2499761,tl,Chak Salim
192481666,2499762,tl,Bishumpur Paharpur
192481743,2499763,tl,Shahpur Undi
192481897,2499765,tl,Bhaua
192481974,2499766,tl,Lodipur
192482051,2499767,tl,Sultanpur Chhaurahi
192482128,2499768,tl,Bahadurpur Patori
192482359,2499771,tl,Iman Saraiya
192482513,2499773,tl,Hatharua
192482667,2499775,tl,Ismailpur
192482744,2499776,tl,Lagunia
192482898,2499778,tl,Sangrampur
192482975,2499779,tl,Rupauli Chausima
192483129,2499781,tl,Hazrat Shiura
192483206,2499782,tl,Adalpur
192483514,2499786,tl,Nandi Parsuram
192483745,2499789,tl,Saidpur
192483822,2499790,tl,Dumduma
192483976,2499792,tl,Hemanpur
192484053,2499793,tl,Bahadur Chak
192484207,2499795,tl,Barhampura
192484284,2499796,tl,Mohanpur
192484361,2499797,tl,Baghra
192484438,2499798,tl,Dumri
192484515,2499799,tl,Bingawan
192484592,2499800,tl,Sarhad Madho
192484669,2499801,tl,Adlalpur
192484823,2499803,tl,Ramchandrapur
192484977,2499805,tl,Jalalpur
192485054,2499806,tl,Shahpur Barat
192485285,2499809,tl,Hasni
192486209,2499821,tl,Rajepur
192487056,2499832,tl,Chapar
192487826,2499842,tl,Ghatatoli
192487903,2499843,tl,Raspur Patasia
192488134,2499846,tl,Muhammadipur
192488442,2499850,tl,Tetarpur
192488519,2499851,tl,Nawada
192488596,2499852,tl,Manjha
192488673,2499853,tl,Rahepur
192488750,2499854,tl,Madudabad
192488827,2499855,tl,Narayanpur
192489135,2499859,tl,Rajajan
192489289,2499861,tl,Hazratpur
192489520,2499864,tl,Barhauna
192489597,2499865,tl,Madsudanpur
192489905,2499869,tl,Hetimpur
192490213,2499873,tl,Chak Umar
192490290,2499874,tl,Bangraha
192490598,2499878,tl,Sothiawan
192490675,2499879,tl,Khedarpur
192490829,2499881,tl,Kancha
192491060,2499884,tl,Musapur
192491137,2499885,tl,Bahadurpur Amauli
192491214,2499886,tl,Manikpur
192491291,2499887,tl,Balbahadurpur Mahsi
192491368,2499888,tl,Raipur Buzurg
192491445,2499889,tl,Ahmadpur
192491522,2499890,tl,Gangsara
192491676,2499892,tl,Chak Allahdad
192491753,2499893,tl,Dharampur
192491830,2499894,tl,Khajuri
192491907,2499895,tl,Chakwa
192492138,2499898,tl,Mahuli Damodar
192492215,2499899,tl,Udaipur
192492292,2499900,tl,Sarangpur
192492369,2499901,tl,Harlochanpur
192492677,2499905,tl,Surajpur
192492985,2499909,tl,Bishunpur Yusuf
192493062,2499910,tl,Khesraha
192493216,2499912,tl,Tanra
192493370,2499914,tl,Araia
192493678,2499918,tl,Banbira
192493755,2499919,tl,Narghoghi
192494371,2499927,tl,Tirmalshettihalli
192494756,2499932,tl,Harohalli
192494987,2499935,tl,Gulkaipur
192495218,2499938,tl,Jantgondanhalli
192495295,2499939,tl,Nekkund Domsandra
192495603,2499943,tl,Ramnaikanahalli
192495680,2499944,tl,Neriga
192495757,2499945,tl,Chikanhalli
192495911,2499947,tl,Madappanhalli
192496142,2499950,tl,Dommasandra
192496373,2499953,tl,Chikdasarhalli
192496527,2499955,tl,Mahalchauadenhalli
192496758,2499958,tl,Hoshalli
192497066,2499962,tl,Bikanhalli
192497220,2499964,tl,Sollepura
192497297,2499965,tl,Handenhalli
192497913,2499973,tl,Gonur
192498144,2499976,tl,Chudgondanhalli
192498221,2499977,tl,Channigarayapura
192498298,2499978,tl,Kodihalli
192498375,2499979,tl,Mangapura
192498529,2499981,tl,Bingipura
192498606,2499982,tl,Timmanaikanhalli
192498760,2499984,tl,Arleri
192498837,2499985,tl,Kuntenahalli
192499145,2499989,tl,Noshigeri
192499222,2499990,tl,Pursanhalli
192499299,2499991,tl,Huralgere
192499376,2499992,tl,Channakal
192499453,2499993,tl,Yarapashettihalli
192499607,2499995,tl,Sonuru
192499761,2499997,tl,Satyamangalam
192499838,2499998,tl,Narigapuram
192499915,2499999,tl,Nandimangalam
192499992,2500000,tl,Mugalpalli
192500223,2500003,tl,Tummanapalli
192500300,2500004,tl,Adavanapalli
192500762,2500010,tl,Devisettipalli
192500839,2500011,tl,Perumalapalli
192500916,2500012,tl,Alur
192500993,2500013,tl,Baliganapalli
192501070,2500014,tl,Oddapalli
192501147,2500015,tl,Devirapalli
192501224,2500016,tl,Tarabahalli
192501301,2500017,tl,Siddanhalli
192501378,2500018,tl,Tattanapalli
192501686,2500022,tl,Attur
192501763,2500023,tl,Mallasandiram
192501840,2500024,tl,Bantahalli
192501917,2500025,tl,Benagatta
192501994,2500026,tl,Ganagondapalli
192502148,2500028,tl,Eluvapalli
192502225,2500029,tl,Gandalapalli
192502379,2500031,tl,Amutugondapalli
192502764,2500036,tl,Kesargeri
192502841,2500037,tl,Chavarmangala
192502918,2500038,tl,Mirpanhalli
192502995,2500039,tl,Bittanhalli
192503072,2500040,tl,Sugondanhalli
192503149,2500041,tl,Vanamangalam
192503226,2500042,tl,Halehalli
192503380,2500044,tl,Midithayapalli
192503457,2500045,tl,Upparhalli
192503688,2500048,tl,Anikarhalli
192503765,2500049,tl,Alasapalli
192503842,2500050,tl,Bhairandoddi
192503996,2500052,tl,Mensandoddi
192504073,2500053,tl,Attimugam
192504150,2500054,tl,Mukkalapalli
192504381,2500057,tl,Mahadevapuram
192504458,2500058,tl,Narasapuram
192504535,2500059,tl,Kadadanhalli
192504612,2500060,tl,Mailandhalli
192504689,2500061,tl,Nariganhalli
192504843,2500063,tl,Halkempanhalli
192505074,2500066,tl,Upparapalli
192505151,2500067,tl,Medhatti
192505228,2500068,tl,Sonnappanhalli
192505305,2500069,tl,Kodaginbele
192505459,2500071,tl,Dinneri
192505690,2500074,tl,Santehalli
192506152,2500080,tl,Padavanhalli
192506229,2500081,tl,Dadenaikandoddi
192506306,2500082,tl,Nagondhalli
192506460,2500084,tl,Aranagatta
192506537,2500085,tl,Gonurkoppa
192506614,2500086,tl,Balaganhalli
192506691,2500087,tl,Indumangala
192506768,2500088,tl,Chalaganhalli
192506845,2500089,tl,Kadavanpur
192506999,2500091,tl,Bupanapalli
192507230,2500094,tl,Nagapura
192507461,2500097,tl,Matanhalli
192507538,2500098,tl,Gundur
192507846,2500102,tl,Eluvapalli
192507923,2500103,tl,Sokkanathapuram
192508000,2500104,tl,Kaganur
192508231,2500107,tl,Ganagalur
192508462,2500110,tl,Tiravaranga
192508539,2500111,tl,Byalhalli
192508616,2500112,tl,Sevaganapalli
192509001,2500117,tl,Mugalur
192509078,2500118,tl,Panditan Agrahar
192509155,2500119,tl,Banhalli
192509386,2500122,tl,Kugur
192509540,2500124,tl,Jujuvadi
192509617,2500125,tl,Chikkanhalli
192509771,2500127,tl,Bhaktipura
192511080,2500144,tl,Narsapur
192511157,2500145,tl,Bagur
192511465,2500149,tl,Mukondapalli
192511696,2500152,tl,Pedda Elasagiri
192511773,2500153,tl,Madivalam
192511850,2500154,tl,Belattur
192512004,2500156,tl,Sampangeri
192512158,2500158,tl,Kanimangalam
192512235,2500159,tl,Jimangalam
192512389,2500161,tl,Venkatrayapuram
192512466,2500162,tl,Laksandra
192512543,2500163,tl,Alambadi
192512620,2500164,tl,Jagadenhalli
192512697,2500165,tl,Anchimuskuru
192513005,2500169,tl,Kalkere
192513390,2500174,tl,Mavattur
192513775,2500179,tl,Kempasandiram
192513929,2500181,tl,Marasandiram
192514083,2500183,tl,Avalepalli
192514160,2500184,tl,Sittinapalli
192514237,2500185,tl,Chennasandiram
192514853,2500193,tl,Kanekallu
192515084,2500196,tl,Kalkunte Agrahar
192515238,2500198,tl,Handenhalli
192515623,2500203,tl,Banarhalli
192515777,2500205,tl,Arsanhalli
192515854,2500206,tl,Lakkur
192515931,2500207,tl,Kadmutsandra
192516085,2500209,tl,Pura
192516316,2500212,tl,Marsandra
192516393,2500213,tl,Somalapur
192516470,2500214,tl,Madanhatti
192516624,2500216,tl,Kodur
192516701,2500217,tl,Rampura
192516778,2500218,tl,Talakunte
192517009,2500221,tl,Harohalli
192517163,2500223,tl,Soraguriki
192517856,2500232,tl,Samandur
192518087,2500235,tl,Dasimpalli
192518241,2500237,tl,Andivadi
192518472,2500240,tl,Medapalli
192518703,2500243,tl,Kalugondapalli
192518780,2500244,tl,Chinnaagraharam
192519011,2500247,tl,Gopanapalli
192519165,2500249,tl,Pyaragapalli
192519319,2500251,tl,Sonnepuram
192519627,2500255,tl,Hanumantapuram
192519704,2500256,tl,Oddarpalaiyam
192519858,2500258,tl,Devagondapalli
192520166,2500262,tl,Onnupalli
192520320,2500264,tl,Vanamangalam
192520474,2500266,tl,Panchakshipuram
192520859,2500271,tl,Koratagiri
192521090,2500274,tl,Tandarai
192521167,2500275,tl,Kasi Agraharam
192521244,2500276,tl,Belur
192521321,2500277,tl,Onnupalli
192521398,2500278,tl,Bandesavuram
192521475,2500279,tl,Alenattam
192521629,2500281,tl,Enneswaram
192521706,2500282,tl,Doddabennangur
192521783,2500283,tl,Marudanapalli
192521937,2500285,tl,Ispatpalli
192522014,2500286,tl,Devareddypalayam
192522245,2500289,tl,Arasakuppam
192522553,2500293,tl,Bajjepalli
192522630,2500294,tl,Rangasandiram
192522938,2500298,tl,Geratti
192523015,2500299,tl,Tavarakarai
192523785,2500309,tl,Timmasandiram
192523939,2500311,tl,Magadi
192524170,2500314,tl,Benisipalli
192524247,2500315,tl,Kalikopasandiram
192524709,2500321,tl,Jangalpalayam
192524863,2500323,tl,Mallasandram
192525479,2500331,tl,Chinahatti
192525556,2500332,tl,Gopasandiram
192525633,2500333,tl,Venkatapuram
192525864,2500336,tl,Mugalur
192525941,2500337,tl,Hosapuram
192526557,2500345,tl,Gulisandiram
192526865,2500349,tl,Edapalli
192527096,2500352,tl,Sudugondapalli
192527173,2500353,tl,Aggondapalli
192529406,2500382,tl,Tammanayakanapalli
192530484,2500396,tl,Gudisadamapalli
192530638,2500398,tl,Karugondapalli
192530715,2500399,tl,Gollapalli
192530792,2500400,tl,Bairamangalam
192530869,2500401,tl,Tammandrapalli
192531023,2500403,tl,Sanamavu
192531100,2500404,tl,Kommepalli
192531485,2500409,tl,Kar Uddanappalli
192531562,2500410,tl,Anchetti Durgam
192531716,2500412,tl,Hanumantapuram
192531793,2500413,tl,Tavarakarai
192531947,2500415,tl,Jakkeri
192532024,2500416,tl,Anusunai
192532178,2500418,tl,Konesandiram
192532332,2500420,tl,Kemmapalli
192532717,2500425,tl,Narpanatti
192532871,2500427,tl,Kurubarapalli
192532948,2500428,tl,Kottapalli
192533564,2500436,tl,Kudur
192533795,2500439,tl,Varaganapalli
192533949,2500441,tl,Nagamangalam
192534103,2500443,tl,Nilagiri
192534257,2500445,tl,Irutalam
192534334,2500446,tl,Dasanapuram
192534488,2500448,tl,Tiyaranadurgam
192534642,2500450,tl,Kottur
192534719,2500451,tl,Lalikkal
192534873,2500453,tl,Obepalayam
192534950,2500454,tl,Tuppuganapalli
192535335,2500459,tl,Yaganpalli
192535412,2500460,tl,Nayaganapalli
192535951,2500467,tl,Oddarpalaiyam
192536182,2500470,tl,Gengapuram
192536336,2500472,tl,Dinnur
192536490,2500474,tl,Alur
192536721,2500477,tl,Dasanapuram
192536798,2500478,tl,Tippepalli
192536875,2500479,tl,Abari
192537106,2500482,tl,Sempatti
192537183,2500483,tl,Ankepalli
192537414,2500486,tl,Attur
192537568,2500488,tl,Begli
192537722,2500490,tl,Punnagaram
192537799,2500491,tl,Gollahalli
192537876,2500492,tl,Palanapalli
192538030,2500494,tl,Timmasandiram
192538184,2500496,tl,Bimanappalli
192538338,2500498,tl,Kotta Kota
192538415,2500499,tl,Alasapalli
192538492,2500500,tl,Saint Pauls
192538569,2500501,tl,Kotatti
192538723,2500503,tl,Doripalli
192538954,2500506,tl,Kanalatti
192539185,2500509,tl,Varadapuram
192539262,2500510,tl,Nallaganakottapalli
192540109,2500521,tl,Kempiranapalli
192540186,2500522,tl,Bellatti
192540263,2500523,tl,Dinnur
192540340,2500524,tl,Krishnamma Kottur
192540802,2500530,tl,Samanapalli
192540956,2500532,tl,Ettipalli
192541110,2500534,tl,Venkatesapuram
192541341,2500537,tl,Ullatti
192541572,2500540,tl,Karadikuttai
192541957,2500545,tl,Bendarapalli
192542034,2500546,tl,Mettrai
192542573,2500553,tl,Chinna Ullugurikki
192542804,2500556,tl,Adakkam
192542958,2500558,tl,Ullatti
192543266,2500562,tl,Matamattigiri
192543497,2500565,tl,Maragutta
192543805,2500569,tl,Krishnapuram
192543882,2500570,tl,Enimuchandiram
192543959,2500571,tl,Kongusettipalli
192544036,2500572,tl,Hanumantapuram
192544190,2500574,tl,Belur
192544267,2500575,tl,Maniambadi
192544575,2500579,tl,Giriyanapalli
192544729,2500581,tl,Bikkanapalli
192544806,2500582,tl,Ommadapalli
192544883,2500583,tl,Kolatti
192544960,2500584,tl,Salivaram
192545037,2500585,tl,Ramasandiram
192545268,2500588,tl,Venkatepuram
192545730,2500594,tl,Sivanpalli
192546423,2500603,tl,Doddamanchi
192546577,2500605,tl,Thimmathur
192547116,2500612,tl,Chikkamanchi
192547193,2500613,tl,Giriyapanur
192547270,2500614,tl,Beliatti
192548502,2500630,tl,Erudukottai
192548810,2500634,tl,Santanapalli
192549272,2500640,tl,Pedda Butikottai
192549426,2500642,tl,Jarkalatti
192549965,2500649,tl,Nellukuntti
192550042,2500650,tl,Arasajjur
192550196,2500652,tl,Aiyur
192550350,2500654,tl,Javanasandiram
192550658,2500658,tl,Sitapuram
192551582,2500670,tl,Kochiyur
192551967,2500675,tl,Erimalai
192552198,2500678,tl,Bettamugalalam
192552506,2500682,tl,Chinnakallupalli
192552968,2500688,tl,Kuttandahalli
192553353,2500693,tl,Sengadu
192553507,2500695,tl,Palayam
192553584,2500696,tl,Eripanchapalli
192553661,2500697,tl,Namandahalli
192553815,2500699,tl,Periyanur
192554046,2500702,tl,Attimutlu
192554123,2500703,tl,Chinnabattagandahalli
192554277,2500705,tl,Agaram
192554431,2500707,tl,Bannihalli
192554816,2500712,tl,Sastramutlu
192554970,2500714,tl,Belluhalli
192555047,2500715,tl,Tirumalavadi
192555201,2500717,tl,Belamaranahalli
192555355,2500719,tl,Semmanahalli
192555740,2500724,tl,Samunur
192555817,2500725,tl,Tattasandiram
192556279,2500731,tl,Chinnappanallur
192556741,2500737,tl,Errakamanahalli
192556895,2500739,tl,Sidumanahalli
192557126,2500742,tl,Ajjanahalli
192557280,2500744,tl,Murgilmaduvu
192557896,2500752,tl,Agraharam
192558050,2500754,tl,Alepuram
192558204,2500756,tl,Mallapuram
192558897,2500765,tl,Koppulur
192559359,2500771,tl,Senganur
192559744,2500776,tl,Satyanathapuram
192559821,2500777,tl,Mangarai
192559975,2500779,tl,Chinnapallathur
192560129,2500781,tl,Anaikallanur
192560206,2500782,tl,Kodiyur
192560437,2500785,tl,Paruvadanahalli
192560976,2500792,tl,Rangapuram
192561053,2500793,tl,Markarampatti
192561130,2500794,tl,Naganampatti
192561515,2500799,tl,Anjehalli
192561977,2500805,tl,Pullapatti
192562362,2500810,tl,Pennaganahalli
192562439,2500811,tl,Thinnur
192562593,2500813,tl,Kalegoundenur
192562901,2500817,tl,Errabeyanahalli
192562978,2500818,tl,Nekkundi
192563132,2500820,tl,Poduppatti
192563363,2500823,tl,Rasiravuttanhalli
192563517,2500825,tl,Chinnampalli
192563671,2500827,tl,Karibyanahalli
192563825,2500829,tl,Erupalli
192563979,2500831,tl,Nagadasampatti
192564210,2500834,tl,Periyur
192564364,2500836,tl,Pallimuttanur
192564441,2500837,tl,Bommilingam
192564518,2500838,tl,Velagalapaya
192565057,2500845,tl,Eguvacherlopalle
192565211,2500847,tl,Tumalabayalu
192565365,2500849,tl,Chakanhalli
192565519,2500851,tl,Tirumalhatti
192565904,2500856,tl,Nallandahalli
192566058,2500858,tl,Rajenhalli
192566366,2500862,tl,Kuranhoshalli
192566751,2500867,tl,Penamakanhalli
192566982,2500870,tl,Yalavaguli
192567136,2500872,tl,Kavalgiriyanhalli
192567290,2500874,tl,Gopasandra
192567367,2500875,tl,Hosballahalli
192567521,2500877,tl,Kanagalu
192567598,2500878,tl,Huladenhalli
192567752,2500880,tl,Venkatrajanhalli
192567829,2500881,tl,Jinagatimmanhalli
192568291,2500887,tl,Guddadhoshalli
192568445,2500889,tl,Alhalli
192568522,2500890,tl,Torlakki
192568984,2500896,tl,Vardapura
192569061,2500897,tl,Kuppur
192569138,2500898,tl,Hasandahalli
192569369,2500901,tl,Balanaikandoddi
192569600,2500904,tl,Pemmadoddi
192569677,2500905,tl,Yalesandra
192570062,2500910,tl,Nidamakanhalli
192570216,2500912,tl,Ganiganhalli
192570293,2500913,tl,Palya
192570447,2500915,tl,Duduvanhalli
192570524,2500916,tl,Bedisettihalli
192570755,2500919,tl,Dinhalli
192570832,2500920,tl,Krishnapura
192570986,2500922,tl,Turasandapalli
192571063,2500923,tl,Turunashi
192571140,2500924,tl,Tyagandoddi
192571217,2500925,tl,Shamasettyhalli
192571371,2500927,tl,Torapalli
192571679,2500931,tl,Chinnarandoddi
192571987,2500935,tl,Venkatapura
192572064,2500936,tl,Chennasandiram
192572372,2500940,tl,Gollapalli
192572603,2500943,tl,Malagalakki
192572680,2500944,tl,Chigarapalli
192572757,2500945,tl,Tannirgundalapalli
192572988,2500948,tl,Kotasadanapalli
192573065,2500949,tl,Nerigam
192573450,2500954,tl,Pannapalli
192573527,2500955,tl,Singiripalli
192573604,2500956,tl,Menandoddi
192573758,2500958,tl,Kadattur
192573835,2500959,tl,Kumbalam
192573989,2500961,tl,Ramandoddi
192574297,2500965,tl,Chinnabattalapalli
192574451,2500967,tl,Neralagiri
192574528,2500968,tl,Kachiruganapalli
192574605,2500969,tl,Gollapalli
192574682,2500970,tl,Chigarapalli
192574759,2500971,tl,Idipalli
192575221,2500977,tl,Batimadagu
192575529,2500981,tl,Oddapalli
192575760,2500984,tl,Tamatmakanhalli
192575837,2500985,tl,Dinnur
192575914,2500986,tl,Palamadagu
192576530,2500994,tl,Guttahalli
192576761,2500997,tl,Pura
192577146,2501002,tl,Santiganhalli
192577300,2501004,tl,Nagenhalli
192577377,2501005,tl,Chambenhalli
192577454,2501006,tl,Garudakempanhalli
192577916,2501012,tl,Gundlapalya
192577993,2501013,tl,Halepalya
192578070,2501014,tl,Usarhalli
192578147,2501015,tl,Devarhalli
192578378,2501018,tl,Ukkunda
192578763,2501023,tl,Yachmanhalli
192578840,2501024,tl,Bammaganhalli
192579148,2501028,tl,Pacharlahalli
192579379,2501031,tl,Dinnekotur
192579456,2501032,tl,Dinnur
192579687,2501035,tl,Ramsandra
192580072,2501040,tl,Karmanhalli
192580149,2501041,tl,Kondanhalli
192580226,2501042,tl,Chiknaikanhalli
192580303,2501043,tl,Nutve
192580380,2501044,tl,Dodnaikanhalli
192580534,2501046,tl,Dabbanhalli
192580611,2501047,tl,Junjanhalli
192581073,2501053,tl,Nelahalli
192581150,2501054,tl,Manchikallu
192581227,2501055,tl,Chik Hoshalli
192581381,2501057,tl,Abagiri Hoshalli
192581458,2501058,tl,Hulabele
192581689,2501061,tl,Makarahalli
192581843,2501063,tl,Banahalli
192581997,2501065,tl,Somasandra
192582151,2501067,tl,Gauravanhalli
192582921,2501077,tl,Reddihalli
192583229,2501081,tl,Devganhalli
192583691,2501087,tl,Kesaranhalli
192583845,2501089,tl,Aimaraspur
192583922,2501090,tl,Kelkoppa
192584153,2501093,tl,Koppa
192584230,2501094,tl,Kadarenhalli
192584461,2501097,tl,Magondi
192584615,2501099,tl,Huralihalli
192585154,2501106,tl,Makarhalli
192585231,2501107,tl,Vardapur
192585539,2501111,tl,Harohalli
192585770,2501114,tl,Singarahalli
192586001,2501117,tl,Chik Valagmadi
192586309,2501121,tl,Muganhalli
192586463,2501123,tl,Appenhalli
192586540,2501124,tl,Tavarikere
192586694,2501126,tl,Bodgurki
192586848,2501128,tl,Gidavalpalli
192586925,2501129,tl,Pura
192587079,2501131,tl,Armanhalli
192587156,2501132,tl,Bodenhalli
192587772,2501140,tl,Bommapalli
192588003,2501143,tl,Balamande
192588080,2501144,tl,Kongarhalli
192588157,2501145,tl,Narnatta
192588311,2501147,tl,Jyangutta
192588542,2501150,tl,Golhalli
192588619,2501151,tl,Dodderi
192588696,2501152,tl,Lakkenhalli
192589004,2501156,tl,Bandarlahalli
192589081,2501157,tl,Chamanhalli
192589235,2501159,tl,Yalachimande
192589466,2501162,tl,Buvanhalli
192589543,2501163,tl,Boggalhalli
192589774,2501166,tl,Gundaralhalli
192589851,2501167,tl,Donimadagu
192589928,2501168,tl,Polenhalli
192590159,2501171,tl,Bodpatte
192590467,2501175,tl,Gangamadugu
192590621,2501177,tl,Kadarnatta
192590698,2501178,tl,Peddapartigunta
192590929,2501181,tl,Talur
192591160,2501184,tl,Gulhalli
192591237,2501185,tl,Alasadanappalli
192591391,2501187,tl,Kotangarai
192591545,2501189,tl,Gangasandiram
192591622,2501190,tl,Kurubarapalli
192591699,2501191,tl,Kokilapalli
192591930,2501194,tl,Veppanapalli
192592161,2501197,tl,Oddarpalaiyam
192592315,2501199,tl,Nanjapuram
192592392,2501200,tl,Toddur
192593008,2501208,tl,Chembarasanapalli
192593085,2501209,tl,Arupalli
192593162,2501210,tl,Matamchembarsanapalli
192593701,2501217,tl,Kalingavaram
192593855,2501219,tl,Doddappepalli
192594086,2501222,tl,Agraharam
192594240,2501224,tl,Chinnakottur
192594702,2501230,tl,Bogipuram
192594779,2501231,tl,Marandapalli
192594933,2501233,tl,Anasandiram
192595472,2501240,tl,Nallarallupalli
192595549,2501241,tl,Alagubavi
192595626,2501242,tl,Tiyagarasanapalli
192595780,2501244,tl,Chinnatiyagarasanapalli
192596011,2501247,tl,Unisetti
192596165,2501249,tl,Enusonai
192596396,2501252,tl,Hosahalli
192596473,2501253,tl,Balanapalli
192596550,2501254,tl,Manangal
192596781,2501257,tl,Ulagam
192596858,2501258,tl,Bogipuram
192597089,2501261,tl,Chinnakanahalli
192597474,2501266,tl,Chennapalli
192597936,2501272,tl,Tekkalapalli
192598090,2501274,tl,Errandapalli
192598167,2501275,tl,Birepalli
192598706,2501282,tl,Koneriagraharam
192598783,2501283,tl,Sonninayakkanahalli
192599168,2501288,tl,Mugalur
192599245,2501289,tl,Nallur
192599476,2501292,tl,Edurukottai
192599707,2501295,tl,Doddanayakkanahalli
192599861,2501297,tl,Suligunta
192600015,2501299,tl,Ondiyur
192600323,2501303,tl,Tavalam
192600400,2501304,tl,Gangileri
192600554,2501306,tl,Agaram
192600708,2501308,tl,Veppalapalli
192600939,2501311,tl,Bellampalli
192601247,2501315,tl,Ammaneri
192601555,2501319,tl,Kompalli
192601863,2501323,tl,Peddagummanur
192602248,2501328,tl,Badrapalli
192602325,2501329,tl,Ennekollu
192602402,2501330,tl,Bikkanapalli
192602556,2501332,tl,Maniyandapalli
192602633,2501333,tl,Polupalli
192602710,2501334,tl,Somanathapuram
192602787,2501335,tl,Gangasmudram
192602941,2501337,tl,Vasantanapalli
192603018,2501338,tl,Kurubarapalli
192603095,2501339,tl,Melumalai
192603249,2501341,tl,Gollapalli
192603326,2501342,tl,Jeynur
192603634,2501346,tl,Goralnattam
192603865,2501349,tl,Guntapalli
192603942,2501350,tl,Balagundarayandurgam
192604096,2501352,tl,Chinnamanavarnapalli
192604250,2501354,tl,Kuppachiparai
192604404,2501356,tl,Chennasandiram
192604635,2501359,tl,Kondappanayanapalli
192604866,2501362,tl,Medinaikanpalaiyam
192604943,2501363,tl,Ponnalnattam
192605020,2501364,tl,Mudupinayanipalaiyam
192605097,2501365,tl,Dasiripalli
192605174,2501366,tl,Nandagondapalli
192605251,2501367,tl,Varasandiram
192605405,2501369,tl,Avaganpalli
192605559,2501371,tl,Kattiripalli
192605713,2501373,tl,Jadukottur
192605944,2501376,tl,Gangojikottur
192606021,2501377,tl,Nachikuppam
192606098,2501378,tl,Jaganathapuram
192606175,2501379,tl,Tangedikuppam
192606252,2501380,tl,Chinnakottur
192606406,2501382,tl,Nallur
192606483,2501383,tl,Karisandiram
192606560,2501384,tl,Taranisandiram
192607022,2501390,tl,Ettipalli
192607176,2501392,tl,Manavarnapalli
192607253,2501393,tl,Kottakrishnapalli
192607407,2501395,tl,Ponnapalli
192607484,2501396,tl,Konganepalli
192607638,2501398,tl,Timmasandiram
192607869,2501401,tl,Sigaramaganapalli
192608100,2501404,tl,Ariyanapalli
192608254,2501406,tl,Taliagraharam
192608408,2501408,tl,Kadavarapalli
192608485,2501409,tl,Naduvanapalli
192608716,2501412,tl,Bommarasanapalli
192608793,2501413,tl,Kotamaganapalli
192609101,2501417,tl,Chinnabommarasapalli
192609332,2501420,tl,Mulukalapalli
192609409,2501421,tl,Naralapalli
192609717,2501425,tl,Ramasandiram
192609871,2501427,tl,Ponnappagavunipalli
192610102,2501430,tl,Nalakondalapalli
192610256,2501432,tl,Virojipalli
192610410,2501434,tl,Guttapalli
192610487,2501435,tl,Ballerupalli
192610564,2501436,tl,Nedumarudi
192610641,2501437,tl,Sadanapalli
192610718,2501438,tl,Kodipalli
192610795,2501439,tl,Tippanapalli
192610872,2501440,tl,Sileypalli
192610949,2501441,tl,Bandapalli
192611103,2501443,tl,Billanakuppam
192611180,2501444,tl,Patchiganapalli
192611334,2501446,tl,Potinayinipalli
192611488,2501448,tl,Chinnakottapalli
192611565,2501449,tl,Peddanapalli
192611719,2501451,tl,Madinayanpalli
192611796,2501452,tl,Bandarapalli
192612181,2501457,tl,Samathamalai
192612489,2501461,tl,Mallikuppam
192612566,2501462,tl,Kalluguriki
192612643,2501463,tl,Raminayinipalli
192612797,2501465,tl,Bayampatti
192613105,2501469,tl,Gollapalli
192613644,2501476,tl,Venkatapuram
192613875,2501479,tl,Natrampalli
192614183,2501483,tl,Kadiganpalli
192615184,2501496,tl,Odayandahalli
192615261,2501497,tl,Chudanur
192615492,2501500,tl,Ekkandapalli
192615569,2501501,tl,Pasigam
192615646,2501502,tl,Gunmanur
192615723,2501503,tl,Saint Pauls
192615800,2501504,tl,Mattagiri
192616108,2501508,tl,Doranabettam
192616416,2501512,tl,Sokkanahalli
192616493,2501513,tl,Chikkadoranabettam
192616570,2501514,tl,Koravandapatti
192616878,2501518,tl,Mahendramangalam
192617186,2501522,tl,Settihalli
192617571,2501527,tl,Chinnakodiganapalli
192617725,2501529,tl,Mulla Hosahalli
192618187,2501535,tl,Konampatti
192618264,2501536,tl,Chikkamarandahalli
192618803,2501543,tl,Upparahalli
192619034,2501546,tl,Atturnahalli
192619111,2501547,tl,Selattiganapalli
192619265,2501549,tl,Chikkabavili
192619496,2501552,tl,Nallur
192619727,2501555,tl,Tittarahalli
192620112,2501560,tl,Erraguttahalli
192620343,2501563,tl,Tandakalankottai
192620497,2501565,tl,Kuppankottai
192620574,2501566,tl,Boppadi
192621190,2501574,tl,Krishnankottai
192621575,2501579,tl,Thirumalvadi
192622499,2501591,tl,Jothipatti
192622576,2501592,tl,Bolabaguthanapalli
192622653,2501593,tl,Giddesampatti
192622730,2501594,tl,Kadamadai
192622961,2501597,tl,Belarahalli
192623346,2501602,tl,Punathampatti
192623423,2501603,tl,Sottandapatti
192623808,2501608,tl,Mallasamudram
192623885,2501609,tl,Ballenahalli
192624039,2501611,tl,Kondasamanahalli
192624270,2501614,tl,Angandahalli
192624501,2501617,tl,Modalippatti
192624578,2501618,tl,Sumnampatti
192624732,2501620,tl,Chinnamodalipatti
192624809,2501621,tl,Elumichanahalli
192625117,2501625,tl,Annamalaihalli
192625194,2501626,tl,Dandukaranhalli
192625502,2501630,tl,Bikkanahalli
192625579,2501631,tl,Mallupalli
192625887,2501635,tl,Samakallayal
192625964,2501636,tl,Pungampatti
192626041,2501637,tl,Kottalam
192626503,2501643,tl,Moramadugu
192626657,2501645,tl,Alapatti
192626734,2501646,tl,Kodagur
192626811,2501647,tl,Pachiganapalli
192626888,2501648,tl,Chinnabellarupalli
192627427,2501655,tl,Kalvehalli
192627504,2501656,tl,Kattari
192627812,2501660,tl,Mottur
192627889,2501661,tl,Kurumbapatti
192628274,2501666,tl,Sukrandahalli
192628351,2501667,tl,Choparti
192628582,2501670,tl,Taliyur
192628659,2501671,tl,Kadiripuram
192628813,2501673,tl,Kuttikavundanur
192628890,2501674,tl,Panakamutlu
192629352,2501680,tl,Errasigehalli
192630199,2501691,tl,Karadihalli
192630430,2501694,tl,Ramenattam
192630507,2501695,tl,Devarmukkulam
192630738,2501698,tl,Mukkulam
192631354,2501706,tl,Gettur
192631585,2501709,tl,Bommahalli
192631739,2501711,tl,Mariammankovilur
192631970,2501714,tl,Guddur
192632124,2501716,tl,Osahalli
192632740,2501724,tl,Kottumaranahalli
192632894,2501726,tl,Senganampatti
192633048,2501728,tl,Keraikodihalli
192633433,2501733,tl,Muthampatti
192633510,2501734,tl,Palayur
192633587,2501735,tl,Begarahalli
192634280,2501744,tl,Sappanipatti
192634357,2501745,tl,Oddapatti
192634742,2501750,tl,Chikkatimmanahalli
192634896,2501752,tl,Savalupatti
192635204,2501756,tl,Gollapatti
192635820,2501764,tl,Ramapuram
192636051,2501767,tl,Toppur
192636436,2501772,tl,Kumbarahalli
192636513,2501773,tl,Karagur
192636590,2501774,tl,Tattarahalli
192637206,2501782,tl,Penneswaramadam
192638746,2501802,tl,Chinnatalipalli
192638977,2501805,tl,Pikkili
192639054,2501806,tl,Gollappatti
192639131,2501807,tl,Malavur
192639285,2501809,tl,Vathimarathapalli
192639593,2501813,tl,Panekulam
192639978,2501818,tl,Ettiyanahalli
192640055,2501819,tl,Pillappanayakkanhalli
192640132,2501820,tl,Madehalli
192640363,2501823,tl,Pallipatti
192640440,2501824,tl,Onnappakavundanhalli
192640671,2501827,tl,Mangapatti
192640748,2501828,tl,Tittiyobanahalli
192640902,2501830,tl,Palavadi
192641364,2501836,tl,Bedarahalli
192641672,2501840,tl,Solapadi
192641749,2501841,tl,Nagalapuram
192641826,2501842,tl,Dalavayhalli
192642057,2501845,tl,Somenahalli
192642981,2501857,tl,Nadappanahalli
192643135,2501859,tl,Konangihalli
192643366,2501862,tl,Pangunattam
192643520,2501864,tl,Parapatti
192643751,2501867,tl,Sendarapatti
192643828,2501868,tl,Nagarkudal
192643905,2501869,tl,Kalamkattur
192643982,2501870,tl,Bevinamaradahalli
192644213,2501873,tl,Samisettihalli
192644598,2501878,tl,Kambuguttai
192645060,2501884,tl,Pagalahalli
192645137,2501885,tl,Sivadi
192645445,2501889,tl,Ramayanachinnahalli
192645522,2501890,tl,Budanahalli
192645599,2501891,tl,Kandukolpatti
192646754,2501906,tl,Kodiyur
192647062,2501910,tl,Balajangamanhalli
192647678,2501918,tl,Tadangam
192648679,2501931,tl,Sekkodi
192648756,2501932,tl,Mottupatti
192648910,2501934,tl,Velampatti
192649141,2501937,tl,Padi
192649295,2501939,tl,Selliyampatti
192649603,2501943,tl,Buganahalli
192649911,2501947,tl,Kallankattur
192649988,2501948,tl,Panangalli
192650142,2501950,tl,Alliyur
192650450,2501954,tl,Pulikarai
192650604,2501956,tl,Acharahalli
192651605,2501969,tl,Chinnakamalapatti
192651759,2501971,tl,Kamalapatti
192652067,2501975,tl,Modukulahalli
192652298,2501978,tl,Battalahalli
192652837,2501985,tl,Kuppangarai
192652991,2501987,tl,Kalappanahalli
192653068,2501988,tl,Puthur
192653761,2501997,tl,Modur
192653915,2501999,tl,Kanipatti
192653992,2502000,tl,Gundalahalli
192654223,2502003,tl,Baisuhalli
192654454,2502006,tl,Nimmangarai
192654531,2502007,tl,Moduhalli
192654608,2502008,tl,Kerekodihalli
192654762,2502010,tl,Kamalapuram
192654993,2502013,tl,Maravadi
192655070,2502014,tl,Mallikuttai
192655532,2502020,tl,Semmandakuppam
192655609,2502021,tl,Gollahalli
192655686,2502022,tl,Kuppur
192655840,2502024,tl,Hale Dharmapuri
192656148,2502028,tl,Alangarai
192656225,2502029,tl,Mankarankottai
192656302,2502030,tl,Chinnakurumpatti
192656379,2502031,tl,Periyakurumpatti
192656610,2502034,tl,Settikarai
192656764,2502036,tl,Nulapuram
192656918,2502038,tl,Gengankottai
192658227,2502055,tl,Paliathanur
192658381,2502057,tl,Rediyur
192658458,2502058,tl,Konangihalli
192658997,2502065,tl,Ettianur
192659074,2502066,tl,Avarankattur
192659690,2502074,tl,Mademangalam
192659767,2502075,tl,Tinnahalli
192660229,2502081,tl,Ammapalayam
192660537,2502085,tl,Chinnankadu
192661307,2502095,tl,Akkamanahalli
192661615,2502099,tl,Vedapatti
192661846,2502102,tl,Jambukotankottai
192662000,2502104,tl,Kolandaikavundankottai
192662154,2502106,tl,Vellalapatti
192662231,2502107,tl,Puliyampatti
192662616,2502112,tl,Natham
192662847,2502115,tl,Indamangalam
192663078,2502118,tl,Murugampatti
192663232,2502120,tl,Pudur
192663386,2502122,tl,Molapanahalli
192663925,2502129,tl,Enamanasanapalli
192664156,2502132,tl,Krishnadasanapalle
192664233,2502133,tl,Porakundlapalli
192664387,2502135,tl,Jarugu
192664464,2502136,tl,Gudlanayanipalli
192664541,2502137,tl,Rajanam
192664618,2502138,tl,Matarlapalli
192664772,2502140,tl,Kammesandra
192664849,2502141,tl,Nagisettihalli
192664926,2502142,tl,Gatikamadinahalli
192665003,2502143,tl,Chimalabandahalli
192665080,2502144,tl,Pichapalli
192665388,2502148,tl,Yaranaganahalli
192665465,2502149,tl,Chinnapalli
192665850,2502154,tl,Muddegowdanahalli
192666081,2502157,tl,Garudadrihalli
192666620,2502164,tl,Kambampalli
192666851,2502167,tl,Thongal
192666928,2502168,tl,Nachandhalli
192667082,2502170,tl,Kallikuppa
192667313,2502173,tl,Chinnaganahalli
192667467,2502175,tl,Banagere
192667544,2502176,tl,Bhimaganapalli
192667698,2502178,tl,Gollahalli
192668160,2502184,tl,Balagere
192668237,2502185,tl,Allikallu
192668622,2502190,tl,Dodda Kalhalli
192668699,2502191,tl,Chokkarabande
192668776,2502192,tl,Kurur
192669007,2502195,tl,Chambarasanhalli
192669238,2502198,tl,Kempapura
192669392,2502200,tl,Lakkanayanhalli
192669469,2502201,tl,Bisanattam
192669623,2502203,tl,Karamatla
192669700,2502204,tl,Gesigapalli
192669777,2502205,tl,Pogurupalli
192669931,2502207,tl,Dasimanipalli
192670085,2502209,tl,Athinattam
192670162,2502210,tl,Salachintanapalli
192670316,2502212,tl,Muddanapalli
192670624,2502216,tl,Peddagollapalli
192670932,2502220,tl,Sirigiripalli
192671009,2502221,tl,Kadepalli
192671086,2502222,tl,Chinnagollapalli
192671240,2502224,tl,Jabbiganipalli
192671317,2502225,tl,Kuppaganipalli
192671471,2502227,tl,Agaram
192671548,2502228,tl,Adivibadanavada
192671702,2502230,tl,Malavanikotturu
192671779,2502231,tl,Kodiganipalli
192671933,2502233,tl,Sanganapalli
192672087,2502235,tl,Buragalapalli
192672164,2502236,tl,Chinnapartikunta
192672318,2502238,tl,Venkatapuram
192672395,2502239,tl,Anagarapalli
192672549,2502241,tl,Sodiganipalli
192672934,2502246,tl,Kottapalli
192673319,2502251,tl,Dinnepalli
192673627,2502255,tl,Gutharlapalli
192673935,2502259,tl,Enjanur
192675167,2502275,tl,Kanchibandarlapalli
192675321,2502277,tl,Saint Pauls
192675398,2502278,tl,Bandakotturu
192675629,2502281,tl,Govindapalli
192675783,2502283,tl,Kuppalanattam
192676091,2502287,tl,Jangalapalli
192676168,2502288,tl,Madanapalli
192676322,2502290,tl,Papanur
192676399,2502291,tl,Chimanapalli
192676553,2502293,tl,Karlagatta
192676707,2502295,tl,Kaliganuru
192676784,2502296,tl,Jalliganipalle
192677169,2502301,tl,Morasanapalli
192677400,2502304,tl,Thumsi
192677477,2502305,tl,Nedimpalli
192677631,2502307,tl,Gollapalli
192677785,2502309,tl,Solisettipalli
192678093,2502313,tl,Chinnaradoddi
192678401,2502317,tl,Gunjarlapalli
192678478,2502318,tl,Chintakampalli
192679017,2502325,tl,Konerukuppam
192679171,2502327,tl,Chenguballa
192679248,2502328,tl,Settiballa
192679402,2502330,tl,Bendanakuppam
192679479,2502331,tl,Pedduru
192679710,2502334,tl,Nilagirihalli
192679864,2502336,tl,Venkatapalli
192679941,2502337,tl,Regadadinnapalli
192680018,2502338,tl,Brahmanakottur
192680095,2502339,tl,Saint Pauls
192680249,2502341,tl,Kottur
192680326,2502342,tl,Nallappareddiyuru
192680403,2502343,tl,Anikeri
192680480,2502344,tl,Vadagandlapalli
192680788,2502348,tl,Bellakogila
192680942,2502350,tl,Doddagondlahalli
192681096,2502352,tl,Settikunte
192681173,2502353,tl,Maradagatta
192681250,2502354,tl,Kasireddigandlahalli
192681481,2502357,tl,Buchepalli
192681635,2502359,tl,Kurubarahalli
192681712,2502360,tl,Madivala
192681789,2502361,tl,Kaveranahalli
192681866,2502362,tl,Ramapura
192681943,2502363,tl,Kyasamballi
192682020,2502364,tl,Kangandlahalli
192682097,2502365,tl,Billerahalli
192682174,2502366,tl,Baluvanahalli
192682328,2502368,tl,Jangamanahalli
192682405,2502369,tl,Nagalepalli
192682559,2502371,tl,Virasandra
192683098,2502378,tl,Kambampalli
192683252,2502380,tl,Vaddarahalli
192683406,2502382,tl,Rayasandra
192683483,2502383,tl,Amasagara
192683560,2502384,tl,Gopenahalli
192683637,2502385,tl,Sithampalli
192683714,2502386,tl,Lakshmisagara
192683791,2502387,tl,Sakon Nakhon
192683945,2502389,tl,Tatepalli
192684176,2502392,tl,Kadaripura
192684253,2502393,tl,Mallappalli
192684561,2502397,tl,Vibhutiyelanagaram
192684638,2502398,tl,Thongalkuppa
192684715,2502399,tl,Tatireddihalli
192685023,2502403,tl,Venkatapuram
192685100,2502404,tl,Kongatam
192685177,2502405,tl,Padigalakuppam
192685485,2502409,tl,Kongonapalli
192685562,2502410,tl,Sivunikuppam
192685716,2502412,tl,Karadaguru
192685793,2502413,tl,Chinchandlahalli
192685947,2502415,tl,Cheldiganipalli
192686332,2502420,tl,Bennavara
192686486,2502422,tl,Chinagandlapalle
192686563,2502423,tl,Siddavuru
192686717,2502425,tl,Krishnapuram
192687179,2502431,tl,Sonnegaunipalli
192687256,2502432,tl,Gundusettipalli
192687410,2502434,tl,Ponnepalli
192687718,2502438,tl,Santuru
192688026,2502442,tl,Arimuttanapalli
192688180,2502444,tl,Kothiguttapalli
192688257,2502445,tl,Abakaladoddi
192688334,2502446,tl,Jangalapalli
192688411,2502447,tl,Kadirimuthanapalli
192688565,2502449,tl,Nallarallapalli
192688796,2502452,tl,Gangamtimmanapalli
192688873,2502453,tl,Nimmanapalli
192688950,2502454,tl,Dandikuppam
192689104,2502456,tl,Redlapalli
192689258,2502458,tl,Kolamadugu
192689335,2502459,tl,Ramapuram
192689489,2502461,tl,Santhimpalli
192689566,2502462,tl,Sivaramapuram
192689720,2502464,tl,Nanjampeta
192689797,2502465,tl,Peddagahuru
192689951,2502467,tl,Kottaindlu
192690182,2502470,tl,Govindapalli
192690259,2502471,tl,Peddakuruvalapalli
192690413,2502473,tl,Kottapalli
192690567,2502475,tl,Balla
192690875,2502479,tl,Battuvaripalli
192690952,2502480,tl,Kenchanaballa
192691183,2502483,tl,Kadasinakuppam
192691260,2502484,tl,Viranagapuram
192691414,2502486,tl,Avulakuppam
192691568,2502488,tl,Manendram
192691645,2502489,tl,Gollapalli
192691722,2502490,tl,Kambhaladevapalli
192691876,2502492,tl,Attikuppam
192692107,2502495,tl,Mittapalli
192692261,2502497,tl,Bandarlapalli
192692338,2502498,tl,Rajupeta
192692415,2502499,tl,Bagalanattam
192692492,2502500,tl,Kempasamudram
192692800,2502504,tl,Vardikuppam
192692877,2502505,tl,Kanamanayanipalli
192692954,2502506,tl,Kottachinnapalli
192693031,2502507,tl,Pamuganipalli
192693108,2502508,tl,Mundulagunta
192693185,2502509,tl,Karakunta
192693262,2502510,tl,Gummireddipalli
192693339,2502511,tl,Adinapalli
192693416,2502512,tl,Kambepalli
192693570,2502514,tl,Peddabharanipalli
192693647,2502515,tl,Gudipalli
192693801,2502517,tl,Papepalli
192693878,2502518,tl,Gandlapalli
192694494,2502526,tl,Irisiganipalli
192694571,2502527,tl,Chikatipalli
192694956,2502532,tl,Amiganuru
192695187,2502535,tl,Paramasumudram
192695264,2502536,tl,Varamanuru
192695341,2502537,tl,Vurinayanipalli
192695418,2502538,tl,Urinayanikothur
192695495,2502539,tl,Gattappanayanipalli
192695649,2502541,tl,Gonugur
192695726,2502542,tl,Marapalli
192695957,2502545,tl,Guruvinayanapalli
192696188,2502548,tl,Kotiguttalapalli
192696265,2502549,tl,Cinnamatarapalli
192696804,2502556,tl,Tesupalli
192697035,2502559,tl,Varatanapalli
192697266,2502562,tl,Madanakuppam
192697497,2502565,tl,Kammampalli
192697728,2502568,tl,Vennampalli
192697882,2502570,tl,Eladdagiri
192698652,2502580,tl,Mittapalli
192698729,2502581,tl,Gollapalli
192698806,2502582,tl,Achamangalam
192698883,2502583,tl,Palinayanapalli
192698960,2502584,tl,Chinnasettipalli
192699037,2502585,tl,Maruthipalli
192699191,2502587,tl,Sulamalai
192699422,2502590,tl,Rasuppalli
192699576,2502592,tl,Nagamangalam
192700962,2502610,tl,Chintagumpalli
192701270,2502614,tl,Kechaliganur
192701501,2502617,tl,Chinnaobba
192701963,2502623,tl,Paipalyam
192702271,2502627,tl,Chinnavasanadu
192702425,2502629,tl,Tangedukuppam
192702656,2502632,tl,Vasanadu
192702810,2502634,tl,Bodaguttapalli
192702887,2502635,tl,Mulakalapalli
192703195,2502639,tl,Vendugampalli
192703426,2502642,tl,Maravada
192704273,2502653,tl,Kottaindlu
192704735,2502659,tl,Kottapalli
192704966,2502662,tl,Kakimadugu
192705120,2502664,tl,Mittapalli
192705967,2502675,tl,Kottur
192706121,2502677,tl,Oppatavadi
192706506,2502682,tl,Velakalnattam
192706814,2502686,tl,Anginayanipalli
192708123,2502703,tl,Paniyandapalli
192708277,2502705,tl,Uriyur
192710202,2502730,tl,Nayanur
192710279,2502731,tl,Kottur
192710972,2502740,tl,Modikuppam
192711126,2502742,tl,Nakkalpatti
192711203,2502743,tl,Mazith Gollapalli
192711357,2502745,tl,Ikondam
192711434,2502746,tl,Veppalampatti
192711819,2502751,tl,Erumampatti
192711896,2502752,tl,Kattagaram
192712050,2502754,tl,Anukodi
192712897,2502765,tl,Jaunur
192713051,2502767,tl,Peruhalli
192713205,2502769,tl,Sundakapatti
192713282,2502770,tl,Avatvadi
192713359,2502771,tl,Maruderi
192713590,2502774,tl,Sellampatti
192713744,2502776,tl,Nagojanahalli
192713821,2502777,tl,Viramalai
192714052,2502780,tl,Velangamudhi
192714129,2502781,tl,Mallikkal
192714206,2502782,tl,Chinnakaradiyur
192714283,2502783,tl,Mottupatti
192714437,2502785,tl,Pungampatti
192714591,2502787,tl,Kudimenahalli
192715130,2502794,tl,Barur
192715592,2502800,tl,Semandapatti
192715669,2502801,tl,Odamangalam
192715746,2502802,tl,Papparapatti
192716208,2502808,tl,Pannandur
192716285,2502809,tl,Bandarahalli
192716362,2502810,tl,Mullanur
192716747,2502815,tl,Irumattur
192716824,2502816,tl,Kondlampatti
192716901,2502817,tl,Dokkampatti
192716978,2502818,tl,Bendrahalli
192717132,2502820,tl,Karuvelampatti
192717363,2502823,tl,Kottappatti
192717517,2502825,tl,Sengampatti
192717594,2502826,tl,Anandur
192717671,2502827,tl,Thalampati
192717825,2502829,tl,Puliyur
192717902,2502830,tl,Kollappatti
192718133,2502833,tl,Jinkalkadirampatti
192718210,2502834,tl,Papanur
192718364,2502836,tl,Tadampatti
192718518,2502838,tl,Chinnaparandapalli
192718595,2502839,tl,Kottubendarahalli
192718826,2502842,tl,Oddatheru
192718903,2502843,tl,Bandrahalli
192719288,2502848,tl,Jambukuttapatti
192719365,2502849,tl,Kullanur
192719596,2502852,tl,Vadamalaippatti
192719827,2502855,tl,Timminayakkampatti
192719981,2502857,tl,Ramapuram
192720058,2502858,tl,Mylampatti
192720212,2502860,tl,Tippanur
192720597,2502865,tl,Kundapatti
192720674,2502866,tl,Veppalampatti
192720905,2502869,tl,Kadappasandampatti
192720982,2502870,tl,Kullapatti
192721059,2502871,tl,Sandampatti
192721598,2502878,tl,Gengavaram
192721675,2502879,tl,Mangalahalli
192721983,2502883,tl,Perungopanahalli
192722214,2502886,tl,Puligunta
192722291,2502887,tl,Togarappalli
192722368,2502888,tl,Samalpatti
192723446,2502902,tl,Rangasamudram
192723677,2502905,tl,Sakin Hazm
192723754,2502906,tl,Konganseruvu
192724139,2502911,tl,Tokkiyam
192724216,2502912,tl,Punganur
192724909,2502921,tl,Bodikuttiyur
192725140,2502924,tl,Batlapalli
192725371,2502927,tl,Ampalli
192725679,2502931,tl,Sappaniyur
192725833,2502933,tl,Kuttur
192726141,2502937,tl,Perumalkuppam
192726295,2502939,tl,Kundepalli
192726449,2502941,tl,Bommepalli
192726526,2502942,tl,Nadupatti
192726603,2502943,tl,Modarahalli
192727219,2502951,tl,Sevvampatti
192727758,2502958,tl,Sanipatti
192727912,2502960,tl,Chinnappanpatti
192727989,2502961,tl,Kottakotta
192728066,2502962,tl,Kalarpadi Kottayur
192728143,2502963,tl,Sonnarhalli
192728451,2502967,tl,Malayandahalli
192728528,2502968,tl,Angampatti
192728836,2502972,tl,Mottur
192728913,2502973,tl,Puliyandapatti
192729144,2502976,tl,Sandampatti
192729221,2502977,tl,Mukampatti
192729452,2502980,tl,Baletottam
192729529,2502981,tl,Tippampatti
192729606,2502982,tl,Oddukalanur
192729991,2502987,tl,Kurugappatti
192730068,2502988,tl,Olaipatti
192730145,2502989,tl,Puduganur
192730376,2502992,tl,Santur
192730453,2502993,tl,Balriganur
192730530,2502994,tl,Salamarathupatti
192730607,2502995,tl,Gummanur
192730684,2502996,tl,Onnakarai
192730761,2502997,tl,Podar
192730838,2502998,tl,Reddipatti
192730915,2502999,tl,Pallasulakkarai
192731069,2503001,tl,Ammankovilpatti
192731146,2503002,tl,Papparapatti
192731377,2503005,tl,Kanjanur
192731454,2503006,tl,Perumalkuppam
192731531,2503007,tl,Badapalli
192731839,2503011,tl,Pasandi
192732147,2503015,tl,Kollapalli
192732301,2503017,tl,Kanichchi
192732378,2503018,tl,Nagalpatti
192732840,2503024,tl,Marappanayakkanpatti
192733148,2503028,tl,Kondareddipatti
192733379,2503031,tl,Ettipatti
192733533,2503033,tl,Tippampatti
192733687,2503035,tl,Rengampatti
192733841,2503037,tl,Vellipatti
192733918,2503038,tl,Kannukanur
192734072,2503040,tl,Karuperi
192734303,2503043,tl,Velavalli
192734457,2503045,tl,Pudupatti
192734611,2503047,tl,Sundarampalli
192734919,2503051,tl,Nattam
192734996,2503052,tl,Krishnapuram
192735073,2503053,tl,Kakankarai
192735304,2503056,tl,Raghavur
192735381,2503057,tl,Chinnakannalapatti
192735458,2503058,tl,Solachur
192735535,2503059,tl,Errampatti
192735612,2503060,tl,Paradesipatti
192735997,2503065,tl,Savalur
192736613,2503073,tl,Pallattur
192737460,2503084,tl,Mankuppam
192737537,2503085,tl,Chinnamankuppam
192737768,2503088,tl,Chenniyur
192737845,2503089,tl,Viramushtipalli
192738076,2503092,tl,Ranganur
192738307,2503095,tl,Adilam
192738384,2503096,tl,Manavalli
192738461,2503097,tl,Nagasamudram
192738538,2503098,tl,Tippampatti
192738615,2503099,tl,Konampatty
192738769,2503101,tl,Kongarapatti
192738846,2503102,tl,Uchampatti
192738923,2503103,tl,Mottur
192739000,2503104,tl,Jadayankottai
192739077,2503105,tl,Bannikulam
192739308,2503108,tl,Vagurappampatti
192739539,2503111,tl,Mavadipatti
192739693,2503113,tl,Vaguthupatti
192739924,2503116,tl,Pallipatti
192740078,2503118,tl,Pulidikarai
192740155,2503119,tl,Krishnapuram
192740309,2503121,tl,Kottampatti
192740386,2503122,tl,Palaiyam
192740540,2503124,tl,Kondampatti
192740771,2503127,tl,Mallasamudram
192741079,2503131,tl,Kundalpatti
192741233,2503133,tl,Gollappatti
192741849,2503141,tl,Tinnappatti
192742080,2503144,tl,Mukkanur
192742311,2503147,tl,Alamaradahalli
192742465,2503149,tl,Maniyabadi
192742542,2503150,tl,Singirihalli
192743004,2503156,tl,Nallakuttalahalli
192744005,2503169,tl,Unisinahalli
192744236,2503172,tl,Sunkarahalli
192744390,2503174,tl,Buddireddipatti
192744467,2503175,tl,Talanattam
192744698,2503178,tl,Mottankurichi
192744852,2503180,tl,Regadahalli
192744929,2503181,tl,Ketureddippatti
192745083,2503183,tl,Ramayanhalli
192745391,2503187,tl,Attur
192745622,2503190,tl,Kandakavundanur
192745776,2503192,tl,Tinnehalli
192745930,2503194,tl,Aiyampatti
192746238,2503198,tl,Tonganur
192746623,2503203,tl,Keraikodahalli
192746777,2503205,tl,Ramapuram
192746931,2503207,tl,Gopinadampatti
192747085,2503209,tl,Andipatti
192747239,2503211,tl,Polayampatti
192747316,2503212,tl,Jadayampatti
192747547,2503215,tl,Navalai
192748009,2503221,tl,Mavadipatty
192748086,2503222,tl,Sonnampatti
192748163,2503223,tl,Perumandapatti
192748240,2503224,tl,Ichchampadi
192748394,2503226,tl,Kilavalli
192748625,2503229,tl,Perichchur
192748779,2503231,tl,Pallattur
192748933,2503233,tl,Periyakamakshippatti
192749164,2503236,tl,Kattupatti
192749241,2503237,tl,Tiruvanappatti
192749395,2503239,tl,Palalyakottai
192749472,2503240,tl,Mettuttangal
192749703,2503243,tl,Settipatti
192749780,2503244,tl,Pallampatti
192749857,2503245,tl,Agraharam
192749934,2503246,tl,Vellalapatti
192750011,2503247,tl,Viranakuppam
192750165,2503249,tl,Gollappatti
192750242,2503250,tl,Komalipatti
192750473,2503253,tl,Panamarathupatti
192750550,2503254,tl,Karuvanur
192750627,2503255,tl,Chinnakanakampatti
192750704,2503256,tl,Vellalapatti
192750935,2503259,tl,Vedapatti
192751012,2503260,tl,Sengalpatti
192751243,2503263,tl,Mannadipatti
192751397,2503265,tl,Pudur
192751628,2503268,tl,Pallipatti
192751705,2503269,tl,Velampatti
192751782,2503270,tl,Tamaleripatti
192752167,2503275,tl,Ganapatipatti
192752244,2503276,tl,Mattiyampatti
192752398,2503278,tl,Tamarakollyampatti
192752552,2503280,tl,Vadugapatti
192752706,2503282,tl,Mavirippatti
192752783,2503283,tl,Kodamandapatti
192752860,2503284,tl,Soriyampatti
192753014,2503286,tl,Agraharam
192753168,2503288,tl,Velampatti
192753630,2503294,tl,Sekkampatti
192753784,2503296,tl,Kottarappati
192753938,2503298,tl,Gopisettipalaiyam
192754015,2503299,tl,Annamalaipatty
192754092,2503300,tl,Sandappatti
192754477,2503305,tl,Valatottam
192754554,2503306,tl,Andipatti
192754631,2503307,tl,Kolagampatty
192755093,2503313,tl,Annamalahalli
192755170,2503314,tl,Nambipatti
192755478,2503318,tl,Achalvadi
192755555,2503319,tl,Jammanahalli
192755632,2503320,tl,Tenkaraikottai
192755709,2503321,tl,Vadakarai
192755863,2503323,tl,Turinjihalli
192756248,2503328,tl,Appiyampatty
192756402,2503330,tl,Panamarattupatti
192756479,2503331,tl,Nadupatti
192756864,2503336,tl,Sennampatti
192757172,2503340,tl,Palayam
192757249,2503341,tl,Elavadi
192757403,2503343,tl,Samandahalli
192757634,2503346,tl,Giddanur
192757711,2503347,tl,Jakkupati
192757788,2503348,tl,Narayanapuram
192757865,2503349,tl,Kadiripuram
192757942,2503350,tl,Gollapalle
192758096,2503352,tl,Alasandapuram
192758173,2503353,tl,Thimmampeta
192758327,2503355,tl,Mottur
192758789,2503361,tl,Vadakkupattu
192759020,2503364,tl,Begaripeta
192759328,2503368,tl,Ambalur
192759405,2503369,tl,Thekkupattu
192759867,2503375,tl,Sigarnapalli
192760637,2503385,tl,Nattarampalli
192761253,2503393,tl,Jangalapuram
192761407,2503395,tl,Periyakammiyampatti
192762947,2503415,tl,Tiriyalam
192763640,2503424,tl,Agraharam
192763948,2503428,tl,Konerikuppam
192764949,2503441,tl,Damalerimuttur
192765103,2503443,tl,Odiyattur
192765719,2503451,tl,Pachchal
192766643,2503463,tl,Tatavalli
192766720,2503464,tl,Krishnapuram
192766797,2503465,tl,Chinnasamudram
192766951,2503467,tl,Somalapuram
192767028,2503468,tl,Periyavengayapalli
192768876,2503492,tl,Murtiyur
192768953,2503493,tl,Mandalavadi
192770416,2503512,tl,Nadupatrai
192770570,2503514,tl,Kotharpettai
192771032,2503520,tl,Alinjikuppam
192771263,2503523,tl,Valaiyampattu
192771340,2503524,tl,Udayendram
192771648,2503528,tl,Tumberi
192771725,2503529,tl,Mittanakuppam
192771879,2503531,tl,Elayanagaram
192772110,2503534,tl,Melkuppam
192772572,2503540,tl,Chinnapallikuppam
192772726,2503542,tl,Minnur
192773034,2503546,tl,Vadacheri
192773111,2503547,tl,Bapanapalli
192773188,2503548,tl,Sammandikuppam
192773496,2503552,tl,Nekkanamalai
192773573,2503553,tl,Periyavellakuttai
192773650,2503554,tl,Vellakuttai
192773804,2503556,tl,Kurumpatti
192773881,2503557,tl,Vallipattu
192774420,2503564,tl,Balappanur
192774651,2503567,tl,Nimmiyampattu
192774728,2503568,tl,Reddiyur
192774805,2503569,tl,Muthanur
192775113,2503573,tl,Marimanikuppam
192775190,2503574,tl,Omakuppam
192775267,2503575,tl,Nachchiyarkuppam
192775344,2503576,tl,Reddivalasai
192775652,2503580,tl,Narayanpuram
192775729,2503581,tl,Perumapattu
192775806,2503582,tl,Pappanur
192775883,2503583,tl,Irunapattu
192776114,2503586,tl,Andiyappanur
192776345,2503589,tl,Pallattur
192776422,2503590,tl,Jollagoundanur
192776961,2503597,tl,Rayaneri
192777423,2503603,tl,Rangapuram
192777500,2503604,tl,Nachcharkuppam
192777577,2503605,tl,Kamiyampattu
192777731,2503607,tl,Naneri
192777808,2503608,tl,Turanjikuppam
192778347,2503615,tl,Vellakuppam
192778655,2503619,tl,Periyamottur
192778732,2503620,tl,Rajapalaiyam
192779040,2503624,tl,Kettandapatti
192779194,2503626,tl,Kotarlamadugu
192779502,2503630,tl,Gudipalle
192779579,2503631,tl,Jangalapalli
192779733,2503633,tl,Chinthakanamah
192779887,2503635,tl,Nalanganallur
192779964,2503636,tl,Morasapalli
192780118,2503638,tl,Puttagaram
192780195,2503639,tl,Kadirimangalam
192780349,2503641,tl,Periyagaram
192780426,2503642,tl,Kasinayakkampatti
192780657,2503645,tl,Pallippattu
192781273,2503653,tl,Aravamatrapalli
192781427,2503655,tl,Ravuthapatti
192781504,2503656,tl,Elavampatti
192781581,2503657,tl,Panjarampatti
192781889,2503661,tl,Koratti
192782274,2503666,tl,Pudur
192782351,2503667,tl,Thadakallanur
192782428,2503668,tl,Chinnarampatti
192782505,2503669,tl,Nayakkanur
192782659,2503671,tl,Thoranampatty
192782736,2503672,tl,Muttampatti
192782813,2503673,tl,Mottur
192783198,2503678,tl,Kullampadi
192783275,2503679,tl,Periyakavundanur
192783352,2503680,tl,Karumandappadi
192783583,2503683,tl,Kristnapuram
192783814,2503686,tl,Adaliyur
192784353,2503693,tl,Karappattu
192784892,2503700,tl,Vannampalli
192784969,2503701,tl,Chinnakarapattu
192785200,2503704,tl,Chinnakunnattur
192785354,2503706,tl,Savadiyur
192785431,2503707,tl,Kumarampatti
192785662,2503710,tl,Upparapatti
192785739,2503711,tl,Kommampatti
192786047,2503715,tl,Gengaperampatti
192786586,2503722,tl,Kursampatti
192786740,2503724,tl,Turunjippatti
