id,city_id,language_key,name
188480455,2447799,ca,Kelanganahalli
188480532,2447800,ca,Timmalapuram
188480609,2447801,ca,Nagalapuram
188480686,2447802,ca,Lingadahal
188480763,2447803,ca,Uddihalu
188480840,2447804,ca,Bommanahal
188480917,2447805,ca,Upparahalu
188480994,2447806,ca,Ambapuram
188481071,2447807,ca,Ganigera
188481148,2447808,ca,Jakkalavadki
188481302,2447810,ca,Nallampalli
188481456,2447812,ca,Hulikere
188481533,2447813,ca,Kanakuppe
188481610,2447814,ca,Ajjanahalli
188481687,2447815,ca,Chennaganahalli
188481764,2447816,ca,Chitranaikanahalli
188481841,2447817,ca,Mallasamudra
188481918,2447818,ca,Devarahalli
188482072,2447820,ca,Basapura
188482226,2447822,ca,Tallakere
188482303,2447823,ca,Konapuram
188482380,2447824,ca,Rangasamudram
188482611,2447827,ca,Adaguppa
188482688,2447828,ca,Karisurayyadoddi
188482996,2447832,ca,Udegolam
188483073,2447833,ca,Virapuram
188483150,2447834,ca,Pulukunta
188483227,2447835,ca,Gonabhavi
188483304,2447836,ca,Gummagatta
188483381,2447837,ca,Gundiganihalli
188483458,2447838,ca,Vepalaparti
188483612,2447840,ca,Kappatalinganahalli
188483689,2447841,ca,Gollahatti
188483843,2447843,ca,Eradukera
188483920,2447844,ca,Govindayyadoddi
188483997,2447845,ca,Chelimenahalli
188484074,2447846,ca,Ajjayyadoddi
188484151,2447847,ca,Kalugodu
188484382,2447850,ca,Rangachedu
188484536,2447852,ca,Belodu
188484613,2447853,ca,Netrahalli
188484690,2447854,ca,Baginayakanahalli
188484767,2447855,ca,Rayampalli
188484921,2447857,ca,Vadrahonnur
188484998,2447858,ca,Kontanapalli
188485075,2447859,ca,Gopalapuram
188485229,2447861,ca,Avuladatla
188485306,2447862,ca,Marempalli
188485383,2447863,ca,Devareddipalle
188485460,2447864,ca,Rekulakunta
188485614,2447866,ca,Bhupasamudram
188485691,2447867,ca,Kannepalle
188485768,2447868,ca,Errampalle
188485922,2447870,ca,Gudipalle
188485999,2447871,ca,Muddalapuram
188486076,2447872,ca,Bhairasamudrum
188486153,2447873,ca,Nagireddipalle
188486230,2447874,ca,Errakondapuram
188486307,2447875,ca,Brahmasamudram
188486384,2447876,ca,Nanjapuram
188486461,2447877,ca,Mamaduru
188486692,2447880,ca,Vaderahalli
188486769,2447881,ca,Bomberahally
188486846,2447882,ca,Nallurahalli
188487154,2447886,ca,Visweswarapura
188487231,2447887,ca,Purlehalli
188487308,2447888,ca,Suranahalli
188487462,2447890,ca,Allapura
188487539,2447891,ca,Chenamanagatihalli
188487616,2447892,ca,Janjargunte
188487693,2447893,ca,Chattekamba
188487847,2447895,ca,Haravigondanahalli
188487924,2447896,ca,Halgondanahalli
188488001,2447897,ca,Nagondanahalli
188488078,2447898,ca,Kyatagondanahalli
188488155,2447899,ca,Modur
188488232,2447900,ca,Kamasamudra
188488309,2447901,ca,Gudehalli
188488386,2447902,ca,Mailanahalli
188488463,2447903,ca,Kasavigondanahalli
188488540,2447904,ca,Budihalli
188488617,2447905,ca,Renukapura
188488694,2447906,ca,Bhoganahalli
188488771,2447907,ca,Pabbarahalli
188488848,2447908,ca,Tippagondanahalli
188489002,2447910,ca,Parlachedu
188489079,2447911,ca,Vaddipalyam
188489156,2447912,ca,Pagadalabande
188489233,2447913,ca,Obulapuram
188489387,2447915,ca,Bommanakunte
188489464,2447916,ca,Korlakunte
188489541,2447917,ca,Putiorahalli
188489926,2447922,ca,Balapampalli
188490157,2447925,ca,Mulakaledu
188490234,2447926,ca,Mucharlapalli
188490311,2447927,ca,Ayyagarlapalle
188490388,2447928,ca,Tippareddihalli
188490465,2447929,ca,Donehalli
188490542,2447930,ca,Chikkabadihalli
188490619,2447931,ca,Dasarahally
188490696,2447932,ca,Basampalli
188490773,2447933,ca,Doddabadihalli
188490850,2447934,ca,Chintarlapalle
188490927,2447935,ca,Karadipalle
188491004,2447936,ca,Kanakuru
188491081,2447937,ca,Basapuram
188491158,2447938,ca,Mayidarlapalle
188491235,2447939,ca,Malayanur
188491312,2447940,ca,Kalvehalli
188491620,2447944,ca,Peddanahalli
188491697,2447945,ca,Arehalli
188491851,2447947,ca,Annechaknahalli
188491928,2447948,ca,Chikkakadnur
188492005,2447949,ca,Algondanahalli
188492159,2447951,ca,Lakkur
188492236,2447952,ca,Tatanahalli
188492390,2447954,ca,Doddakadanur
188492467,2447955,ca,Hiritalalu
188492621,2447957,ca,Gulaganjihalli
188492698,2447958,ca,Konigarahalli
188492775,2447959,ca,Torebiranahalli
188492929,2447961,ca,Belagere
188493006,2447962,ca,Burdakunte
188493083,2447963,ca,Gorlattu
188493160,2447964,ca,Kalmarahalli
188493237,2447965,ca,Hosahalli
188493391,2447967,ca,Mungasavalli
188493545,2447969,ca,Gulya
188493622,2447970,ca,Golahalli
188493699,2447971,ca,Elegondanahalli
188493776,2447972,ca,Chillahalli
188493853,2447973,ca,Abbinahole
188493930,2447974,ca,Venukalgudda
188494084,2447976,ca,Shravanagere
188494238,2447978,ca,Kanajanahalli
188494315,2447979,ca,Sugur
188494392,2447980,ca,Bettur
188494777,2447985,ca,Timmanayakanakote
188494854,2447986,ca,Oblapura
188494931,2447987,ca,Gosikere
188495008,2447988,ca,Chikkachellur
188495085,2447989,ca,Obanahalli
188495162,2447990,ca,Doddachellur
188495316,2447992,ca,Hosakere
188495624,2447996,ca,Halagaladdi
188495701,2447997,ca,Benkanahalli
188495778,2447998,ca,Dvarankunte
188495932,2448000,ca,Nidagatta
188496009,2448001,ca,Gandihalli
188496163,2448003,ca,Vardapura
188496240,2448004,ca,Korevu
188496317,2448005,ca,Hosakote
188496394,2448006,ca,Lakkanahally
188496548,2448008,ca,Tadakalur
188496625,2448009,ca,Timmanahalli
188496702,2448010,ca,Nidragatta
188496779,2448011,ca,Bejjihalli
188496856,2448012,ca,Karidasarahalli
188496933,2448013,ca,Chiratahalli
188497010,2448014,ca,Maddhalli
188497087,2448015,ca,Khandenahalli
188497318,2448018,ca,Pulikunta
188497395,2448019,ca,Valasa
188497626,2448022,ca,Mahadevapura
188497703,2448023,ca,Gauripura
188497780,2448024,ca,Pillahally
188497934,2448026,ca,Kyadigunte
188498242,2448030,ca,Tammadehalli
188498319,2448031,ca,Virapuram
188498473,2448033,ca,Madanakunta
188498550,2448034,ca,Vuduguru
188498627,2448035,ca,Kachikunta
188498704,2448036,ca,Kenkere
188498781,2448037,ca,Hemavati
188498935,2448039,ca,Obalapur
188499012,2448040,ca,Doddabanagere
188499089,2448041,ca,Nejanti
188499243,2448043,ca,Mallenahalli
188499320,2448044,ca,Dalagowdanahalli
188499474,2448046,ca,Bachanahalli
188499551,2448047,ca,Rangenahalli
188499628,2448048,ca,Neggalahalli
188499705,2448049,ca,Kallahalli
188499782,2448050,ca,Gohalli
188499859,2448051,ca,Singanakuppe
188499936,2448052,ca,Devaraguddenahalli
188500090,2448054,ca,Honnenahalli
188500167,2448055,ca,Yedegondanahalli
188500244,2448056,ca,Doddahalli
188500321,2448057,ca,Galavina Attikuppe
188500398,2448058,ca,Madahalli
188500629,2448061,ca,Mangalavadi
188500783,2448063,ca,Mukkanahalli
188500937,2448065,ca,Mudikuppa
188501091,2448067,ca,Kanchanahally
188501168,2448068,ca,Tandre
188501322,2448070,ca,Mundur
188501553,2448073,ca,Melur
188501630,2448074,ca,Karpurvalli
188501707,2448075,ca,Katnalu
188502015,2448079,ca,Kodiyala
188502246,2448082,ca,Rampura
188502400,2448084,ca,Halemirle
188502477,2448085,ca,Natlahalli
188502554,2448086,ca,Syabalu
188502631,2448087,ca,Chiknayakanhalli
188503324,2448096,ca,Arjunahalli
188503401,2448097,ca,Gaudanahalli
188503555,2448099,ca,Chikkavoddaragudi
188503632,2448100,ca,Kakanahalli
188503863,2448103,ca,Narachanahalli
188504017,2448105,ca,Haramballi
188504171,2448107,ca,Kanchinakere
188504248,2448108,ca,Dodda Woddaragudi
188504479,2448111,ca,Bettigahahalli
188504633,2448113,ca,Jainahalli
188504710,2448114,ca,Mudlapura
188504787,2448115,ca,Alambadi
188504864,2448116,ca,Mellahalli
188504941,2448117,ca,Doddayachenahalli
188505018,2448118,ca,Singanahalli
188505095,2448119,ca,Sambravalli
188505172,2448120,ca,Dadadahalli
188505403,2448123,ca,Chikkabherya
188505480,2448124,ca,Arakere
188505557,2448125,ca,Dudukanahalli
188505634,2448126,ca,Gubbahalli
188505711,2448127,ca,Chaudasamudra
188505788,2448128,ca,Bikanahalli
188505865,2448129,ca,Arenahalli
188506019,2448131,ca,Birahalli
188506096,2448132,ca,Bandaholi
188506173,2448133,ca,Woddaragudi
188506327,2448135,ca,Nandipura
188506558,2448138,ca,Natnahalli
188506635,2448139,ca,Mudanahalli
188506712,2448140,ca,Kyatanahalli
188506866,2448142,ca,Nagaranahalli
188507020,2448144,ca,Maluganahalli
188507097,2448145,ca,Kotiganahosur
188507174,2448146,ca,Honnenahalli
188507251,2448147,ca,Manikanahalli
188507405,2448149,ca,Gaddehosur
188507482,2448150,ca,Sravanahalli
188507559,2448151,ca,Alenahalli
188507636,2448152,ca,Bevinahalli
188507790,2448154,ca,Chikkamandagere
188508021,2448157,ca,Kalenahalli
188508098,2448158,ca,Dabbegatta
188508175,2448159,ca,Dorenahalli
188508252,2448160,ca,Kodimaranahalli
188508329,2448161,ca,Hodikahalli
188508406,2448162,ca,Chaudenahalli
188508483,2448163,ca,Ramanahalli
188508560,2448164,ca,Bichenahalli
188508714,2448166,ca,Lingapura
188508791,2448167,ca,Hirikalale
188508868,2448168,ca,Chikkalale
188508945,2448169,ca,Jakkanahalli
188509022,2448170,ca,Bettadahalli
188509099,2448171,ca,Annechakanahalli
188509176,2448172,ca,Kadumenasa
188509253,2448173,ca,Theganahalli
188509330,2448174,ca,Harinahalli
188509407,2448175,ca,Makavalli
188509484,2448176,ca,Heggadahalli
188509561,2448177,ca,Kuppahalli
188509638,2448178,ca,Mallenahalli
188509715,2448179,ca,Kundanahalli
188509869,2448181,ca,Chikkahosahalli
188509946,2448182,ca,Chikkonahalli
188510023,2448183,ca,Sadugonahalli
188510100,2448184,ca,Billaramanahalli
188510177,2448185,ca,Hosaholalu
188510254,2448186,ca,Kathrighatta
188510408,2448188,ca,Thirunenahalli
188510485,2448189,ca,Kurnenahalli
188510562,2448190,ca,Bommenahalli
188510716,2448192,ca,Mattighatta
188510793,2448193,ca,Nargonahalli
188510870,2448194,ca,Chaudenahalli
188511178,2448198,ca,Bellekere
188511332,2448200,ca,Basavanahalli
188511409,2448201,ca,Madavanakodi
188511563,2448203,ca,Haleyur
188511640,2448204,ca,Kapanahalli
188511717,2448205,ca,Natanahalli
188511794,2448206,ca,Somarathopura
188511871,2448207,ca,Guduganahalli
188511948,2448208,ca,Mambahalli
188512025,2448209,ca,Kudalakuppe
188512102,2448210,ca,Vitlapura
188512179,2448211,ca,Somenahalli
188512256,2448212,ca,Belatur
188512333,2448213,ca,Kattahalli
188512410,2448214,ca,Chikkadiganahalli
188512487,2448215,ca,Aralakuppe
188512564,2448216,ca,Yagadhakuppe
188512718,2448218,ca,Ambigarahalli
188512872,2448220,ca,Ganjigere
188512949,2448221,ca,Rachanahalli
188513334,2448226,ca,Mudigere
188513642,2448230,ca,Haleyur
188513719,2448231,ca,Marimallegaudana Koppal
188513873,2448233,ca,Doddakoppalu
188514181,2448237,ca,Arasina Koppal
188514258,2448238,ca,Siddanakoppalu
188514335,2448239,ca,Siddapura
188514412,2448240,ca,Kanchagarakoppalu
188514489,2448241,ca,Kestur
188514566,2448242,ca,Malali
188514643,2448243,ca,Muddanahally
188514720,2448244,ca,Kuppe
188514797,2448245,ca,Kuchchunahalli Kaval
188514874,2448246,ca,Kuppe
188514951,2448247,ca,Nijaganhalli
188515259,2448251,ca,Maragaudanahalli
188515413,2448253,ca,Harave
188515490,2448254,ca,Shirenahalli
188515567,2448255,ca,Madahalli
188515644,2448256,ca,Manchabayanahalli
188515721,2448257,ca,Maragaudanahalli
188515798,2448258,ca,Hirekyatanahalli
188515875,2448259,ca,Marur
188516029,2448261,ca,Chitkyatanahalli
188516106,2448262,ca,Moduru
188516260,2448264,ca,Biligere
188516645,2448269,ca,Agrahara
188516722,2448270,ca,Kirasodlu
188516799,2448271,ca,Naganahalli
188516876,2448272,ca,Tammadahalli
188517030,2448274,ca,Kalkunike
188517107,2448275,ca,Kirijaji
188517184,2448276,ca,Ramapatna
188517261,2448277,ca,Mukanahalli
188517338,2448278,ca,Ramenahalli
188517415,2448279,ca,Niluvagalu
188517492,2448280,ca,Hoskote
188517569,2448281,ca,Chennasoge
188517877,2448285,ca,Nadappanahalli
188517954,2448286,ca,Hospura
188518031,2448287,ca,Uddur
188518108,2448288,ca,Tippur
188518185,2448289,ca,Challahalli
188518262,2448290,ca,Benkipura
188518339,2448291,ca,Halepura
188518724,2448296,ca,Doddegaudana Koppal
188518878,2448298,ca,Maralaiyana Koppal
188519109,2448301,ca,Bannikuppe
188519186,2448302,ca,Somanahalli
188519340,2448304,ca,Kalegaudana Koppal
188519417,2448305,ca,Maraduru
188519571,2448307,ca,Kolagatta
188519648,2448308,ca,Hagaranahalli
188519802,2448310,ca,Saravanahalli
188519956,2448312,ca,Rangayana Koppal
188520187,2448315,ca,Hulle Halu
188520264,2448316,ca,Keriyuru
188520341,2448317,ca,Lakkanakoppalu
188520495,2448319,ca,Hejjodlu
188520649,2448321,ca,Rayanahalli
188520726,2448322,ca,Kuppe
188520803,2448323,ca,Siriuru
188520880,2448324,ca,Krishnapura
188520957,2448325,ca,Singanahally
188521111,2448327,ca,Kallikoppalu
188521265,2448329,ca,Chikkadiganahalli
188521419,2448331,ca,Machabayanahalli
188521573,2448333,ca,Kumbarakoppalu
188521804,2448336,ca,Arekere
188521958,2448338,ca,Jabagere
188522497,2448345,ca,Narayanapura
188522651,2448347,ca,Arekalkoppalu
188522882,2448350,ca,Byadarhalli
188523421,2448357,ca,Mudla Koppal
188523652,2448360,ca,Goragundi
188523729,2448361,ca,Sanyasipura
188523883,2448363,ca,Butler Koppal
188524037,2448365,ca,Katnahalli
188524114,2448366,ca,Tippur
188524191,2448367,ca,Chamalapura
188524345,2448369,ca,Mavinakere
188524422,2448370,ca,Kamenahally
188524653,2448373,ca,Lalandevanahally
188525115,2448379,ca,Hangraboyinahalli
188525192,2448380,ca,Basavapatna
188525346,2448382,ca,Ayarahalli
188525423,2448383,ca,Harohalli
188525654,2448386,ca,Cholenahalli
188525731,2448387,ca,Kempanahalli
188525808,2448388,ca,Tenkala Koppal
188525885,2448389,ca,Gerasanahalli
188526116,2448392,ca,Bettadur
188526578,2448398,ca,Bolanahalli
188526655,2448399,ca,Mallinathapura
188526886,2448402,ca,Manuganahalli
188526963,2448403,ca,Ankanahalli
188527117,2448405,ca,Handanahalli
188527194,2448406,ca,Dallal
188527271,2448407,ca,Jinahalli
188527656,2448412,ca,Gagenahalli
188527733,2448413,ca,Chikka Bichanhalli
188527810,2448414,ca,Doddabeechanahalli
188527887,2448415,ca,Hallikere
188528041,2448417,ca,Shankahalli
188528118,2448418,ca,Mariyanhundi
188528195,2448419,ca,Kattehundi
188528272,2448420,ca,Halladamanuganahalli
188528426,2448422,ca,Gauhalli
188528503,2448423,ca,Sale Koppal
188528580,2448424,ca,Undavadi
188528734,2448426,ca,Madagiri Koppal
188528888,2448428,ca,Sirimartola
188529119,2448431,ca,Saidpur
188529196,2448432,ca,Khanpur
188529273,2448433,ca,Jalalpur
188529350,2448434,ca,Palhauwa
188529427,2448435,ca,Chandpur
188529504,2448436,ca,Salur
188529581,2448437,ca,Daulatpur
188529812,2448440,ca,Mohaddipur
188529889,2448441,ca,Kumbhi
188529966,2448442,ca,Chamardih
188530120,2448444,ca,Zakar Chak
188530505,2448449,ca,Parjuar
188530659,2448451,ca,Ramnager
188530736,2448452,ca,Dahia
188530967,2448455,ca,Narhi
188531198,2448458,ca,Mureth
188531275,2448459,ca,Dhanga
188531737,2448465,ca,Amika Bigha
188531814,2448466,ca,Gopalpur
188531968,2448468,ca,Nirmal Bigha
188532276,2448472,ca,Amompur
188532353,2448473,ca,Amipur
188532430,2448474,ca,Bhadokhara
188532969,2448481,ca,Oraina
188533123,2448483,ca,Deuki Bigha
188533200,2448484,ca,Fakira Beldaritola
188533431,2448487,ca,Purnadih
188533585,2448489,ca,Didaur
188533893,2448493,ca,Tetariya
188534124,2448496,ca,Kamalpur
188534355,2448499,ca,Bhola Bigha
188534971,2448507,ca,Bermi
188535125,2448509,ca,Samai
188535202,2448510,ca,Pachhiyadih
188535356,2448512,ca,Majhanpur
188535664,2448516,ca,Sikandara
188535741,2448517,ca,Mosahritola
188535818,2448518,ca,Sonsihari
188536126,2448522,ca,Hemda
188536357,2448525,ca,Haibatpur
188536434,2448526,ca,Bishunpur
188536588,2448528,ca,Lohra
188537281,2448537,ca,Ghanghauli
188537666,2448542,ca,Mahanandpur
188537820,2448544,ca,Pande Bigha
188538205,2448549,ca,Patori
188538359,2448551,ca,Muhiudinpur
188538744,2448556,ca,Kurma
188538821,2448557,ca,Punadih
188538898,2448558,ca,Nanaura
188539437,2448565,ca,Asarhi
188539822,2448570,ca,Ghostawan
188539976,2448572,ca,Dewanpura
188540053,2448573,ca,Pachohya
188540207,2448575,ca,Wohari
188540284,2448576,ca,Kunaj
188540438,2448578,ca,Belatanr
188540515,2448579,ca,Mahana
188540592,2448580,ca,Bhanail Lodipur
188540823,2448583,ca,Lakhmohna
188540977,2448585,ca,Supaul
188541131,2448587,ca,Khaira
188541208,2448588,ca,Dhanwara
188541285,2448589,ca,Tajpur
188541439,2448591,ca,Ledaha
188541670,2448594,ca,Malikpur
188541901,2448597,ca,Jagan Karhari
188541978,2448598,ca,Phulwan
188542132,2448600,ca,Parto Karhari
188542209,2448601,ca,Dhandhari
188542286,2448602,ca,Gangta
188542594,2448606,ca,Diri
188542748,2448608,ca,Hasanpur
188543056,2448612,ca,Derawan
188543518,2448618,ca,Balampur
188543826,2448622,ca,Telaram
188544134,2448626,ca,Kishunpur
188544288,2448628,ca,Kumhar Bigaha
188544365,2448629,ca,Runnipur
188544596,2448632,ca,Pachgawan
188544750,2448634,ca,Dakra
188545058,2448638,ca,Dariyapur Siram
188545212,2448640,ca,Fatehpur
188545366,2448642,ca,Lakshmi Bigha
188545597,2448645,ca,Pachrukhi
188545828,2448648,ca,Dewara
188545905,2448649,ca,Mahiman Bigaha
188545982,2448650,ca,Sherpur
188546059,2448651,ca,Pakri
188546136,2448652,ca,Surjpura
188546213,2448653,ca,Kulna
188546290,2448654,ca,Nad
188546367,2448655,ca,Mankhar
188546444,2448656,ca,Hurahi
188546521,2448657,ca,Dergawan
188546598,2448658,ca,Gopalpur
188546675,2448659,ca,Mane Bigaha
188546752,2448660,ca,Ghazipur
188546829,2448661,ca,Chhotka Amwan
188546906,2448662,ca,Bhumai
188547137,2448665,ca,Piraunta
188547291,2448667,ca,Sirpat
188547368,2448668,ca,Kuhila
188547445,2448669,ca,Gangata
188547522,2448670,ca,Bandarkol
188547599,2448671,ca,Amahra
188547676,2448672,ca,Dhakni
188547753,2448673,ca,Sirampur
188548061,2448677,ca,Samanpachrukhi
188548138,2448678,ca,Ghanta
188548215,2448679,ca,Balia
188548292,2448680,ca,Baksoti
188548369,2448681,ca,Maheshdih
188548446,2448682,ca,Assuan
188548523,2448683,ca,Pahraitha
188548677,2448685,ca,Katru Chak
188548754,2448686,ca,Ratni
188548831,2448687,ca,Misir Chak
188548908,2448688,ca,Budwara
188549062,2448690,ca,Gajudih
188549139,2448691,ca,Khakhanduwa
188549216,2448692,ca,Gautam
188549293,2448693,ca,Rampur
188549447,2448695,ca,Kharsan
188549524,2448696,ca,Bhawanpur
188549678,2448698,ca,Koriyauna
188549755,2448699,ca,Bahiara
188549909,2448701,ca,Thali Khurd
188550140,2448704,ca,Garm
188550217,2448705,ca,Bahargawan
188550294,2448706,ca,Gangadih
188550371,2448707,ca,Dhanpuri
188550448,2448708,ca,Baniya Bigha
188550602,2448710,ca,Tetariya
188550833,2448713,ca,Madhopur
188550910,2448714,ca,Sarbahanpur
188550987,2448715,ca,Harnarayanpur
188551064,2448716,ca,Bishunpur
188551218,2448718,ca,Baratanr
188551295,2448719,ca,Kataia
188551372,2448720,ca,Asnakoni
188551603,2448723,ca,Darshan
188551680,2448724,ca,Pipra
188551834,2448726,ca,Mahbhara
188551911,2448727,ca,Dilhua
188551988,2448728,ca,Duari
188552219,2448731,ca,Dumri
188552296,2448732,ca,Kathaun
188552450,2448734,ca,Kunda
188552604,2448736,ca,Sekharpur
188552681,2448737,ca,Japhra
188552912,2448740,ca,Dirmo Bara
188552989,2448741,ca,Jhakhor
188553220,2448744,ca,Bhatta
188553297,2448745,ca,Bara
188553528,2448748,ca,Sabda
188553605,2448749,ca,Kumhrawan
188553836,2448752,ca,Marui
188553913,2448753,ca,Sundra
188553990,2448754,ca,Mahrawan
188554144,2448756,ca,Partabpur Nizamat
188554375,2448759,ca,Gorihar
188554529,2448761,ca,Dholi Chak
188554683,2448763,ca,Hamza Chak
188554760,2448764,ca,Nazardih
188554914,2448766,ca,Sitapur
188555068,2448768,ca,Marra
188555376,2448772,ca,Kusdehra
188555530,2448774,ca,Bhandajor
188555607,2448775,ca,Kosirukhi
188555684,2448776,ca,Baliari
188555761,2448777,ca,Harsidhpur
188555915,2448779,ca,Pachghara
188556146,2448782,ca,Dhanawan
188556223,2448783,ca,Telari
188556300,2448784,ca,Sadiqpur
188556454,2448786,ca,Mahuli
188556531,2448787,ca,Chhanun
188556608,2448788,ca,Ghorahi
188556685,2448789,ca,Sheikhpura
188556762,2448790,ca,Santhe
188556839,2448791,ca,Karman
188556916,2448792,ca,Bishunpur
188556993,2448793,ca,Budhauli
188557301,2448797,ca,Bajwara
188557455,2448799,ca,Marawan
188557609,2448801,ca,Roh
188557917,2448805,ca,Gawali Bigha
188557994,2448806,ca,Chorwar
188558071,2448807,ca,Samhri
188558302,2448810,ca,Bariarpur
188558379,2448811,ca,Budhan Bigha
188558456,2448812,ca,Iruri
188558610,2448814,ca,Bhaluki
188558764,2448816,ca,Sarkanda
188558841,2448817,ca,Kanikend
188558918,2448818,ca,Bhadali
188559072,2448820,ca,Bhakra
188559149,2448821,ca,Pokhardiha
188559226,2448822,ca,Dumduma
188559611,2448827,ca,Kamalpur
188559688,2448828,ca,Mahkar
188560458,2448838,ca,Pachamba
188560535,2448839,ca,Khaprah
188560612,2448840,ca,Bahera Bhelwa
188560689,2448841,ca,Harla
188560766,2448842,ca,Tara Bigha
188560843,2448843,ca,Baliyari Buzurg
188560920,2448844,ca,Rewar
188561151,2448847,ca,Udan Bigha
188561305,2448849,ca,Dumrawan
188561382,2448850,ca,Bihta
188561536,2448852,ca,Kewal Bigha
188561613,2448853,ca,Rohua
188561690,2448854,ca,Dosut
188561767,2448855,ca,Meghipur
188561998,2448858,ca,Khapura
188562075,2448859,ca,Rajpur
188562152,2448860,ca,Siur
188562460,2448864,ca,Hajiapur
188562537,2448865,ca,Raikar
188562614,2448866,ca,Rahamganj
188562691,2448867,ca,Motalib Chak
188562768,2448868,ca,Kathokari
188562999,2448871,ca,Maheshpur
188563076,2448872,ca,Hunrahi
188563153,2448873,ca,Madhepur
188563230,2448874,ca,Madhurapur
188563307,2448875,ca,Poksi
188563461,2448877,ca,Rajo Bigha
188563692,2448880,ca,Dharni Bigha
188564077,2448885,ca,Kishori
188564154,2448886,ca,Odhpura
188564308,2448888,ca,Garua
188564385,2448889,ca,Bandha
188564539,2448891,ca,Karmaniya
188564616,2448892,ca,Moulanagar
188564693,2448893,ca,Abid Bigha
188564770,2448894,ca,Chatarwar
188565155,2448899,ca,Makanpur
188565309,2448901,ca,Lilabigha
188565771,2448907,ca,Chandipur
188565848,2448908,ca,Sultanpur
188565925,2448909,ca,Manjaur
188566233,2448913,ca,Milki
188566464,2448916,ca,Badhanpur
188566618,2448918,ca,Hajipur
188566695,2448919,ca,Murarbigha
188566849,2448921,ca,Bhalua
188566926,2448922,ca,Gangta
188567234,2448926,ca,Maya Bigha
188567311,2448927,ca,Mangra
188567465,2448929,ca,Rustampur
188567542,2448930,ca,Abdalpur
188567619,2448931,ca,Loharpur
188567850,2448934,ca,Dularpur
188568158,2448938,ca,Paura
188568235,2448939,ca,Jharayan
188568312,2448940,ca,Nathanpura
188568389,2448941,ca,Anandpura
188568466,2448942,ca,Rajabigha
188568543,2448943,ca,Begrajpur
188568928,2448948,ca,Barail
188569005,2448949,ca,Qazi Chak
188569159,2448951,ca,Dola
188569236,2448952,ca,Mai
188569544,2448956,ca,Baliari
188570391,2448967,ca,Karma
188571238,2448978,ca,Mahuatanr
188571315,2448979,ca,Tilaia
188571392,2448980,ca,Kendua
188571546,2448982,ca,Karmatanr
188571623,2448983,ca,Nawada
188571700,2448984,ca,Mahuatanr
188571777,2448985,ca,Nawada
188572008,2448988,ca,Chandedih
188572085,2448989,ca,Jadutanr
188572393,2448993,ca,Garagargi
188572470,2448994,ca,Chamgudo Khurd
188572624,2448996,ca,Bisodih
188572778,2448998,ca,Pipradih
188572855,2448999,ca,Gainra
188572932,2449000,ca,Pokdanda
188573086,2449002,ca,Singardih
188573163,2449003,ca,Sonpura
188573317,2449005,ca,Kurmidih
188573394,2449006,ca,Kanko
188573625,2449009,ca,Kandrapdih
188573779,2449011,ca,Bekobar
188573856,2449012,ca,Kharkharo
188574010,2449014,ca,Belgarha
188574087,2449015,ca,Dumardiha
188574164,2449016,ca,Sondedih
188574318,2449018,ca,Kusmadih
188574395,2449019,ca,Robhnadih
188574472,2449020,ca,Ghanghri
188574549,2449021,ca,Dahuatola
188574626,2449022,ca,Maheshmarai
188574703,2449023,ca,Kusahan
188574780,2449024,ca,Kariawan
188574857,2449025,ca,Bisodih
188574934,2449026,ca,Chak
188575011,2449027,ca,Chandarghatti
188575088,2449028,ca,Bigha
188575165,2449029,ca,Dharaidih
188575319,2449031,ca,Harli
188575396,2449032,ca,Charki Pahari
188575550,2449034,ca,Tamai
188575627,2449035,ca,Suga Sankh
188575781,2449037,ca,Murtia
188575858,2449038,ca,Bela
188575935,2449039,ca,Kanti
188576012,2449040,ca,Majhgaon
188576243,2449043,ca,Belkhara
188576397,2449045,ca,Gawanpur
188576474,2449046,ca,Bajpur
188576551,2449047,ca,Harino
188576628,2449048,ca,Baradih
188576782,2449050,ca,Alagdiha
188576936,2449052,ca,Kandaghoghar
188577013,2449053,ca,Chandabigha
188577244,2449056,ca,Karma
188577321,2449057,ca,Tilodih
188577398,2449058,ca,Bundu
188577552,2449060,ca,Belhara
188577706,2449062,ca,Bejladih
188577783,2449063,ca,Bijaia
188577860,2449064,ca,Orparta
188577937,2449065,ca,Chatro
188578091,2449067,ca,Barkuta Chatan
188578399,2449071,ca,Indarwa
188578553,2449073,ca,Chhotki Dhamrai
188579400,2449084,ca,Dhebuadih
188579631,2449087,ca,Chandrodih
188579785,2449089,ca,Nauadih
188579862,2449090,ca,Kakoriathamai
188579939,2449091,ca,Khairidih
188580016,2449092,ca,Kharkota
188580170,2449094,ca,Garhai
188580247,2449095,ca,Garaindih
188580324,2449096,ca,Baheradih
188580401,2449097,ca,Kolgarma
188580555,2449099,ca,Lariyadih
188580786,2449102,ca,Kamaidih
188580863,2449103,ca,Phulwariya
188581017,2449105,ca,Salaia
188581094,2449106,ca,Pathaldiha
188581325,2449109,ca,Kheskari
188581402,2449110,ca,Katahadih
188581479,2449111,ca,Godakhar
188581556,2449112,ca,Sahebadih
188581633,2449113,ca,Gamharbad
188581787,2449115,ca,Dandadih
188582172,2449120,ca,Biharo
188582249,2449121,ca,Papraon
188582326,2449122,ca,Udalo
188582403,2449123,ca,Latbedhwa
188582634,2449126,ca,Satdiha
188582865,2449129,ca,Baddiha
188582942,2449130,ca,Chehal
188583019,2449131,ca,Kolhua Kalan
188583096,2449132,ca,Dhobiapahri
188583173,2449133,ca,Baherabad
188583327,2449135,ca,Purhara
188583404,2449136,ca,Bairisal
188583558,2449138,ca,Chandarpur
188583635,2449139,ca,Tetaria Bhandaro
188583712,2449140,ca,Bhandaro
188583789,2449141,ca,Hathgada
188583866,2449142,ca,Barkangango
188583943,2449143,ca,Chhutharikatia
188584097,2449145,ca,Garjamu
188584251,2449147,ca,Dapokh
188584405,2449149,ca,Chuglamo
188584482,2449150,ca,Banpura
188584790,2449154,ca,Khurdjawar
188584944,2449156,ca,Basramo
188585021,2449157,ca,Gaira
188585098,2449158,ca,Chhahariaon
188585175,2449159,ca,Madhuban
188585252,2449160,ca,Gharbariabar
188585329,2449161,ca,Masnodih
188585714,2449166,ca,Nerpur
188585791,2449167,ca,Bangaikalan
188585868,2449168,ca,Karakhut
188586099,2449171,ca,Panchgaon
188586176,2449172,ca,Phulwaria
188586407,2449175,ca,Kharkhar
188586484,2449176,ca,Karmandih
188586638,2449178,ca,Raedih
188586715,2449179,ca,Paisra
188586869,2449181,ca,Bagro
188586946,2449182,ca,Hariharpur
188587177,2449185,ca,Masmohana
188587331,2449187,ca,Bagridih
188587408,2449188,ca,Lachhandih
188587485,2449189,ca,Raghuniadih
188587639,2449191,ca,Pathalkudwa
188587716,2449192,ca,Naitanr
188587793,2449193,ca,Mihisaundha
188587870,2449194,ca,Asnabad
188587947,2449195,ca,Chonrhi
188588024,2449196,ca,Kundi Dhanwar
188588101,2449197,ca,Katahi
188588178,2449198,ca,Nimadih
188588332,2449200,ca,Bansdih
188588409,2449201,ca,Turmi
188588486,2449202,ca,Chhotki Lerhia
188588640,2449204,ca,Kaunjhiadih
188588717,2449205,ca,Nawadih
188588794,2449206,ca,Beko
188588871,2449207,ca,Khagradih
188588948,2449208,ca,Amjo
188589179,2449211,ca,Ghaghdih
188589256,2449212,ca,Garchanch
188589333,2449213,ca,Bagodih
188589487,2449215,ca,Jogiatila
188589564,2449216,ca,Tilokri
188589872,2449220,ca,Daldalia
188590026,2449222,ca,Behradih
188590103,2449223,ca,Mandaria
188590411,2449227,ca,Chadra
188590488,2449228,ca,Pantisale
188590642,2449230,ca,Bhualdih
188591027,2449235,ca,Pispiro
188591181,2449237,ca,Kurumdih
188591258,2449238,ca,Khariodih
188591489,2449241,ca,Ghurmunda
188591566,2449242,ca,Ghoraunja
188591643,2449243,ca,Sewatanr
188591720,2449244,ca,Irgobad
188591797,2449245,ca,Panru
188591874,2449246,ca,Bhikhnadih
188591951,2449247,ca,Kharpoka
188592028,2449248,ca,Berogain
188592105,2449249,ca,Jatghaghra
188592259,2449251,ca,Dumduma
188592336,2449252,ca,Manaia
188592490,2449254,ca,Bangawan
188592567,2449255,ca,Dhi Sa`di
188592721,2449257,ca,Jamsoti
188592798,2449258,ca,Ragdih
188592952,2449260,ca,Darhai
188593106,2449262,ca,Masani
188593491,2449267,ca,Alho
188593568,2449268,ca,Dumri
188593645,2449269,ca,Kakarcholi
188593722,2449270,ca,Paharpur
188593953,2449273,ca,Kargaio
188594030,2449274,ca,Musawa
188594184,2449276,ca,Kàtia
188594261,2449277,ca,Brahmantola
188594338,2449278,ca,Malmal
188594646,2449282,ca,Harpur
188594800,2449284,ca,Balain
188594877,2449285,ca,Nagdah
188595416,2449292,ca,Rahika
188595801,2449297,ca,Bijalpura
188596186,2449302,ca,Saurath
188596879,2449311,ca,Marar
188597033,2449313,ca,Serma
188597264,2449316,ca,Belahi
188597495,2449319,ca,Harnagar
188597880,2449324,ca,Jagat
188597957,2449325,ca,Ijra
188598188,2449328,ca,Sundarpur Bhitthi
188598881,2449337,ca,Dumri
188599112,2449340,ca,Ramnagar
188599189,2449341,ca,Katai
188599728,2449348,ca,Khajuri
188599805,2449349,ca,Lakhanpatti
188600729,2449361,ca,Salempur
188600883,2449363,ca,Ratbah
188601037,2449365,ca,Balia
188601268,2449368,ca,Gokhul
188601422,2449370,ca,Sonaur
188601576,2449372,ca,Nima
188601884,2449376,ca,Mominpur
188601961,2449377,ca,Mohiuddinpur
188602192,2449380,ca,Birsar
188602346,2449382,ca,Samaul
188602500,2449384,ca,Poharsam
188602577,2449385,ca,Chandi Thakurtola
188602654,2449386,ca,Dahibhat Madhopur
188602731,2449387,ca,Hanumannagar
188602885,2449389,ca,Gandhwar
188602962,2449390,ca,Kakna
188603116,2449392,ca,Dahibhat Narotam
188603193,2449393,ca,Shahpur
188603270,2449394,ca,Hati
188603347,2449395,ca,Gangapur
188603424,2449396,ca,Sisauna
188603578,2449398,ca,Siswa
188603655,2449399,ca,Sarhad
188603963,2449403,ca,Belahi
188604271,2449407,ca,Bathne
188604579,2449411,ca,Udaipur Bithwar
188604656,2449412,ca,Dabhari
188604733,2449413,ca,Bhaur
188604964,2449416,ca,Raguni Dehat
188605041,2449417,ca,Mangrauni
188605349,2449421,ca,Paliwar
188605580,2449424,ca,Pilakhwar
188605657,2449425,ca,Magarpatti
188605734,2449426,ca,Khor
188606196,2449432,ca,Pipraulia
188606273,2449433,ca,Bheria Bishunpur
188606350,2449434,ca,Mirzapur
188606504,2449436,ca,Sonwari
188606581,2449437,ca,Jankinagar
188606812,2449440,ca,Ramkhetari
188607197,2449445,ca,Bhalni
188607428,2449448,ca,Belhwar
188607582,2449450,ca,Andipatti
188607813,2449453,ca,Karmauli
188608044,2449456,ca,Madhubanitol
188608121,2449457,ca,Pariharpur
188608352,2449460,ca,Darha
188608660,2449464,ca,Meran
188608891,2449467,ca,Beta Kakarghati
188608968,2449468,ca,Thengha
188609507,2449475,ca,Satghara
188609892,2449480,ca,Kalikapur
188610200,2449484,ca,Chatmania
188610277,2449485,ca,Ramgarha
188610585,2449489,ca,Rajanpura
188610662,2449490,ca,Nandih
188610739,2449491,ca,Sarabe
188611509,2449501,ca,Lalapur
188611663,2449503,ca,Keolpatti
188611740,2449504,ca,Patpara
188612279,2449511,ca,Khajauli
188613203,2449523,ca,Beldari
188613434,2449526,ca,GJao Nghia
188613819,2449531,ca,Maharajpur
188613973,2449533,ca,Chatra
188614204,2449536,ca,Chatra Gobraura
188614281,2449537,ca,Kusmar
188614358,2449538,ca,Chandardih
188614589,2449541,ca,Baksahi
188614974,2449546,ca,Sahorathan
188615051,2449547,ca,Kewan
188615436,2449552,ca,Kunwar
188616283,2449563,ca,Narayanpatti
188616360,2449564,ca,Jaipatti
188616514,2449566,ca,Bangawan
188616899,2449571,ca,Barhara
188617130,2449574,ca,Bhatsimar
188617438,2449578,ca,Sugauna
188617515,2449579,ca,Bhagwanpur
188617669,2449581,ca,Bhatgawan
188618131,2449587,ca,Tilai
188618362,2449590,ca,Parsa
188618439,2449591,ca,Baluaha
188618824,2449596,ca,Rampura
188618901,2449597,ca,Nakti
188619055,2449599,ca,Mahuahi
188619132,2449600,ca,Koilakh
188619363,2449603,ca,Salempur
188619440,2449604,ca,Biraul
188619902,2449610,ca,Jhaua
188620133,2449613,ca,Chaupta
188620210,2449614,ca,Kako
188620595,2449619,ca,Barahgoria
188620980,2449624,ca,Kanauli
188621057,2449625,ca,Raiam
188621134,2449626,ca,Mohanpur
188621365,2449629,ca,Bali
188621442,2449630,ca,Bharaul
188621519,2449631,ca,Kothia
188621596,2449632,ca,Balni Mehath
188621750,2449634,ca,Mahinathpur
188622058,2449638,ca,Mahua
188622520,2449644,ca,Birkha
188623059,2449651,ca,Amchanadka
188623136,2449652,ca,Hosangadi
188623213,2449653,ca,Mogeru
188623444,2449656,ca,Peraje
188623598,2449658,ca,Mandekolu
188624214,2449666,ca,Katikaje
188625061,2449677,ca,Palar
188625446,2449682,ca,Pathikallu
188625754,2449686,ca,Adpangaya
188626447,2449695,ca,Kanakamajalu
188626524,2449696,ca,Guddadka
188626832,2449700,ca,Perlampady
188626909,2449701,ca,Kaniyuru
188627987,2449715,ca,Aranthamajlu
188628603,2449723,ca,Abira
188628988,2449728,ca,Narkodu
188629065,2449729,ca,Kunehadka
188629450,2449734,ca,Sonangeri
188631914,2449766,ca,Peradka
188631991,2449767,ca,Gonadka
188632992,2449780,ca,Mardala
188633146,2449782,ca,Kenchanahalu
188633223,2449783,ca,Goppenahalli
188633300,2449784,ca,Malahalu
188633377,2449785,ca,Penasamudra
188633454,2449786,ca,Haralahalli
188633531,2449787,ca,Gondihosahalli
188633608,2449788,ca,Karehalli
188633762,2449790,ca,Nagenahalli
188633839,2449791,ca,Dhanuki
188634301,2449797,ca,Thakurania
188634378,2449798,ca,Andhri
188634455,2449799,ca,Patharpatti
188634532,2449800,ca,Kajiana
188634686,2449802,ca,Dularpur
188634763,2449803,ca,Ruchaul
188634917,2449805,ca,Adalpur
188634994,2449806,ca,Fazla
188635071,2449807,ca,Bhalpatti
188635148,2449808,ca,Narpatnagar
188635456,2449812,ca,Balat
188635533,2449813,ca,Maqsuda
188635610,2449814,ca,Kanakpur
188635687,2449815,ca,Bihta
188635764,2449816,ca,Kanhauli
188636534,2449826,ca,Hasanpur
188636611,2449827,ca,Gangia
188636688,2449828,ca,Chikni
188637073,2449833,ca,Bhidhi
188637150,2449834,ca,Ranna
188637227,2449835,ca,Majhiam
188637304,2449836,ca,Shahzadpur
188637381,2449837,ca,Basdeopur
188637458,2449838,ca,Dagarsam
188637689,2449841,ca,Ami
188637766,2449842,ca,Nainaghat
188637997,2449845,ca,Semraon
188638074,2449846,ca,Rarhiam
188638151,2449847,ca,Supaul
188638228,2449848,ca,Upardaha
188638382,2449850,ca,Tarauni
188638536,2449852,ca,Lachhmipur
188638613,2449853,ca,Birnia
188638998,2449858,ca,Balgaon
188639460,2449864,ca,Mahpara
188639537,2449865,ca,Kapchhahi
188639614,2449866,ca,Deokali
188639691,2449867,ca,Mekna Baida
188640076,2449872,ca,Athar
188640153,2449873,ca,Kamalpur
188640307,2449875,ca,Madhopur
188640538,2449878,ca,Balni
188640769,2449881,ca,Baghnochi
188640846,2449882,ca,Fatulaha
188641077,2449885,ca,Serwamanor
188641231,2449887,ca,Behrauna
188641308,2449888,ca,Dhanauli
188641385,2449889,ca,Kushiam
188641462,2449890,ca,Bhachhi Asli
188641693,2449893,ca,Mauli
188641847,2449895,ca,Turqui
188642232,2449900,ca,Sosari
188642309,2449901,ca,Bithauli
188642386,2449902,ca,Sakarlohar
188643156,2449912,ca,Jarshon
188643387,2449915,ca,Kuzeh Kanan
188643772,2449920,ca,Kamalpur
188643926,2449922,ca,Havidih
188644003,2449923,ca,Sajanpura
188644311,2449927,ca,Basuham
188645004,2449936,ca,Pohadi
188645158,2449938,ca,Amaithi
188645235,2449939,ca,Deoram
188645620,2449944,ca,Ibrahimpur
188645774,2449946,ca,Sirampur
188645928,2449948,ca,Havi Bhauar
188646775,2449959,ca,Achalpur
188646852,2449960,ca,Paiktola
188646929,2449961,ca,Narha
188647083,2449963,ca,Bikupatti
188647160,2449964,ca,Mahwa
188647314,2449966,ca,Baigani
188647853,2449973,ca,Mokarampur
188647930,2449974,ca,Sajhwar
188648007,2449975,ca,Malkana
188648161,2449977,ca,Raghopur
188648392,2449980,ca,Ghusi
188648623,2449983,ca,Lehara
188648777,2449985,ca,Gotiari
188649008,2449988,ca,Bikrampur Balia
188649085,2449989,ca,Balia
188649316,2449992,ca,Nazra
188649547,2449995,ca,Kanokhar
188649701,2449997,ca,Gauna
188649778,2449998,ca,Jatuka
188649855,2449999,ca,Jagdishpur
188650009,2450001,ca,Fatehpur
188650086,2450002,ca,Belahi
188650163,2450003,ca,Chak Chintamanpur
188650240,2450004,ca,Bidhipur
188650471,2450007,ca,Bhandarso
188650548,2450008,ca,Makeranda
188650779,2450011,ca,Hanumannagar
188650856,2450012,ca,Chandaur
188650933,2450013,ca,Chak Basawan
188651318,2450018,ca,Bazidpur
188651626,2450022,ca,Nawada
188651703,2450023,ca,Bhawanipur
188651780,2450024,ca,Shankarpur
188651857,2450025,ca,Meghaul
188652011,2450027,ca,Bahengra
188652165,2450029,ca,Andah
188652704,2450036,ca,Kalyanpur
188652781,2450037,ca,Hatitola
188653166,2450042,ca,Sarso
188653474,2450046,ca,Phulban
188653551,2450047,ca,Tatuwar
188653705,2450049,ca,Sukhwara
188653782,2450050,ca,Khavirak
188654090,2450054,ca,Lohna
188654398,2450058,ca,Sardapur
188654475,2450059,ca,Bahuarwa
188654552,2450060,ca,Rampur
188654629,2450061,ca,Barha
188654706,2450062,ca,Gangauli
188654783,2450063,ca,Ujan
188654937,2450065,ca,Dubhaul
188655091,2450067,ca,Naruar
188655168,2450068,ca,Sarbsima
188655245,2450069,ca,Madhepur
188655399,2450071,ca,Sonpur
188655553,2450073,ca,Phulwaria
188655630,2450074,ca,Dhankaul
188655784,2450076,ca,Baghant
188655861,2450077,ca,Bisuhat
188656015,2450079,ca,Mamobihat
188656169,2450081,ca,Shankarpur
188656400,2450084,ca,Adhloam
188656477,2450085,ca,Sohat
188656631,2450087,ca,Putai
188656708,2450088,ca,Bathay
188656785,2450089,ca,Kotma
188656862,2450090,ca,Kathra
188657247,2450095,ca,Pachrukhi
188657401,2450097,ca,Ejrahta
188657478,2450098,ca,Chaka
188657555,2450099,ca,Sakatraipur
188657632,2450100,ca,Sirampur
188657709,2450101,ca,Sherpur
188657786,2450102,ca,Narayanpur
188657863,2450103,ca,Lodiami
188658017,2450105,ca,Gadaul
188658171,2450107,ca,Ramauli
188658248,2450108,ca,Motipur
188658325,2450109,ca,Antaur
188658864,2450116,ca,Haritha
188658941,2450117,ca,Andauli
188659249,2450121,ca,Watganj
188659403,2450123,ca,Harsinghpur
188659480,2450124,ca,Dhamwara
188659865,2450129,ca,Kiratpur
188659942,2450130,ca,Nawanagar
188660019,2450131,ca,Askaul
188660173,2450133,ca,Khamhan
188660327,2450135,ca,Panchupatti
188660404,2450136,ca,Neuri
188660481,2450137,ca,Sonbihat
188660558,2450138,ca,Rupnagar
188660635,2450139,ca,Gudam
188660712,2450140,ca,Shivnagar
188660943,2450143,ca,Kortho
188661020,2450144,ca,Barhampura
188661174,2450146,ca,Haranhalli
188661251,2450147,ca,Mayagodanahalli
188661405,2450149,ca,Kallenahalli
188661713,2450153,ca,Hariyanahalli
188661790,2450154,ca,Kanabkatte
188661867,2450155,ca,Anuvanhalli
188661944,2450156,ca,Tadaga
188662021,2450157,ca,Naranapura
188662098,2450158,ca,Bankankatte
188662252,2450160,ca,Hosahalli
188662483,2450163,ca,Mugali
188662560,2450164,ca,Gadihalli
188662637,2450165,ca,Guddadahalli
188662714,2450166,ca,Kallapur
188662791,2450167,ca,Annapur
188662868,2450168,ca,Garagadahalli
188662945,2450169,ca,Nandipura
188663022,2450170,ca,Siraganhalli
188663099,2450171,ca,Bandre
188663253,2450173,ca,Tagginahalli
188663330,2450174,ca,Tyagadakatte
188663407,2450175,ca,Tyarajanahalli
188663484,2450176,ca,Giriyapura
188663561,2450177,ca,Gijikatte
188663715,2450179,ca,Rangapur
188663869,2450181,ca,Kanavahalli
188663946,2450182,ca,Singenahalli
188664023,2450183,ca,Tuppadahalli
188664100,2450184,ca,Kenchapura
188664254,2450186,ca,Devarahosahalli
188664408,2450188,ca,Bettakadur
188664485,2450189,ca,Talikatte
188664562,2450190,ca,Mahadevapur
188664639,2450191,ca,Honumali
188664716,2450192,ca,Rangapura
188664793,2450193,ca,Dasikatte
188665024,2450196,ca,Talakatte
188665101,2450197,ca,Vaderahalli
188665178,2450198,ca,Gangasamudra
188665255,2450199,ca,Gundasamudra
188665332,2450200,ca,Arabagatte
188665486,2450202,ca,Channasamudra
188665563,2450203,ca,Muddapura
188665717,2450205,ca,Navanekere
188665871,2450207,ca,Bidarakere
188666025,2450209,ca,Mallapanahalli
188666179,2450211,ca,Chikkammanahalli
188666333,2450213,ca,Jammapura
188666641,2450217,ca,Burudekatte
188666795,2450219,ca,Ballekere
188667026,2450222,ca,Basavapura
188667411,2450227,ca,Dalokhar
188667642,2450230,ca,Kabbinakere
188667719,2450231,ca,Bhutanahalli
188667873,2450233,ca,Sanehalli
188667950,2450234,ca,Sohanpur
188668027,2450235,ca,Arabala
188668181,2450237,ca,Heggadehalli
188668335,2450239,ca,Hullehalli
188668643,2450243,ca,Hurulihalli
188668797,2450245,ca,Malali
188669182,2450250,ca,Parbatiatol
188669259,2450251,ca,Settyhalli
188669413,2450253,ca,Kodihalli
188669721,2450257,ca,Palyadahalli
188669875,2450259,ca,Srirangapura
188670029,2450261,ca,Kundur
188670106,2450262,ca,Pachrukhi
188670183,2450263,ca,Anivala
188670337,2450265,ca,Bagur
188670414,2450266,ca,Rampur
188670491,2450267,ca,Nagenhalli
188670722,2450270,ca,Mogalaha
188670799,2450271,ca,Doddaranganahalli
188670953,2450273,ca,Lakkenahalli
188671338,2450278,ca,Mantenahalli
188671492,2450280,ca,Chikyagati
188671569,2450281,ca,Balirajpur
188671646,2450282,ca,Kadivanakatte
188671723,2450283,ca,Kukrupatti
188671800,2450284,ca,Kondapura
188671877,2450285,ca,Labkatol
188671954,2450286,ca,Jantigolalu
188672185,2450289,ca,Khojpur
188672493,2450293,ca,Nagarakatte
188672647,2450295,ca,Hebballi
188672801,2450297,ca,Heruru
188672878,2450298,ca,Tarapatti
188673109,2450301,ca,Hosahatti
188673263,2450303,ca,Gowdihalli
188673494,2450306,ca,Tuminakere
188673648,2450308,ca,Bisanahalli
188673879,2450311,ca,Satghara
188674033,2450313,ca,Visvanatanahalli
188674341,2450317,ca,Tirumalapura
188674495,2450319,ca,Gunderi
188674572,2450320,ca,Mangrauna
188674649,2450321,ca,Bommanakatte
188674803,2450323,ca,Lokadolalu
188675034,2450326,ca,Santenahalli
188675188,2450328,ca,Avinahatty
188675342,2450330,ca,Pastan
188675419,2450331,ca,Uganikatte
188675650,2450334,ca,Kabbala
188675804,2450336,ca,Mavinakatte
188675958,2450338,ca,Kallahalli
188676112,2450340,ca,Galirangayyanahatti
188676266,2450342,ca,Devikere
188676420,2450344,ca,Kumbargatte
188676574,2450346,ca,Dhatatol
188676651,2450347,ca,Guttikatte
188676805,2450349,ca,Madhure
188677036,2450352,ca,Honnekere
188677190,2450354,ca,Rangapura
188677344,2450356,ca,Gollarhatti
188677498,2450358,ca,Mahrail
188677729,2450361,ca,Banaur
188678422,2450370,ca,Bataua
188678499,2450371,ca,Karanpur
188678653,2450373,ca,Manzil Hamid
188678961,2450377,ca,Barsam
188679577,2450385,ca,Tajpur
188680347,2450395,ca,Majhaura
188680655,2450399,ca,Bisaul
188680809,2450401,ca,Kanakpura
188681194,2450406,ca,Dumariahi
188681579,2450411,ca,Lawani
188681810,2450414,ca,Berma
188681887,2450415,ca,Kachhwi
188682195,2450419,ca,Kharaua
188682426,2450422,ca,Sangram
188682503,2450423,ca,Gidarganj
188683042,2450430,ca,Jaipatti
188683427,2450435,ca,Rakbe Sudai
188683658,2450438,ca,Ratauli
188684043,2450443,ca,Bhagwatipur
188684120,2450444,ca,Nonaur
188684274,2450446,ca,Laksena
188684351,2450447,ca,Madna
188684582,2450450,ca,Thruahi
188684736,2450452,ca,Jamaila
188685121,2450457,ca,Saini
188685506,2450462,ca,Baika
188685583,2450463,ca,Bachhauni
188686045,2450469,ca,Belha
188686122,2450470,ca,Amauja
188686276,2450472,ca,Hasanpur
188686353,2450473,ca,Jagatpur
188687046,2450482,ca,Palar
188687123,2450483,ca,Parsa
188687200,2450484,ca,Baghakhal
188687739,2450491,ca,Kabiahi
188688201,2450497,ca,Sonpatahi
188688432,2450500,ca,Jagarnathpur
188688586,2450502,ca,Bharaha
188688663,2450503,ca,Sisauni
188689125,2450509,ca,Bathnaha
188689202,2450510,ca,Hanumannagar
188689356,2450512,ca,Chharapatti
188690357,2450525,ca,Jatahi
188690973,2450533,ca,Sihula
188691127,2450535,ca,Paryagpur
188691589,2450541,ca,Bela
188691743,2450543,ca,Lahri
188691974,2450546,ca,Jhanjpatti Doman
188692051,2450547,ca,Hudra
188692205,2450549,ca,Bairbana
188692282,2450550,ca,Balanpatti
188692359,2450551,ca,Barmotar Bhajnaha
188692436,2450552,ca,Ekama
188692590,2450554,ca,Bishunpur
188692667,2450555,ca,Rajpur
188692744,2450556,ca,Ekhatha
188692821,2450557,ca,Maharajpur
188692975,2450559,ca,Inamat
188693437,2450565,ca,Ekdara
188693514,2450566,ca,Ghuskipatti
188693591,2450567,ca,Bala Bakhur
188693745,2450569,ca,Sugapatti
188694515,2450579,ca,Khatwatola
188694669,2450581,ca,Katwasa
188694746,2450582,ca,Kalapatti
188694823,2450583,ca,Dahapatti
188695054,2450586,ca,Kishnipatti
188695131,2450587,ca,Naotol
188695208,2450588,ca,Hebbur
188695285,2450589,ca,Dhanauja
188695670,2450594,ca,Jhakhrahi
188695747,2450595,ca,Channapura
188695824,2450596,ca,Harnathpatti
188695901,2450597,ca,Chamanahalli
188696055,2450599,ca,Melinahalli
188696209,2450601,ca,Hirenallur
188696363,2450603,ca,Narasipura
188696440,2450604,ca,Gangdhara
188696517,2450605,ca,Kyadigere
188696594,2450606,ca,Kamanakere
188696671,2450607,ca,Hullehalli
188696825,2450609,ca,Maralanhalli
188696902,2450610,ca,Dasarahalli
188696979,2450611,ca,Garwatol
188697056,2450612,ca,Kalayyanakoppalu
188697210,2450614,ca,Sijaulia
188697518,2450618,ca,Sigehadlu
188697672,2450620,ca,Bantiganahalli
188697826,2450622,ca,Byagadihalli
188697980,2450624,ca,Turuvanahalli
188698057,2450625,ca,Tilat
188698442,2450630,ca,Kallapur
188698519,2450631,ca,Garwa
188698904,2450636,ca,Malleswara
188699212,2450640,ca,Haruvanahalli
188699289,2450641,ca,Paita
188699366,2450642,ca,Dombarahalli
188700059,2450651,ca,Kadurhalli
188700213,2450653,ca,Vaddarhatti
188700752,2450660,ca,Karahalli
188700906,2450662,ca,Biranahalli
188701060,2450664,ca,Madalu
188701214,2450666,ca,Sadarahalli
188701368,2450668,ca,Kanagondanahalli
188701676,2450672,ca,Baidatol
188701984,2450676,ca,Macheri
188702138,2450678,ca,Surapura
188702215,2450679,ca,Alola
188702369,2450681,ca,Khaira
188702446,2450682,ca,Nemua
188702523,2450683,ca,Yalagundanahalli
188702831,2450687,ca,Parsahi Sirsia
188702908,2450688,ca,Vittalapura
188702985,2450689,ca,Bela
188703062,2450690,ca,Yellambalasi
188703139,2450691,ca,Chikbasur
188703216,2450692,ca,Nagondanahalli
188703447,2450695,ca,Boraganhalli
188703601,2450697,ca,Bislere
188703678,2450698,ca,Chakkanahalli
188703755,2450699,ca,Arehalli
188703909,2450701,ca,Gadaganahalli
188704140,2450704,ca,Sollapur
188704294,2450706,ca,Chinnapura
188704448,2450708,ca,Tamatanahalli
188704525,2450709,ca,Begur
188704602,2450710,ca,Sanklapura
188704756,2450712,ca,Antaragatta
188704910,2450714,ca,Siddapur
188704987,2450715,ca,Hadagalu
188705064,2450716,ca,Gummanahalli
188705141,2450717,ca,Gollarhatti
188705295,2450719,ca,Kallihoshalli
188705372,2450720,ca,Mudagere
188705449,2450721,ca,Hurukanahalli
188705526,2450722,ca,Chikballekere
188705603,2450723,ca,Hireballekere
188705680,2450724,ca,Geddalahalli
188705834,2450726,ca,Donnekoranahalli
188705911,2450727,ca,Mavinahalli
188705988,2450728,ca,Rampura
188706065,2450729,ca,Hiregarji
188706219,2450731,ca,Garji
188706373,2450733,ca,Hanumanahalli
188706912,2450740,ca,Yaradakere
188706989,2450741,ca,Alagatta
188707066,2450742,ca,Hullegundi
188707143,2450743,ca,Chattanahalli
188707297,2450745,ca,Pattadevarahalli
188707451,2450747,ca,Mattihalli
188707605,2450749,ca,Kallelinganahalli
188707759,2450751,ca,Hyaralagatta
188707913,2450753,ca,Hanumantapura
188708067,2450755,ca,Gujjenhalli
188708144,2450756,ca,Annigere
188708221,2450757,ca,Patanhalli
188708298,2450758,ca,Kottagere
188708452,2450760,ca,Muglikatte
188708529,2450761,ca,Udugere
188708606,2450762,ca,Guddehalli
188708683,2450763,ca,Harisamudra
188709145,2450769,ca,Kallukere
188709299,2450771,ca,Adrikatte
188709376,2450772,ca,Maribagatta
188709453,2450773,ca,Kondajji
188709607,2450775,ca,Kanguvalli
188709684,2450776,ca,Aladahalli
188709761,2450777,ca,Koratikere
188709838,2450778,ca,Bagasettihalli
188709992,2450780,ca,Vaddarhatti
188710146,2450782,ca,Vokkalagere
188710377,2450785,ca,Honabogihalli
188710454,2450786,ca,Hochihalli
188710531,2450787,ca,Honnenahalli
188710608,2450788,ca,Adigerehalli
188710685,2450789,ca,Vaderahalli
188710762,2450790,ca,Doddappanahalli
188711070,2450794,ca,Muddenahalli
188711147,2450795,ca,Basavanahalli
188711301,2450797,ca,Mallenahalli
188711378,2450798,ca,Kanchagal
188711455,2450799,ca,Settihalli
188711609,2450801,ca,Kunkanadu
188711686,2450802,ca,Alagatta
188711763,2450803,ca,Maradihalli
188712071,2450807,ca,Yarehalli
188712148,2450808,ca,Alagatta
188712302,2450810,ca,Banjenahalli
188712379,2450811,ca,Gollarahatti
188712456,2450812,ca,Panchehosahalli
188712764,2450816,ca,Vaderahalli
188712841,2450817,ca,Gollarahatti
188713149,2450821,ca,Nagarahalu
188713226,2450822,ca,Hochihalli
188713534,2450826,ca,Thippanahalli
188713688,2450828,ca,Kallahalli
188713765,2450829,ca,Kamenahalli
188713996,2450832,ca,Holalakere
188714304,2450836,ca,Sukaligarahatti
188714381,2450837,ca,Siddapura
188714535,2450839,ca,Guddenahalli
188714920,2450844,ca,Machenahalli
188714997,2450845,ca,Kurubarahalli
188715151,2450847,ca,Sankaranahalli
188715228,2450848,ca,Narsipura
188715305,2450849,ca,Woddarahalli
188715382,2450850,ca,Kottigehalli
188715613,2450853,ca,Doddagatta
188715690,2450854,ca,Sivanenahalli
188715767,2450855,ca,Suranakanahalli
188715844,2450856,ca,Gollarahatty
188715921,2450857,ca,Kodihalli
188716229,2450861,ca,Bandur
188716383,2450863,ca,Kodihalli
188716537,2450865,ca,Mosale
188716614,2450866,ca,Sankihalli
188716691,2450867,ca,Mallidevihalli
188716768,2450868,ca,Timmanahalli
188716999,2450871,ca,Savantanahalli
188717538,2450878,ca,Kabbali
188717692,2450880,ca,Sanabinagondi
188717769,2450881,ca,Jadakanakatte
188717923,2450883,ca,Devarahalli
188718154,2450886,ca,Chalanahalli
188718231,2450887,ca,Kavalipur
188718385,2450889,ca,Mattighatta
188718462,2450890,ca,Lakkenahalli
188718616,2450892,ca,Koppalu
188718770,2450894,ca,Bananahalli
188718847,2450895,ca,Nanjappanahalli
188719001,2450897,ca,Keresante
188719155,2450899,ca,Chomanahalli
188719232,2450900,ca,Santekerehalli
188719309,2450901,ca,Malapanhalli
188719386,2450902,ca,Linglapura
188719540,2450904,ca,Ganapthihalli
188719617,2450905,ca,Halladahalli
188719771,2450907,ca,Chikkadevanur
188719848,2450908,ca,Kamenahalli
188719925,2450909,ca,Dodda Biranahalli
188720079,2450911,ca,Machigaudanahalli
188720233,2450913,ca,Bagilaghatta
188720310,2450914,ca,Bevinahalli
188720464,2450916,ca,Kenkerehalli
188720541,2450917,ca,Vaderahalli
188720849,2450921,ca,Maragondanahalli
188720926,2450922,ca,Belavali
188721003,2450923,ca,Arakere
188721157,2450925,ca,Kolagunda
188721311,2450927,ca,Mavatanahalli
188721388,2450928,ca,Upparkalenahalli
188721465,2450929,ca,Madanahalli
188721542,2450930,ca,Singanahalli
188721696,2450932,ca,Tirupatihalli
188721773,2450933,ca,Kaldevarahalli
188722004,2450936,ca,Handralu
188722081,2450937,ca,Kenganahalli
188722158,2450938,ca,Undiganalu
188722312,2450940,ca,Kurudahalli
188722466,2450942,ca,Govindpura
188722543,2450943,ca,Madapura
188722774,2450946,ca,Matadahosahalli
188723159,2450951,ca,Bettadapura
188723236,2450952,ca,Hiriyur
188723621,2450957,ca,Korenahalli
188723698,2450958,ca,Chaluvanahalli
188724006,2450962,ca,Salapura
188724083,2450963,ca,Chikkananakoppal
188724237,2450965,ca,Doddenahalli
188724391,2450967,ca,Malapura
188724622,2450970,ca,Venkatapura
188724699,2450971,ca,Chikkarehalli
188724776,2450972,ca,Manakathur
188724853,2450973,ca,Thondiganahalli
188725315,2450979,ca,Somanahalli
188725392,2450980,ca,Mallagatta
188725546,2450982,ca,Rangapura
188725700,2450984,ca,Narayanapura
188725777,2450985,ca,Siddramanahalli
188725854,2450986,ca,Shankaranahalli
188725931,2450987,ca,Kundur
188726162,2450990,ca,Ganjigere
188726393,2450993,ca,Arehalli
188726470,2450994,ca,Nagasamudra
188726624,2450996,ca,Hosahalli
188726855,2450999,ca,Tippagatta
188726932,2451000,ca,Yarehalli
188727009,2451001,ca,Kurvanka
188727240,2451004,ca,Sunkadahalli
188727317,2451005,ca,Byragondanahalli
188727394,2451006,ca,Kurubarahalli
188727702,2451010,ca,Mastihalli
188727779,2451011,ca,Bendekere
188727856,2451012,ca,Kanahalli
188728087,2451015,ca,Hosahalli
188728164,2451016,ca,Kallanaikanahalli
188728318,2451018,ca,Chikkur
188728395,2451019,ca,Bisalehalli
188728780,2451024,ca,Javanahalli
188728934,2451026,ca,Gollarahatti
188729011,2451027,ca,Marundi
188729088,2451028,ca,Bairanakoppal
188729242,2451030,ca,Annayikanhalli
188729319,2451031,ca,Gollarahalli
188729627,2451035,ca,Yelavare
188729704,2451036,ca,Yarehalli
188729781,2451037,ca,Gijihalli
188729858,2451038,ca,Muddaranganahalli
188729935,2451039,ca,Mudenahalli
188730089,2451041,ca,Katekere
188730243,2451043,ca,Jajur
188730397,2451045,ca,Haratanahalli
188730551,2451047,ca,Kempasagara
188730628,2451048,ca,Purlehalli
188730859,2451051,ca,Anandanahalli
188731013,2451053,ca,Kodihalli
188731090,2451054,ca,Maratakere
188731244,2451056,ca,Bedarahalli
188731398,2451058,ca,Bairapura
188731629,2451061,ca,Vitalapura
188731783,2451063,ca,Chakenahalli
188731937,2451065,ca,Duggavara
188732014,2451066,ca,Kumminagatta
188732091,2451067,ca,Papenahalli
188732245,2451069,ca,Hulikere
188732322,2451070,ca,Gulihatti
188732399,2451071,ca,Tanigekal
188732553,2451073,ca,Mallapura
188732630,2451074,ca,Doddagatta
188732707,2451075,ca,Banasihalli
188732861,2451077,ca,Kempegaudanahalli
188732938,2451078,ca,Nanjapura
188733092,2451080,ca,Lingappanakoppal
188733246,2451082,ca,Machenahalli
188733323,2451083,ca,Mohammadpura
188733477,2451085,ca,Gattadahalli
188733708,2451088,ca,Gonisomenahalli
188733862,2451090,ca,Rajagere
188733939,2451091,ca,Hulikere
188734093,2451093,ca,Harubihalli
188734170,2451094,ca,Tattehalli
188734247,2451095,ca,Bisalahalli
188734324,2451096,ca,Dasigaudanahalli
188734478,2451098,ca,Komaranahalli
188734555,2451099,ca,Savasihalli
188734632,2451100,ca,Kodihalli
188734709,2451101,ca,Woddarahalli
188734786,2451102,ca,Sivapura
188734940,2451104,ca,Holabagere
188735017,2451105,ca,Bettadalur
188735171,2451107,ca,Suledevarahalli
188735479,2451111,ca,Chikkagadduvalli
188735556,2451112,ca,Heggadihalli
188735633,2451113,ca,Timmanahalli
188736018,2451118,ca,Kadavarahalli
188736095,2451119,ca,Ugane
188736172,2451120,ca,Maranahalli
188736403,2451123,ca,Ibbane
188736480,2451124,ca,Kattehalli
188736634,2451126,ca,Mallenahalli
188736711,2451127,ca,Janivara
188736788,2451128,ca,Bommenahalli
188736942,2451130,ca,Mugalur
188737404,2451136,ca,Basavanapura
188737481,2451137,ca,Mudigere
188737635,2451139,ca,Muddanahally
188737789,2451141,ca,Hendinagere
188737866,2451142,ca,Haralalli
188737943,2451143,ca,Kanadipura
188738251,2451147,ca,Uddur
188738944,2451156,ca,Korahalli
188739021,2451157,ca,Hachagodanahalli
188739098,2451158,ca,Attihalli
188739175,2451159,ca,Chinnenahalli
188739329,2451161,ca,Tejur
188739483,2451163,ca,Rachenahalli
188740022,2451170,ca,Aladahalli
188740099,2451171,ca,Kadaga
188740330,2451174,ca,Kalludevarahalli
188740484,2451176,ca,Virapura
188740561,2451177,ca,Devihalli
188740638,2451178,ca,Kakkehalli
188740792,2451180,ca,Timmanahalli
188740869,2451181,ca,Gollanahalli
188740946,2451182,ca,Kondaji
188741023,2451183,ca,Rayapura
188741100,2451184,ca,Ballenahalli
188741177,2451185,ca,Kondajikoppal
188741254,2451186,ca,Madihalli
188741331,2451187,ca,Devarahalli
188741793,2451193,ca,Tirumalahalli
188742024,2451196,ca,Mattigatta
188742101,2451197,ca,Sanenahalli
188742178,2451198,ca,Gangur
188742255,2451199,ca,Chatnahalli
188742409,2451201,ca,Kanakenahalli
188742486,2451202,ca,Minuganahalli
188742563,2451203,ca,Appihalli
188742717,2451205,ca,Singatagere
188742871,2451207,ca,Bommenahalli
188743025,2451209,ca,Singatagere
188743102,2451210,ca,Brahmadevarahalli
188743564,2451216,ca,Yelagunda
188743641,2451217,ca,Chaudenahalli
188743718,2451218,ca,Sajjenahalli
188743795,2451219,ca,Kelavatti
188743872,2451220,ca,Lingarasanahalli
188743949,2451221,ca,Ubbenahalli
188744026,2451222,ca,Manchenahalli
188744103,2451223,ca,Nittur
188744257,2451225,ca,Dyaplapura
188744411,2451227,ca,Bogarahalli
188744488,2451228,ca,Hemmagaudanahalli
188744642,2451230,ca,Halasinahalli
188744719,2451231,ca,Somenahalli
188744873,2451233,ca,Mudlapura
188745181,2451237,ca,Doddakondagula
188745335,2451239,ca,Haralahalli
188745720,2451244,ca,Nidudi
188745874,2451246,ca,Chiranahalli
188746105,2451249,ca,Satyamangala
188746336,2451252,ca,Chattram
188746413,2451253,ca,Gokaravalli
188746567,2451255,ca,Saudaravalli
188746644,2451256,ca,Tendahalli
188746798,2451258,ca,Lakshmisagara
188746875,2451259,ca,Chikka Bhuvanahalli
188746952,2451260,ca,Kummanahalli
188747029,2451261,ca,Koravangala
188747260,2451264,ca,Chikkakadalur
188747337,2451265,ca,Kabbali
188747414,2451266,ca,Krishnapura
188747568,2451268,ca,Hirekadalur
188747645,2451269,ca,Kodihalli
188747722,2451270,ca,Pumagame
188747799,2451271,ca,Chikkamenahalli
188747876,2451272,ca,Muttatti
188747953,2451273,ca,Anugavalli
188748030,2451274,ca,Honnavara
188748107,2451275,ca,Timmanahalli
188748184,2451276,ca,Devihalli
188748261,2451277,ca,Kuduragundi
188748338,2451278,ca,Vedavathi
188748415,2451279,ca,Tirupatihalli
188748646,2451282,ca,Kammaragatta
188748723,2451283,ca,Muttihallikoppal
188748800,2451284,ca,Kadihalli
188748877,2451285,ca,Hungarahalli
188749416,2451292,ca,Karegunda
188749570,2451294,ca,Kamalapura
188749647,2451295,ca,Nagenahalli
188749724,2451296,ca,Kankanchenahalli
188749801,2451297,ca,Malidevihalli
188749878,2451298,ca,Doddenahalli
188749955,2451299,ca,Jadagatte
188750032,2451300,ca,Bilenahalli
188750186,2451302,ca,Appenahalli
188750263,2451303,ca,Bairapura
188750340,2451304,ca,Basavaghatta
188750417,2451305,ca,Hullenahalli
188750494,2451306,ca,Jinakerehalli
188750571,2451307,ca,Siddapura
188750648,2451308,ca,Kittanakere
188750802,2451310,ca,Timmanahalli
188750956,2451312,ca,Honnenahalli
188751033,2451313,ca,Bommenahalli
188751264,2451316,ca,Mayasamudra
188751341,2451317,ca,Yogihalli
188751418,2451318,ca,Handrangi
188751495,2451319,ca,Halasinahalli
188751572,2451320,ca,Dyavalapura
188751649,2451321,ca,Chattenahalli
188751803,2451323,ca,Chaurikoppal
188751880,2451324,ca,Gadenahalli
188752034,2451326,ca,Chikka Jakkenahalli
188752111,2451327,ca,Malagodu
188752188,2451328,ca,Maknahalli
188752265,2451329,ca,Kammarige
188752496,2451332,ca,Krishnapura
188752650,2451334,ca,Mudigere
188752727,2451335,ca,Attavara
188752804,2451336,ca,Chennammanahalli
188752881,2451337,ca,Kattehalli
188752958,2451338,ca,Nandihalli
188753035,2451339,ca,Hosahalli
188753189,2451341,ca,Jogenahalli
188753266,2451342,ca,Chittanahalli
188753343,2451343,ca,Belavattahalli
188753420,2451344,ca,Hebbaranhalli
188753497,2451345,ca,Makanahalli
188753574,2451346,ca,Guttinakere
188753651,2451347,ca,Kannagondi
188753728,2451348,ca,Mettinahole
188753805,2451349,ca,Kadadankere
188754036,2451352,ca,Ballalasamudra
188754113,2451353,ca,Gollarahatti
188754190,2451354,ca,Mattur
188754267,2451355,ca,Mallenahalli
188754498,2451358,ca,Narasipura
188754652,2451360,ca,Devapura
188754729,2451361,ca,Honnenahalli
188755114,2451366,ca,Sivanakatte
188755191,2451367,ca,Bokikere
188755268,2451368,ca,Chennasamudra
188755422,2451370,ca,Machenahalli
188755576,2451372,ca,Kyadigere
188755653,2451373,ca,Kellodu
188755730,2451374,ca,Goravigondanahalli
188755807,2451375,ca,Attigatta
188755884,2451376,ca,Muttagundi
188755961,2451377,ca,Lingadahalli
188756038,2451378,ca,Jogamanahalli
188756115,2451379,ca,Kappagere
188756192,2451380,ca,Sodaranal
188756269,2451381,ca,Kurubarahalli
188756346,2451382,ca,Hunavinadu
188756500,2451384,ca,Hunasekatte
188756577,2451385,ca,Masanihally
188756654,2451386,ca,Nagatihalli
188756731,2451387,ca,Bochenahalli
188756808,2451388,ca,Hullukatti
188756885,2451389,ca,Kodihalli
188756962,2451390,ca,Benakanahalli
188757270,2451394,ca,Budipura
188757424,2451396,ca,Nakikere
188757501,2451397,ca,Gulihosahalli
188757578,2451398,ca,Doddakittadahalli
188757809,2451401,ca,Kenkere
188757886,2451402,ca,Madadakere
188757963,2451403,ca,Ramejanahalli
188758194,2451406,ca,Mallapura
188758348,2451408,ca,Attimagi
188758425,2451409,ca,Kachawara
188758502,2451410,ca,Tippenahalli
188758579,2451411,ca,Arehalli
188758656,2451412,ca,Ajjikamsagara
188758733,2451413,ca,Karihalli
188758810,2451414,ca,Doddanapalya
188758964,2451416,ca,Kappanaikanahalli
188759041,2451417,ca,Siddagondanahalli
188759118,2451418,ca,Tarikere
188759195,2451419,ca,Indedevarahatty
188759349,2451421,ca,Bevinahalli
188759426,2451422,ca,Iyanahalli
188759503,2451423,ca,Siranakatte
188759734,2451426,ca,Lakkihalli
188759811,2451427,ca,Gaunahalli
188759888,2451428,ca,Madihalli
188760042,2451430,ca,Balugatte
188760119,2451431,ca,Bharamgiri
188760273,2451433,ca,Ittigehalli
188760350,2451434,ca,Agasarahalli
188760504,2451436,ca,Kasappanahalli
188760581,2451437,ca,Giriyapur
188760658,2451438,ca,Lakshmidevarahalli
188760966,2451442,ca,Chinakanahalli
188761043,2451443,ca,Koppal
188761120,2451444,ca,Maravanji
188761197,2451445,ca,Kalledevarahalli
188761351,2451447,ca,Aladahalli
188761428,2451448,ca,Garugadahalli
188761505,2451449,ca,Ganganahalli
188761813,2451453,ca,Bittenahalli
188761967,2451455,ca,Kasuvanahalli
188762044,2451456,ca,Muttanigere
188762198,2451458,ca,Gire Bommanahalli
188762275,2451459,ca,Donnakatte
188762352,2451460,ca,Mallenahalli
188762506,2451462,ca,Timmalapura
188762660,2451464,ca,Panchanahalli
188762737,2451465,ca,Nidavalli
188762814,2451466,ca,Uppinahalli
188762891,2451467,ca,Hosakere
188763045,2451469,ca,Tandaga
188763122,2451470,ca,Singenahalli
188763276,2451472,ca,Kodihalli
188763353,2451473,ca,Yadegatte
188763430,2451474,ca,Kabala
188763507,2451475,ca,Bommenahalli
188763584,2451476,ca,Tonachenahalli
188763661,2451477,ca,Tumbinakere
188763738,2451478,ca,Kallakere
188763815,2451479,ca,Aralahalli
188763969,2451481,ca,Hagalakere
188764046,2451482,ca,Menasinadu
188764123,2451483,ca,Gollarahatti
188764200,2451484,ca,Ganjigere
188764354,2451486,ca,Sirigondanahalli
188764431,2451487,ca,Doddathekalavatti
188764508,2451488,ca,Chikkathekalavatti
188764585,2451489,ca,Malappanahalli
188764739,2451491,ca,Somasandra
188764816,2451492,ca,Kainadu
188764893,2451493,ca,Naigere
188764970,2451494,ca,Nagaragere
188765047,2451495,ca,Harogondanahalli
188765355,2451499,ca,Sudagadnapalya
188765509,2451501,ca,Kurubarahalli
188765586,2451502,ca,Mallihalli
188765663,2451503,ca,Somenahalli
188765740,2451504,ca,Bannikere
188765817,2451505,ca,Kidukanahalli
188765894,2451506,ca,Doddahullenahalli
188765971,2451507,ca,Bommenahalli
188766202,2451510,ca,Bennigundahalli
188766356,2451512,ca,Sankaranahalli
188766433,2451513,ca,Madarahalli
188766587,2451515,ca,Kittanakere
188766664,2451516,ca,Ramagatte
188766818,2451518,ca,Timmalapura
188766972,2451520,ca,Handanakere
188767049,2451521,ca,Gungarbagi
188767126,2451522,ca,Chikka Ennegere
188767203,2451523,ca,Dodda Ennegere
188767357,2451525,ca,Choragondanahalli
188767588,2451528,ca,Dinkanahalli
188767665,2451529,ca,Naduvanahalli
188767742,2451530,ca,Motihalli
188767819,2451531,ca,Gavirangapura
188767973,2451533,ca,Heggere
188768050,2451534,ca,Dalvaikatte
188768127,2451535,ca,Girimallainapalya
188768204,2451536,ca,Gulihalli
188768281,2451537,ca,Obalapura
188768358,2451538,ca,Totadamane
188768589,2451541,ca,Kachapur
188768666,2451542,ca,Vengalapura
188768743,2451543,ca,Sadarahalli
188768820,2451544,ca,Nerlakere
188769051,2451547,ca,Kadavugere
188769128,2451548,ca,Mengasandra
188769205,2451549,ca,Bachavara
188769282,2451550,ca,Gollarahalli
188769359,2451551,ca,Bukkasagara
188769590,2451554,ca,Kaggalakatte
188769667,2451555,ca,Kittadahal
188769821,2451557,ca,Kanchipura
188769975,2451559,ca,Naganaikanakatte
188770052,2451560,ca,Singapura
188770283,2451563,ca,Bhattarahalli
188770360,2451564,ca,Marathipalya
188770437,2451565,ca,Koragere
188770514,2451566,ca,Upparahatti
188770591,2451567,ca,Salapura
188770668,2451568,ca,Baragihalli
188770745,2451569,ca,Honnasettihalli
188770822,2451570,ca,Sabenahalli
188770899,2451571,ca,Ramalingapalya
188771053,2451573,ca,Harenahalli
188771130,2451574,ca,Lingadahalli
188771207,2451575,ca,Karadihalli
188771284,2451576,ca,Kallu Sadarahalli
188771361,2451577,ca,Somasettihalli
188771438,2451578,ca,Ahmadpura
188771515,2451579,ca,Narsipur
188771669,2451581,ca,Jennavara
188772208,2451588,ca,Tirupati
188772285,2451589,ca,Karehalli
188772362,2451590,ca,Bommenahalli
188772439,2451591,ca,Agunda
188772516,2451592,ca,Sulikere
188772670,2451594,ca,Bandihalli
188772747,2451595,ca,Kodihalli
188773055,2451599,ca,Kelamgere
188773132,2451600,ca,Narayanaghattahalli
188773363,2451603,ca,Honnenahalli
188773517,2451605,ca,Ajjanahalli
188773594,2451606,ca,Chellapura
188773671,2451607,ca,Kunighattahalli
188773825,2451609,ca,Rudranahalli
188773902,2451610,ca,Thimmalapura
188774056,2451612,ca,Kabbeligarahatti
188774133,2451613,ca,Annenahalli
188774210,2451614,ca,Saluparahalli
188774287,2451615,ca,Sankarakoppal
188774518,2451618,ca,Ponnasamudra
188774672,2451620,ca,Honnasettihalli
188774903,2451623,ca,Dummenahalli
188775057,2451625,ca,Chandlapura
188775288,2451628,ca,Dasihalli
188775442,2451630,ca,Shankaranahalli
188775519,2451631,ca,Paduvanahalli
188775596,2451632,ca,Ramanahalli
188775827,2451635,ca,Doddaghatta
188775904,2451636,ca,Kyatanahalli
188775981,2451637,ca,Banjarahatti
188776058,2451638,ca,Hirisadarahalli
188776212,2451640,ca,Haralakatte
188776289,2451641,ca,Ramagaudanakoppal
188776366,2451642,ca,Sappenahalli
188776443,2451643,ca,Honnakatta
188776520,2451644,ca,Chikkondihalli
188776597,2451645,ca,Doddametikurke
188776674,2451646,ca,Madalu
188776751,2451647,ca,Magenahalli
188776828,2451648,ca,Dibbur
188776905,2451649,ca,Yachagondanahalli
188777059,2451651,ca,Satangere
188777136,2451652,ca,Puradakatte
188777213,2451653,ca,Yarehalli
188777444,2451656,ca,Sitapura
188777521,2451657,ca,Chikkametikurke
188777675,2451659,ca,Holalkere
188777829,2451661,ca,Mallenahalli
188777983,2451663,ca,Tumbapura
188778060,2451664,ca,Rudrapura
188778137,2451665,ca,Tudikenahalli
188778214,2451666,ca,Kamasamudra
188778291,2451667,ca,Rattenahalli
188778368,2451668,ca,Mallidevihalli
188778445,2451669,ca,Anivala
188778522,2451670,ca,Sabarupalya
188778676,2451672,ca,Chikkahonnavalli
188778753,2451673,ca,Suranahalli
188778907,2451675,ca,Hanumantapura
188778984,2451676,ca,Chaudenahalli
188779061,2451677,ca,Hosapatna
188779215,2451679,ca,Kerebandipalya
188779446,2451682,ca,Hulihalli
188779523,2451683,ca,Patrehalli
188779677,2451685,ca,Kodihalli
188779754,2451686,ca,Gyaragatta
188779831,2451687,ca,Ramanahalli
188779985,2451689,ca,Bagavala
188780062,2451690,ca,Kenchemaranahalli
188780293,2451693,ca,Maragondanahalli
188780447,2451695,ca,Konehalli
188780524,2451696,ca,Anchekoppal
188780601,2451697,ca,Karikere
188780678,2451698,ca,Siddapura
188780755,2451699,ca,Bidaregudi
188780832,2451700,ca,Mattihalli
188780986,2451702,ca,Bairapura
188781140,2451704,ca,Mudenur
188781217,2451705,ca,Madihalli
188781602,2451710,ca,Harachanahalli
188781679,2451711,ca,Timmalapura
188781833,2451713,ca,Bhairanayakanahalli
188781910,2451714,ca,Gudigondanahalli
188781987,2451715,ca,Alur
188782064,2451716,ca,Paruvagondanahalli
188782141,2451717,ca,Harisamudra
188782218,2451718,ca,Saratavalli
188782526,2451722,ca,Marenahalli
188782603,2451723,ca,Chaulihalli
188782680,2451724,ca,Hurulihalli
188782834,2451726,ca,Dasanakatte
188782911,2451727,ca,Hosur
188783219,2451731,ca,Suragondanahalli
188783296,2451732,ca,Rangapura
188783373,2451733,ca,Gaudanakatte
188783450,2451734,ca,Bommenahalli
188783758,2451738,ca,Marisiddanapalya
188783835,2451739,ca,Kamalapura
188784220,2451744,ca,Kengalapura
188784451,2451747,ca,Kanikere
188784605,2451749,ca,Huchanahalli
188784682,2451750,ca,Bandarihalli
188784759,2451751,ca,Sorlamavu
188784913,2451753,ca,Belagihalli
188785067,2451755,ca,Malligere
188785144,2451756,ca,Nayakarapalya
188785221,2451757,ca,Salmanipalya
188785375,2451759,ca,Dasihallipalya
188785529,2451761,ca,Maigondanahalli
188785606,2451762,ca,Muddenahalli
188785760,2451764,ca,Bairapura
188785837,2451765,ca,Ghatakanakere
188785914,2451766,ca,Halenahalli
188785991,2451767,ca,Kamadahalli
188786068,2451768,ca,Byadarahalli
188786145,2451769,ca,Lakshnapura
188786222,2451770,ca,Manakikere
188786299,2451771,ca,Hosahalli
188786376,2451772,ca,Adinayakanahalli
188786453,2451773,ca,Kallakere
188786607,2451775,ca,Gedlahalli
188786761,2451777,ca,Annapura
188786838,2451778,ca,Brahmsabpalya
188786992,2451780,ca,Idenahalli
188787454,2451786,ca,Rataul
188787531,2451787,ca,Madanpur
188787762,2451790,ca,Pokharbhinda
188787839,2451791,ca,Daia Kharwar
188788609,2451801,ca,Gangapur
188788840,2451804,ca,Lakhnaur
188788994,2451806,ca,Harbhanga
188789225,2451809,ca,Koiriapatti
188789379,2451811,ca,Balia
188789456,2451812,ca,Umri
188789841,2451817,ca,Dip
188789918,2451818,ca,Kaithwar
188790303,2451823,ca,Mirzapur
188790380,2451824,ca,Nodhiami
188790611,2451827,ca,Baika
188790688,2451828,ca,Kokraha
188790765,2451829,ca,Bishunpur
188790996,2451832,ca,Mahia
188791073,2451833,ca,Machhaita
188791304,2451836,ca,Deona
188791689,2451841,ca,Tangha
188791766,2451842,ca,Jadupatti
188791843,2451843,ca,Padari
188791997,2451845,ca,Khairi
188792228,2451848,ca,Rupaspur
188792382,2451850,ca,Alinagar
188792767,2451855,ca,Magura
188792844,2451856,ca,Punahad
188793152,2451860,ca,Nuruddinpur Dost
188793306,2451862,ca,Hariharpur
188793460,2451864,ca,Gorkha
188793537,2451865,ca,Pohadi
188793691,2451867,ca,Hardowarpur
188793768,2451868,ca,Gulma
188793845,2451869,ca,Mahathwar
188793922,2451870,ca,Pali
188794153,2451873,ca,Ahiran
188794384,2451876,ca,Hanumannagar
188794461,2451877,ca,Supaul
188794615,2451879,ca,Tumaul
188794692,2451880,ca,Gadhaul
188794769,2451881,ca,Burheb Inaitpur
188794923,2451883,ca,Ghanshampur
188795000,2451884,ca,Narma
188795154,2451886,ca,Nari Bhadawn
188795231,2451887,ca,Lagwa Bais
188795308,2451888,ca,Basuli
188795385,2451889,ca,Kasraund
188795462,2451890,ca,Dathua
188795616,2451892,ca,Adharpur
188795924,2451896,ca,Khanua
188796001,2451897,ca,Mansara
188796078,2451898,ca,Salehpur Lagma
188796232,2451900,ca,Jhagarua
188796540,2451904,ca,Asma
188796771,2451907,ca,Dohatha
188796848,2451908,ca,Kathal
188797387,2451915,ca,Jogia
188797464,2451916,ca,Bakwa
188797541,2451917,ca,Bakaunia
188798311,2451927,ca,Musahari
188798542,2451930,ca,Bhit Bhagwanpur
188798619,2451931,ca,Birpur
188798927,2451935,ca,Daldal
188799081,2451937,ca,Sunri
188799235,2451939,ca,Khajuri
188799389,2451941,ca,Rohua
188799620,2451944,ca,Nahri Jagarnathpur
188799774,2451946,ca,Jankinagar
188799851,2451947,ca,Jorla
188799928,2451948,ca,Bela
188800005,2451949,ca,Aditdih
188800082,2451950,ca,Laufa
188800621,2451957,ca,Pachahi
188800929,2451961,ca,Pur
188801006,2451962,ca,Ramchandra
188801160,2451964,ca,Mahisam
188801468,2451968,ca,Nawada
188802161,2451977,ca,Kasaha
188802238,2451978,ca,Akarkarha
188802392,2451980,ca,Kaparphora
188803008,2451988,ca,Bathnaha
188803085,2451989,ca,Kachhua
188803162,2451990,ca,Bijulipur
188803239,2451991,ca,Madhura
188803316,2451992,ca,Belauncha
188803393,2451993,ca,Mahuli
188803470,2451994,ca,Koiriapatti
188803547,2451995,ca,Maibi
188803701,2451997,ca,Baswa
188803778,2451998,ca,Bodai
188804009,2452001,ca,Phakshaha
188804394,2452006,ca,Sonbarsa
188804471,2452007,ca,Manmohan
188804625,2452009,ca,Tardiha
188804779,2452011,ca,Rakbe Pauni
188805395,2452019,ca,Pachuania
188805549,2452021,ca,Kamrail
188805934,2452026,ca,Sarauti
188806396,2452032,ca,Amahi
188806627,2452035,ca,Satrupatti
188806858,2452038,ca,Baskhora
188807012,2452040,ca,Jamuanrahi
188807397,2452045,ca,Karhara
188807936,2452052,ca,Rampura
188808013,2452053,ca,Morauna
188808090,2452054,ca,Khushali
188808167,2452055,ca,Rataho
188808783,2452063,ca,Baluaha
188808860,2452064,ca,Mahpatia
188809014,2452066,ca,Mahsa
188809322,2452070,ca,Gonaura
188809476,2452072,ca,Nakta
188809630,2452074,ca,Barhmotra
188809707,2452075,ca,Parsauni
188809861,2452077,ca,Bararhi
188810169,2452081,ca,Tangraha
188810246,2452082,ca,Bhargawan
188810400,2452084,ca,Deoka
188810554,2452086,ca,Gopalpur Siri
188810708,2452088,ca,Gopalpur Khurd
188810862,2452090,ca,Murlipur
188811016,2452092,ca,Hati
188811247,2452095,ca,Chandail
188811324,2452096,ca,Marukahi
188811478,2452098,ca,Barahi
188811555,2452099,ca,Barhara
188811709,2452101,ca,Mahua
188811786,2452102,ca,Gobindpur
188811863,2452103,ca,Baghakhal
188812171,2452107,ca,Rampur
188812325,2452109,ca,Kedlipatti
188812556,2452112,ca,Dharmpur
188812941,2452117,ca,Gopipur
188813095,2452119,ca,Setuhar
188813249,2452121,ca,Rampur
188813326,2452122,ca,Kadholi
188813480,2452124,ca,Weltur Tukum
188813557,2452125,ca,Wagholi
188813634,2452126,ca,Korambi
188813865,2452129,ca,Haldi
188813942,2452130,ca,Selur
188814481,2452137,ca,Konsari
188814558,2452138,ca,Raipur
188814635,2452139,ca,Amboli
188814789,2452141,ca,Adyal
188815097,2452145,ca,Ramsagar
188815174,2452146,ca,Kalamgaon
188815251,2452147,ca,Ekodi
188815328,2452148,ca,Kanholi
188815482,2452150,ca,Murkhala
188815559,2452151,ca,Sagnapur
188815713,2452153,ca,Bhendala
188815867,2452155,ca,Dodkuli
188815944,2452156,ca,Khandala
188816098,2452158,ca,Sakhri
188816175,2452159,ca,Londholi
188816329,2452161,ca,Chakalpet
188816406,2452162,ca,Vagdara
188816483,2452163,ca,Sonapur
188816560,2452164,ca,Maroda
188816637,2452165,ca,Jamiri
188816791,2452167,ca,Vaigaon
188817253,2452173,ca,Nachangaon
188817484,2452176,ca,Umri
188817561,2452177,ca,Kadholi
188817792,2452180,ca,Nàutara Tukum
188817946,2452182,ca,Visapur
188818331,2452187,ca,Belgutta
188818870,2452194,ca,Jungaon
188818947,2452195,ca,Balal
188819024,2452196,ca,Kammada
188819486,2452202,ca,Periyanhana
188819794,2452206,ca,Perambate
188820025,2452209,ca,Kammadan
188820333,2452213,ca,Perathodi
188820487,2452215,ca,Kambalur
188821411,2452227,ca,Panatur
188821488,2452228,ca,Kunnakadu
188821796,2452232,ca,Karike
188822181,2452237,ca,Pulingom
188822335,2452239,ca,Thirumeni
188822643,2452243,ca,Meldka
188822720,2452244,ca,Puttya Peraje
188823567,2452255,ca,Achalpur
188823644,2452256,ca,Satkodaria
188823721,2452257,ca,Sarhochia
188823952,2452260,ca,Barhatha
188824029,2452261,ca,Mahi Sardar Chakla
188824106,2452262,ca,Tulapatti
188824183,2452263,ca,Withalwada
188824337,2452265,ca,Ralapet
188824414,2452266,ca,Illur
188824491,2452267,ca,Salejhari
188824568,2452268,ca,Panora
188824722,2452270,ca,Nandwardhan
188824799,2452271,ca,Gondaipet
188824953,2452273,ca,Waigaon
188825030,2452274,ca,Gudlabori
188825415,2452279,ca,Borepalli
188825569,2452281,ca,Singampalli
188825800,2452284,ca,Ramangatta
188825877,2452285,ca,Ankhora
188826031,2452287,ca,Umri
188826339,2452291,ca,Chaurampalli
188826416,2452292,ca,Nagalwahi
188826570,2452294,ca,Marpalli
188826724,2452296,ca,Vella
188826955,2452299,ca,Chaprala
188827032,2452300,ca,Chutugunta
188827109,2452301,ca,Kakargatta
188827186,2452302,ca,Dhanur
188827263,2452303,ca,Lohara
188827340,2452304,ca,Rengwahi
188827571,2452307,ca,Kothari
188827648,2452308,ca,Kopalli
188827725,2452309,ca,Tumarguda
188828033,2452313,ca,Malera
188828341,2452317,ca,Tharhi Bhawanipur
188828418,2452318,ca,Sihraul
188828495,2452319,ca,Jiwachhpur
188828572,2452320,ca,Parsa
188828726,2452322,ca,Bahorwa
188828803,2452323,ca,Bishunpur
188828880,2452324,ca,Hariharpatti
188829034,2452326,ca,Basuli
188829188,2452328,ca,Maheshpur
188829342,2452330,ca,Semaria
188829496,2452332,ca,Maun
188829727,2452335,ca,Debipatti
188829881,2452337,ca,Sakhua
188830035,2452339,ca,Dinapatti
188830343,2452343,ca,Rahta
188830420,2452344,ca,Gahirpur
188830805,2452349,ca,Amaha
188830959,2452351,ca,Lachhmipur
188831036,2452352,ca,Bhattabari
188831113,2452353,ca,Jhitkahi
188831190,2452354,ca,Bela
188831267,2452355,ca,Rampur
188831421,2452357,ca,Gariar Rajpur
188831498,2452358,ca,Bishunpur
188831883,2452363,ca,Kanhuan Goriari
188831960,2452364,ca,Mahuli
188832037,2452365,ca,Kamargaon
188832268,2452368,ca,Manpur
188832345,2452369,ca,Jalwara
188832422,2452370,ca,Latrahi
188832807,2452375,ca,Singiawan
188832884,2452376,ca,Jiwachhpur
188832961,2452377,ca,Toka
188833038,2452378,ca,Dulari
188833115,2452379,ca,Rupauli
188833269,2452381,ca,Sihpur
188833423,2452383,ca,Kataiya
188833731,2452387,ca,Saropatti
188833808,2452388,ca,Lalpur
188833885,2452389,ca,Burhawe
188833962,2452390,ca,Behri
188834039,2452391,ca,Gurtara
188834116,2452392,ca,Bairbana
188834193,2452393,ca,Gidha
188834501,2452397,ca,Champanagar
188834578,2452398,ca,Dandari
188834886,2452402,ca,Basantpur
188834963,2452403,ca,Harraha
188835194,2452406,ca,Sonbarsa
188835425,2452409,ca,Hasanpur
188835656,2452412,ca,Tengraha
188836041,2452417,ca,Churraha
188836118,2452418,ca,Ramnagar
188836195,2452419,ca,Jharkaha
188836580,2452424,ca,Khaptolia
188836888,2452428,ca,Kusaha
188837350,2452434,ca,Mahesua
188837581,2452437,ca,Bhugla
188837658,2452438,ca,Babhanganwa
188837966,2452442,ca,Baljora
188838043,2452443,ca,Pathragordhoi
188838120,2452444,ca,Bhura
188838274,2452446,ca,Auraha
188838813,2452453,ca,Karharwa
188838890,2452454,ca,Bhairopatti
188838967,2452455,ca,Dulari
188839044,2452456,ca,Beldara
188839198,2452458,ca,Bhaiyaram Sardar Chaka
188839275,2452459,ca,Champanagar
188839506,2452462,ca,Dumri
188839737,2452465,ca,Koriapatti
188839891,2452467,ca,Ganjhar Mal
188839968,2452468,ca,Ganjhar Lakheraj
188840045,2452469,ca,Bhagwanpur
188840122,2452470,ca,Hariharpatti
188840276,2452472,ca,Gorha
188840430,2452474,ca,Laharnia
188840661,2452477,ca,Kusaha
188840738,2452478,ca,Pansahi
188840815,2452479,ca,Karanpatti
188840892,2452480,ca,Urlaha
188841046,2452482,ca,Belapatti
188841123,2452483,ca,Guria
188841585,2452489,ca,Kukur Dhari
188841662,2452490,ca,Barahkurwa
188841893,2452493,ca,Daparkha
188841970,2452494,ca,Lachhminia
188842278,2452498,ca,Daparkha
188842355,2452499,ca,Mirjawa
188842586,2452502,ca,Pilwaha
188842817,2452505,ca,Manganj
188843356,2452512,ca,Mahulia
188843895,2452519,ca,Pathraha
188844126,2452522,ca,Bhakraha
188844203,2452523,ca,Sikiahi
188844357,2452525,ca,Tikulia
188844511,2452527,ca,Kankar
188844742,2452530,ca,Garhia
188844973,2452533,ca,Harbola
188845281,2452537,ca,Madheli
188845435,2452539,ca,Daha
188845666,2452542,ca,Kabiahi
188845743,2452543,ca,Jirwa
188845820,2452544,ca,Murkaha
188845897,2452545,ca,Jagur
188846128,2452548,ca,Purandaha
188846282,2452550,ca,Khuti
188846513,2452553,ca,Ramganj
188846667,2452555,ca,Ramchaura
188846821,2452557,ca,Rampatti
188846898,2452558,ca,Lalganj
188846975,2452559,ca,Tavandi
188847052,2452560,ca,Katanahatty
188847129,2452561,ca,Birenahalli
188847437,2452565,ca,Kurubarahalli
188847591,2452567,ca,Katrikenahalli
188847668,2452568,ca,Paramenhalli
188847822,2452570,ca,Byaharmadu
188847899,2452571,ca,Handiganadu
188848053,2452573,ca,Halgollarahatti
188848284,2452576,ca,Pillajanahalli
188848438,2452578,ca,Hindasakatte
188848592,2452580,ca,Yadalanaganahalli
188848746,2452582,ca,Uduvalli
188848900,2452584,ca,Hulugalakunte
188849054,2452586,ca,Doddagatta
188849131,2452587,ca,Kunikere
188849208,2452588,ca,Kattedevarahatti
188849516,2452592,ca,Huchavvanahalli
188849670,2452594,ca,Myakalurahalli
188849747,2452595,ca,Babbur
188850132,2452600,ca,Somerahalli
188850209,2452601,ca,Gollarahatti
188850363,2452603,ca,Gaudanahalli
188850440,2452604,ca,Rangapura
188850517,2452605,ca,Malagondanahalli
188850594,2452606,ca,Madenahalli
188850671,2452607,ca,Dindavara
188850748,2452608,ca,Viravanagatihalli
188850825,2452609,ca,Chigalikatte
188850902,2452610,ca,Lakkavvanahalli
188850979,2452611,ca,Pilali
188851056,2452612,ca,Mavinamadu
188851133,2452613,ca,Gollarahatti
188851441,2452617,ca,Bagganadu
188851518,2452618,ca,Adivala
188851595,2452619,ca,Nandihalli
188851672,2452620,ca,Pitlali
188851903,2452623,ca,Kudiahalli
188852057,2452625,ca,Toresal Nagenahalli
188852134,2452626,ca,Kasavanahalli
188852211,2452627,ca,Uppalgere
188852365,2452629,ca,Kundalaguru
188852442,2452630,ca,Boranakunte
188852519,2452631,ca,Dyagerahalli
188852596,2452632,ca,Kasturirangappanahalli
188852673,2452633,ca,Gorladaku
188852827,2452635,ca,Anesidri
188853135,2452639,ca,Ramanahalli
188853212,2452640,ca,Ganadahunase
188853289,2452641,ca,Ajjenahalli
188853366,2452642,ca,Kariyala
188854367,2452655,ca,Atiyadam
188854675,2452659,ca,Paruvamba
188855214,2452666,ca,Pariyaram
188856292,2452680,ca,Mankara
188856600,2452684,ca,Perinthileri
188856677,2452685,ca,Parakkad
188857370,2452694,ca,Paghari
188857832,2452700,ca,Sadhua
188858063,2452703,ca,Mataunia
188858448,2452708,ca,Madhuban
188858525,2452709,ca,Thathupur
188858602,2452710,ca,Kuthra
188858679,2452711,ca,Khagrahata
188858833,2452713,ca,Dubauli
188858910,2452714,ca,Bakmandar
188858987,2452715,ca,Adharpur
188859218,2452718,ca,Salha
188859295,2452719,ca,Sogania
188859526,2452722,ca,Murli
188860065,2452729,ca,Bhagwatipur
188860219,2452731,ca,Mahrela
188860296,2452732,ca,Maheshwara
188860527,2452735,ca,Dhubiahi
188860681,2452737,ca,Porandahi
188860835,2452739,ca,Chhatauni
188861682,2452750,ca,Sarhila
188861759,2452751,ca,Ranna
188863376,2452772,ca,Bahadurpur
188863453,2452773,ca,Habka
188863915,2452779,ca,Gangarahi
188863992,2452780,ca,Pipraulia
188864069,2452781,ca,Mahadeva
188864454,2452786,ca,Bandiha
188864762,2452790,ca,Chharapatti
188864839,2452791,ca,Raniparti
188864993,2452793,ca,Pokharbhira
188865224,2452796,ca,Shankarpur
188865301,2452797,ca,Sitwahi
188865378,2452798,ca,Ghiwahi
188865455,2452799,ca,Gulrahi
188865532,2452800,ca,Buniadpur
188865609,2452801,ca,Gamharia
188865686,2452802,ca,Jandaha
188865763,2452803,ca,Jakhar
188866148,2452808,ca,Lachhmipur
188866841,2452817,ca,Maheshpur
188867226,2452822,ca,Mahraur
188867457,2452825,ca,Pabra
188867765,2452829,ca,Kalwara
188867842,2452830,ca,Lalpur
188868150,2452834,ca,Salkhani
188868843,2452843,ca,Bazidpur
188868997,2452845,ca,Purpathar
188869151,2452847,ca,Kale Narpatinagar
188870152,2452860,ca,Keshrora
188870614,2452866,ca,Hanumannagar
188870691,2452867,ca,Bharwari
188870768,2452868,ca,Jahagirpur
188870999,2452871,ca,Churghatia
188871230,2452874,ca,Musepur
188871307,2452875,ca,Salehpur
188871384,2452876,ca,Shahpur
188871692,2452880,ca,Kankar
188871923,2452883,ca,Akupur
188872000,2452884,ca,Akona
188872077,2452885,ca,Kaina
188872462,2452890,ca,Bela
188872616,2452892,ca,Harpur
188872693,2452893,ca,Jalwara
188873232,2452900,ca,Malaipakhar
188874849,2452921,ca,Arjuna Bijulia
188876081,2452937,ca,Khutahi
188876312,2452940,ca,Auranga Usuri
188876774,2452946,ca,Ramnagar
188876928,2452948,ca,Belgaun
188877082,2452950,ca,Tarwara
188877159,2452951,ca,Athar
188877390,2452954,ca,Mahua
188877467,2452955,ca,Sihol
188878468,2452968,ca,Amta
188878776,2452972,ca,Shivnagar
188878930,2452974,ca,Sher
188879161,2452977,ca,Saho
188879315,2452979,ca,Barhampatti
188879469,2452981,ca,Manikpur
188879546,2452982,ca,Jagdispur
188879700,2452984,ca,Rohar
188879777,2452985,ca,Bhawanipur
188880008,2452988,ca,Bishunpur
188880932,2453000,ca,Narayanpur
188881009,2453001,ca,Pokhram
188881548,2453008,ca,Karaund
188881625,2453009,ca,Changwara
188881702,2453010,ca,Ladha
188881856,2453012,ca,Kataya
188881933,2453013,ca,Bharahi
188882164,2453016,ca,Sisauni
188882241,2453017,ca,Saduka
188882626,2453022,ca,Nàudega
188882780,2453024,ca,Balha
188882934,2453026,ca,Kamlabari
188883165,2453029,ca,Jamua
188883319,2453031,ca,Bharat
188883396,2453032,ca,Barhampur
188883550,2453034,ca,Bari
188883627,2453035,ca,Pipra
188883935,2453039,ca,Rajmani
188884166,2453042,ca,Dhenudih
188884628,2453048,ca,Patail
188884936,2453052,ca,Basdewa
188885013,2453053,ca,Borhi
188885090,2453054,ca,Dhagajari
188885167,2453055,ca,Bankul
188885321,2453057,ca,Dumra
188885629,2453061,ca,Rampur
188885706,2453062,ca,Narkathi
188886091,2453067,ca,Kachhua
188886168,2453068,ca,Pirori
188886322,2453070,ca,Hardia
188886476,2453072,ca,Maharajpur
188886630,2453074,ca,Balaha
188886707,2453075,ca,Bara
188886784,2453076,ca,Bishunpur Diha
188886861,2453077,ca,Bangathia
188886938,2453078,ca,Sonmani
188887015,2453079,ca,Lachhmana
188887169,2453081,ca,Karahi
188887246,2453082,ca,Parhat
188887631,2453087,ca,Manaitha
188887708,2453088,ca,Mosaharia
188887939,2453091,ca,Kabilashi
188888401,2453097,ca,Marwa
188888786,2453102,ca,Nimi
188888863,2453103,ca,Basatpur
188888940,2453104,ca,Akauna
188889633,2453113,ca,Ramnagar
188889787,2453115,ca,Nakuni
188889864,2453116,ca,Atapur
188889941,2453117,ca,Deora
188890018,2453118,ca,Belaun
188890095,2453119,ca,Bhagaut
188890172,2453120,ca,Bhatwan
188890249,2453121,ca,Sirsia
188890403,2453123,ca,Rajghat
188891019,2453131,ca,Kaladih
188891096,2453132,ca,Bhoraha Bahera
188891173,2453133,ca,Dharampur
188891250,2453134,ca,Mahekhaira
188891404,2453136,ca,Gauridih
188892405,2453149,ca,Sirsia
188892713,2453153,ca,Sonwan
188893175,2453159,ca,Kanjra
188893406,2453162,ca,Kalenahally
188893483,2453163,ca,Balenahalli
188893714,2453166,ca,Rajagaudanahundi
188893868,2453168,ca,Annur
188893945,2453169,ca,Hosahalli
188894022,2453170,ca,Nanjanayakanahalli
188894253,2453173,ca,Budanur
188894330,2453174,ca,Sonahalli
188894484,2453176,ca,Heggadapura
188894715,2453179,ca,Naganahalli
188894869,2453181,ca,Manchanaikanahalli
188894946,2453182,ca,Motta
188895023,2453183,ca,Anknathpura
188895100,2453184,ca,Penjahalli
188895177,2453185,ca,Satgehundi
188895254,2453186,ca,Siranahundi
188895485,2453189,ca,Anagatta
188895716,2453192,ca,Niluvagilu
188895870,2453194,ca,Bidagalu
188896178,2453198,ca,Manchahalli
188896255,2453199,ca,Kallasaragur
188896486,2453202,ca,Siramahalli
188896563,2453203,ca,Kollegaudanahalli
188896640,2453204,ca,Jekkahalli
188896794,2453206,ca,Chaudahalli
188896948,2453208,ca,Kulya
188897179,2453211,ca,Hebbalaguppe
188897256,2453212,ca,Kusegaudanahundi
188897564,2453216,ca,Boppanahalli
188897641,2453217,ca,Matakere
188897872,2453220,ca,Chakkur
188897949,2453221,ca,Madapura
188898026,2453222,ca,Kolagala
188898257,2453225,ca,Woddargudi
188898334,2453226,ca,Kodichamanahalli
188898565,2453229,ca,Kutavadi
188898719,2453231,ca,Kudiniru Muddanahalli
188898796,2453232,ca,Karimuddanahalli
188899181,2453237,ca,Halladakoppalu
188899258,2453238,ca,Dharmapura
188899335,2453239,ca,Kothagala
188899489,2453241,ca,Alanahalli
188899566,2453242,ca,Gangadahosahalli
188899643,2453243,ca,Sindenahalli
188899720,2453244,ca,Kyatanahalli
188899797,2453245,ca,Singana Moranahalli
188899951,2453247,ca,Kallahalli
188900028,2453248,ca,Chunjirayanahundi
188900182,2453250,ca,Maddur
188900413,2453253,ca,Karigala
188900644,2453256,ca,Marchahalli
188900798,2453258,ca,Hommaragalli
188900952,2453260,ca,Ibbajala
188901029,2453261,ca,Shankahalli
188901106,2453262,ca,Haradanahalli
188901260,2453264,ca,Karehundi
188901414,2453266,ca,Huchaganne
188901491,2453267,ca,Madanahalli
188901568,2453268,ca,Jogipalyadahundi
188901645,2453269,ca,Adahalli
188901799,2453271,ca,Muddanahalli
188901876,2453272,ca,Katur
188901953,2453273,ca,Basavapura
188902030,2453274,ca,Chandravadi
188902107,2453275,ca,Motha
188902338,2453278,ca,Lanke
188902492,2453280,ca,Kattehunsur
188902723,2453283,ca,Kundur
188902877,2453285,ca,Hunasehalli
188902954,2453286,ca,Jinnahalli
188903031,2453287,ca,Hirenandi
188903108,2453288,ca,Pura
188903262,2453290,ca,Akala
188903339,2453291,ca,Nellithalupura
188903724,2453296,ca,Samsa
188904032,2453300,ca,Thatia
188906573,2453333,ca,Shahpur
188907189,2453341,ca,Patahi
188907728,2453348,ca,Purwari
188908575,2453359,ca,Diyanatpur
188908652,2453360,ca,Badia
188908960,2453364,ca,Bheloa
188909653,2453373,ca,Surajpura
188909730,2453374,ca,Jairampur
188909807,2453375,ca,Gara
188910038,2453378,ca,Gopalpur
188910269,2453381,ca,Bhitsari
188910346,2453382,ca,Dihpur
188911039,2453391,ca,Birpur
188911116,2453392,ca,Mohanpur
188911424,2453396,ca,Bandwar
188911578,2453398,ca,Parna
188911655,2453399,ca,Chhatauna
188911809,2453401,ca,Abupur
188911886,2453402,ca,Begampur
188912040,2453404,ca,Naokothi
188912348,2453408,ca,Katarmala
188912502,2453410,ca,Dafarpur
188913503,2453423,ca,Sakarbasa
188913811,2453427,ca,Karakh
188914042,2453430,ca,Korjana
188914119,2453431,ca,Bikrampur
188914273,2453433,ca,Theka
188914350,2453434,ca,Kiratpur
188914581,2453437,ca,Koriatola
188914658,2453438,ca,Jagdishpur
188914735,2453439,ca,Tajpur
188914812,2453440,ca,Narharpur
188914889,2453441,ca,Isapur
188914966,2453442,ca,Sherpur
188915043,2453443,ca,Buchauli
188915120,2453444,ca,Telan
188915197,2453445,ca,Jokia
188915274,2453446,ca,Bhagwanpur
188915351,2453447,ca,Dahia
188915428,2453448,ca,Rasalpur
188915505,2453449,ca,Pasopur
188915890,2453454,ca,Alapur
188915967,2453455,ca,Pakthaul
188916198,2453458,ca,Ganharpur
188916352,2453460,ca,Nonpur
188916429,2453461,ca,Barhara
188916506,2453462,ca,Jagdar
188916737,2453465,ca,Fazilpur
188916814,2453466,ca,Muradpur
188916891,2453467,ca,Pipra Dodraj
188917122,2453470,ca,Baraipur
188917199,2453471,ca,Tanri
188917430,2453474,ca,Saraunja
188917738,2453478,ca,Kamla
188917892,2453480,ca,Ramauli
188917969,2453481,ca,Pahsara
188918508,2453488,ca,Cheria Bariarpur
188918585,2453489,ca,Xèria
188918662,2453490,ca,Jaimangalpur
188919278,2453498,ca,Kanausi
188920510,2453514,ca,Dumra
188920587,2453515,ca,Patori
188921434,2453526,ca,Ibrahimpur
188921896,2453532,ca,Malpur
188922204,2453536,ca,Mohiuddinpur
188922897,2453545,ca,Hasanpur
188922974,2453546,ca,Kurman
188923051,2453547,ca,Baliar
188923359,2453551,ca,Aura
188923513,2453553,ca,Mahua Chapki
188924206,2453562,ca,Mahuli
188924283,2453563,ca,Godah
188924591,2453567,ca,Pipra
188924822,2453570,ca,Rampur Rajwa
188925361,2453577,ca,Muraha
188925823,2453583,ca,Garhpura
188926978,2453598,ca,Baida
188927055,2453599,ca,Bahattar
188927286,2453602,ca,Mauji
188928287,2453615,ca,Madanpur
188928749,2453621,ca,Ghaghra
188929057,2453625,ca,Garhi
188929750,2453634,ca,Sakra
188929827,2453635,ca,Rajaur
188929904,2453636,ca,Manikpur
188931906,2453662,ca,Karaitanr
188932522,2453670,ca,Bishunpur
188932599,2453671,ca,Hasanpur
188933138,2453678,ca,Sanjat
188933215,2453679,ca,Dhankaul
188933446,2453682,ca,Damodarpur
188933523,2453683,ca,Basahi
188933677,2453685,ca,Kabia
188933908,2453688,ca,Durugpur
188934370,2453694,ca,Sankarpur
188934524,2453696,ca,Saidpur
188934755,2453699,ca,Siwari
188934832,2453700,ca,Basahi
188935294,2453706,ca,Nirpur
188935833,2453713,ca,Rudrapur
188936064,2453716,ca,Asurari
188936449,2453721,ca,Ekhara
188936526,2453722,ca,Ninga
188936757,2453725,ca,Sahuri
188937450,2453734,ca,Nurpur
188937835,2453739,ca,Bihat
188937989,2453741,ca,Malhipur
188938220,2453744,ca,Siswa
188939298,2453758,ca,Malpur
188939760,2453764,ca,Khutaha
188940530,2453774,ca,Piparia
188940761,2453777,ca,Pathua
188940838,2453778,ca,Jagansaidpur
188941993,2453793,ca,Badalpura
188943918,2453818,ca,Matihani
188944149,2453821,ca,Sonapur
188944919,2453831,ca,Laruara
188945458,2453838,ca,Babhangawan
188945843,2453843,ca,Rampur Bahuara
188945920,2453844,ca,Parra
188946228,2453848,ca,Khait
188946921,2453857,ca,Kusmaut
188947306,2453862,ca,Majhanpur
188947537,2453865,ca,Chandpura
188948153,2453873,ca,Safapur
188948230,2453874,ca,Minapur
188948769,2453881,ca,Monipa
188948846,2453882,ca,Bakhadda
188949385,2453889,ca,Lalpur
188949462,2453890,ca,Gurgawan
188949616,2453892,ca,Sonbarsa
188950232,2453900,ca,Qasimpur
188950463,2453903,ca,Surajpur
188951464,2453916,ca,Herike
188951772,2453920,ca,Kondapalli
188952311,2453927,ca,Aregudem
188952465,2453929,ca,Potepalli
188953235,2453939,ca,Bijjur
188953312,2453940,ca,Kushnepalli
188953389,2453941,ca,Gabai
188953466,2453942,ca,Gundapalli
188953620,2453944,ca,Talai
188953774,2453946,ca,Papanpet
188954159,2453951,ca,Doddigudem
188954313,2453953,ca,Sedeli
188954544,2453956,ca,Dimda
188954775,2453959,ca,Cherpallidina
188955006,2453962,ca,Khamancheru
188955237,2453965,ca,Gudem
188955468,2453968,ca,Chinchgundi
188955622,2453970,ca,Koyapalli
188956007,2453975,ca,Banglagudem
188956238,2453978,ca,Katapalli
188956469,2453981,ca,Bengala
188956700,2453984,ca,Devasa
188957393,2453993,ca,Mithanajé
188957470,2453994,ca,Puthige
188957701,2453997,ca,Bololi
188957778,2453998,ca,Kadya
188958394,2454006,ca,Barya
188959241,2454017,ca,Ajana
188959318,2454018,ca,Mandakar
188959549,2454021,ca,Kamarkaje
188959626,2454022,ca,Kombar
188959857,2454025,ca,Kolpe
188960011,2454027,ca,Bagpuni
188960704,2454036,ca,Derane
188960935,2454039,ca,Gundia
188961089,2454041,ca,Hoskere
188961243,2454043,ca,Malbidu
188961397,2454045,ca,Hirimande
188961551,2454047,ca,Nelgalli
188961628,2454048,ca,Margunda
188961782,2454050,ca,Hodchihalli
188962013,2454053,ca,Bettkumri
188962244,2454056,ca,Balehalli
188962475,2454059,ca,Achanhalli
188962552,2454060,ca,Nekanhalli
188962629,2454061,ca,Mahall Salim
188963014,2454066,ca,Malegadde
188963245,2454069,ca,Nadahalli
188963322,2454070,ca,Gurjanhalli
188963399,2454071,ca,Kadmane
188963476,2454072,ca,Sirdhalli
188963630,2454074,ca,Heggadde
188963938,2454078,ca,Alvalli
188964015,2454079,ca,Yadekumr
188964092,2454080,ca,Hongadhalli
188964323,2454083,ca,Halekere
188965093,2454093,ca,Attihalli
188965555,2454099,ca,Hoshalli
188965863,2454103,ca,Nudarhalli
188965940,2454104,ca,Telgin
188966171,2454107,ca,Kesganhalli
188967018,2454118,ca,Mavinhalli
188967095,2454119,ca,Madnapur
188967403,2454123,ca,Chinnapur
188967557,2454125,ca,Kalleda
188967634,2454126,ca,Yesantraopet
188967711,2454127,ca,Gutrajpalli
188967788,2454128,ca,Gangapuram
188968250,2454134,ca,Agemalla
188968404,2454136,ca,Gunjapadugu
188968635,2454139,ca,Gullapalli
188968866,2454142,ca,Israjpalli
188969174,2454146,ca,Bunkur
188969328,2454148,ca,Goplapur
188969405,2454149,ca,Bugaram
188969636,2454152,ca,Kamlapur
188969713,2454153,ca,Nagaram
188970021,2454157,ca,Ramaiyapalli
188970252,2454160,ca,Gollagudem
188970406,2454162,ca,Chinnanakkalapeta
188970637,2454165,ca,Peddapetta
188970714,2454166,ca,Dermaraopet
188970868,2454168,ca,Narsapur
188970945,2454169,ca,Kondapur
188971099,2454171,ca,Kazipet
188971407,2454175,ca,Timmapur
188971869,2454181,ca,Dutnur
188971946,2454182,ca,Chandoli
188972177,2454185,ca,Cherlapalli
188972254,2454186,ca,Gullakota
188972408,2454188,ca,Kottapet
188972485,2454189,ca,Kondapur
188972562,2454190,ca,Ambarpet
188972793,2454193,ca,Sakapuram
188972870,2454194,ca,Kaparaopet
188972947,2454195,ca,Jagdeopet
188973101,2454197,ca,Venkatapur
188973640,2454204,ca,Kottapalli
188973717,2454205,ca,Modala
188973871,2454207,ca,Gudem
188973948,2454208,ca,Rangampally
188974102,2454210,ca,Raspalli
188974179,2454211,ca,Ellaram
188974333,2454213,ca,Venkatraopet
188974487,2454215,ca,Muttampet
188974718,2454218,ca,Chintapalli
188974872,2454220,ca,Venkatapur
188974949,2454221,ca,Venkatapur
188975026,2454222,ca,Dandepalii
188976104,2454236,ca,Kottapalli
188976181,2454237,ca,Kottur
188976335,2454239,ca,Maripalli
188976412,2454240,ca,Timmapuram
188976951,2454247,ca,Gudselapet
188977028,2454248,ca,Parkal
188977105,2454249,ca,Suraram
188977182,2454250,ca,Pathagudur
188977259,2454251,ca,Chellampet
188977721,2454257,ca,Lachhmipur
188977798,2454258,ca,Kalyanpur
188977875,2454259,ca,Dariapur
188977952,2454260,ca,Damodarpur
188978106,2454262,ca,Samandih
188978260,2454264,ca,Balgudar
188978337,2454265,ca,Hunsavalli
188978568,2454268,ca,Yadur
188979184,2454276,ca,Yattinakatte
188979261,2454277,ca,Handinakere
188979492,2454280,ca,Guddenahallikoppal
188979569,2454281,ca,Babhangawan
188979877,2454285,ca,Amahara
188980108,2454288,ca,Dariapur
188980339,2454291,ca,Morawan
188980570,2454294,ca,Neri
188980955,2454299,ca,Dakra
188981032,2454300,ca,Bilauri
188981109,2454301,ca,Wafapur
188981263,2454303,ca,Auraia
188981340,2454304,ca,Bihraura
188981571,2454307,ca,Billo
188981802,2454310,ca,Jahana
188981879,2454311,ca,Chota
188982110,2454314,ca,Parsawan
188982187,2454315,ca,Shekhpurwa
188982264,2454316,ca,Koli
188982495,2454319,ca,Partabpur
188982726,2454322,ca,Karawan Chak
188983727,2454335,ca,Bhanpura
188984189,2454341,ca,Dhira
188984343,2454343,ca,Billi
188984728,2454348,ca,Saitna Salaunja
188984882,2454350,ca,Chhathu Dhanawan
188984959,2454351,ca,Lakhan Dhanawan
188985036,2454352,ca,Musehritola
188985113,2454353,ca,Kherawan
188985190,2454354,ca,Nabinagar
188985267,2454355,ca,Majhwe
188985344,2454356,ca,Silwe
188985421,2454357,ca,Bahrawan
188985498,2454358,ca,Rata
188985652,2454360,ca,Satsanda
188985960,2454364,ca,Nongarh
188986191,2454367,ca,Nandnawan
188986422,2454370,ca,Rampur
188986807,2454375,ca,Shahnagar
188987038,2454378,ca,Narayanpur
188987577,2454385,ca,Kharagwara
188987731,2454387,ca,Nathudih
188987808,2454388,ca,Kuttupur
188987962,2454390,ca,Bannu Bagicha
188988039,2454391,ca,Darhishir
188988116,2454392,ca,Barare
188988424,2454396,ca,Mahsauna
188988501,2454397,ca,Agaia
188988578,2454398,ca,Lakho Chak
188988963,2454403,ca,Mahesleta
188989117,2454405,ca,Singh Chak
188989425,2454409,ca,Sahur
188989502,2454410,ca,Sobhni
188990041,2454417,ca,Gurdih
188990349,2454421,ca,Gobindpur
188990426,2454422,ca,Mano
188990503,2454423,ca,Rampur
188990580,2454424,ca,Garhi Bishanpur
188990888,2454428,ca,Hasanpur
188991273,2454433,ca,Koriazilla Bhagalpur
188991504,2454436,ca,Surji Chak
188991581,2454437,ca,Rohua
188991735,2454439,ca,Ramchandrapur
188992351,2454447,ca,Chak Salimpur
188992505,2454449,ca,Bar
188992736,2454452,ca,Ratnupur
188992813,2454453,ca,Muhammadpur
188993121,2454457,ca,Jajwara
188993198,2454458,ca,Pawai
188993429,2454461,ca,Pokhrawan
188993506,2454462,ca,Amarpur
188993583,2454463,ca,Jagdispur
188993660,2454464,ca,Lai
188993968,2454468,ca,Mananpur
188994045,2454469,ca,Partapur
188994199,2454471,ca,Anandpur
188994661,2454477,ca,Champanagar
188994738,2454478,ca,Khaira
188994815,2454479,ca,Ramshir
188994892,2454480,ca,Bara
188994969,2454481,ca,Shibdih
188995123,2454483,ca,Gosaintola
188995200,2454484,ca,Simratari
188995662,2454490,ca,Dhanwo
188995739,2454491,ca,Titai Chak
188995893,2454493,ca,Kachhua
188995970,2454494,ca,Baskund
188996047,2454495,ca,Mahulia
188996124,2454496,ca,Churaman Bigha
188996278,2454498,ca,Bhalui
188996509,2454501,ca,Raota
188996586,2454502,ca,Gopalpur
188996740,2454504,ca,Lakhapur
188996817,2454505,ca,Lakhanpur
188996894,2454506,ca,Dhandh
188996971,2454507,ca,Kakan
188997664,2454516,ca,Sangrampur
188997741,2454517,ca,Juas
188998280,2454524,ca,Chandanpura
188998357,2454525,ca,Arma
188998434,2454526,ca,Debnagar
188998588,2454528,ca,Lakhna
188998742,2454530,ca,Dira
188999127,2454535,ca,Domanpura
188999512,2454540,ca,Hemanchaldih
188999589,2454541,ca,Billi
188999820,2454544,ca,Anachihalli
188999897,2454545,ca,Uppahalli
188999974,2454546,ca,Haluvagilu
189000282,2454550,ca,Marigudikoppal
189000436,2454552,ca,Anniganahalli
189000667,2454555,ca,Kiragadlu
189000744,2454556,ca,Rayasamudra
189000821,2454557,ca,Hosur
189000898,2454558,ca,Mydarahalli
189000975,2454559,ca,Malaganahalli
189001129,2454561,ca,Bettadahally
189001283,2454563,ca,Gopanahalli
189001360,2454564,ca,Shankarnahalli
189001437,2454565,ca,Kattehosahalli
189001591,2454567,ca,Golenahalli
189001668,2454568,ca,Mallappanahalli
189001745,2454569,ca,Virappanahalli
189001822,2454570,ca,Parasanahalli
189001899,2454571,ca,Javenahalli
189002130,2454574,ca,Karagondanahalli
189002361,2454577,ca,Chakanahally
189002515,2454579,ca,Turuganahalli
189002592,2454580,ca,Muttige
189002669,2454581,ca,Kadalu
189002977,2454585,ca,Kallahalli
189003054,2454586,ca,Dodda Nayakanahalli
189003131,2454587,ca,Ganigarakoppal
189003208,2454588,ca,Kattaya
189003516,2454592,ca,Muttanahalli
189003593,2454593,ca,Madihalli
189003670,2454594,ca,Tamagonahalli
189003747,2454595,ca,Muddanahalli
189003824,2454596,ca,Heraganahalli
189003901,2454597,ca,Bommenahalli
189003978,2454598,ca,Kalerikoppal
189004055,2454599,ca,Byadarahalli
189004209,2454601,ca,Sidlahosahalli
189004363,2454603,ca,Chaudavalli
189004440,2454604,ca,Ramanahalli
189004517,2454605,ca,Mandara
189005056,2454612,ca,Sulagod
189005133,2454613,ca,Garighatta
189005287,2454615,ca,Padmanahalli
189005441,2454617,ca,Appagowdanahalli
189005518,2454618,ca,Ganjigere
189005980,2454624,ca,Chikkanayakanahalli
189006134,2454626,ca,Kalasettibidu
189006211,2454627,ca,Kyatanahalli
189006519,2454631,ca,Siddapura
189006750,2454634,ca,Devihalli
189006981,2454637,ca,Ulikala
189007135,2454639,ca,Maradi
189007212,2454640,ca,Woddarahalli
189007289,2454641,ca,Niralahalli
189007366,2454642,ca,Chaudanahalli
189007443,2454643,ca,Bijagatta
189007828,2454648,ca,Negere
189007905,2454649,ca,Patnahosahalli
189007982,2454650,ca,Mallenahalli
189008213,2454653,ca,Chikka Arkalgud
189008290,2454654,ca,Vijapur
189008367,2454655,ca,Aremadanahalli
189008444,2454656,ca,Tattekere
189008598,2454658,ca,Adikebommanahalli
189008675,2454659,ca,Bidaramalekoppal
189009137,2454665,ca,Banadahalli
189009445,2454669,ca,Cholenahalli
189009522,2454670,ca,Kasipura
189009830,2454674,ca,Gondihosahalli
189009907,2454675,ca,Dadadahalli
189010061,2454677,ca,Honnavalli
189010138,2454678,ca,Narasinakuppe
189010369,2454681,ca,Bolakyatanahalli
189010523,2454683,ca,Hebbale
189010754,2454686,ca,Kenchenahalli
189010831,2454687,ca,Hulangala
189010985,2454689,ca,Devarahalli
189011062,2454690,ca,Chikkanahalli
189011216,2454692,ca,Baichanahalli
189011293,2454693,ca,Goravanahalli
189011370,2454694,ca,Maravalal
189011447,2454695,ca,Kallimuddanahalli
189011524,2454696,ca,Hettagondanahalli
189011601,2454697,ca,Muddanahalli
189011678,2454698,ca,Kesavapura
189011755,2454699,ca,Muddanahalli
189011832,2454700,ca,Malithammanahalli
189012294,2454706,ca,Basavanahalli
189012679,2454711,ca,Nayakarahalli
189012910,2454714,ca,Makavalli
189012987,2454715,ca,Avverahalli
189013064,2454716,ca,Hiregaudanahalli
189013141,2454717,ca,Varadalapura
189013218,2454718,ca,Ankanahalli
189013449,2454721,ca,Sittigarehalli
189013680,2454724,ca,Hanumanahalli
189013834,2454726,ca,Mavinkere
189013988,2454728,ca,Nyamanahalli
189014296,2454732,ca,Chennangihalli
189014373,2454733,ca,Maranayakanahalli
189014604,2454736,ca,Chikkamallenahalli
189014681,2454737,ca,Kallenahalli
189014758,2454738,ca,Dodda Mallenahalli
189014835,2454739,ca,Kurubarahalli
189015066,2454742,ca,Mosale
189015143,2454743,ca,Bochihalli
189015220,2454744,ca,Hulihalli
189015297,2454745,ca,Hyarane
189015528,2454748,ca,Madapura
189015605,2454749,ca,Ammegaudanahalli
189015682,2454750,ca,Thimmanahalli
189015913,2454753,ca,Chikka Baganahalli
189015990,2454754,ca,Kittane
189016067,2454755,ca,Bastihalli
189016221,2454757,ca,Doddabhaganahalli
189016529,2454761,ca,Àgil
189016683,2454763,ca,Jakkanahalli
189016837,2454765,ca,Guduganahalli
189016914,2454766,ca,Ambuga
189017068,2454768,ca,Gaddehoshalli
189017145,2454769,ca,Savantanahalli
189017222,2454770,ca,Satenahalli
189017838,2454778,ca,Chikkabasavanahalli
189017915,2454779,ca,Kachanayakanahalli
189017992,2454780,ca,Doddaladahalli
189018146,2454782,ca,Doddahonnenahalli
189018223,2454783,ca,Doddagenigere
189018300,2454784,ca,Chikkagenigere
189018454,2454786,ca,Doddabasavanahalli
189019301,2454797,ca,Ammanagudikoppal
189019532,2454800,ca,Madenur
189019840,2454804,ca,Heggadihalli
189020071,2454807,ca,Upparahosahalli
189020302,2454810,ca,Perumanahalli
189020379,2454811,ca,Chigahalli
189020533,2454813,ca,Huvanahalli
189020610,2454814,ca,Devihalli
189020841,2454817,ca,Markuli
189020918,2454818,ca,Halasinahalli
189021072,2454820,ca,Bellikoppal
189021149,2454821,ca,Malali
189021226,2454822,ca,Nellakkihalli
189021380,2454824,ca,Parasanahalli
189021457,2454825,ca,Banavasi
189021534,2454826,ca,Huluvere
189021765,2454829,ca,Muttige
189021842,2454830,ca,Marenahalli
189021996,2454832,ca,Sabbanahalli
189022073,2454833,ca,Karganahalli
189022150,2454834,ca,Gavisomanahalli
189022381,2454837,ca,Chakenahalli
189022458,2454838,ca,Ankanahalli
189022535,2454839,ca,Teranya
189022612,2454840,ca,Bantrahalli
189022766,2454842,ca,Hanchihalli
189022843,2454843,ca,Halenahalli
189022920,2454844,ca,Arekalhosahalli
189022997,2454845,ca,Boranahalli
189023074,2454846,ca,Kabbinahalli
189023151,2454847,ca,Kadarahatti
189023305,2454849,ca,Danayakanahalli
189023536,2454852,ca,Hariharapura
189023690,2454854,ca,Haradanahalli
189023767,2454855,ca,Kyatanahalli
189023844,2454856,ca,Halekote
189023921,2454857,ca,Kamasamudra
189023998,2454858,ca,Chinnapura
189024075,2454859,ca,Woddarapalya
189024152,2454860,ca,Bhimanahalli
189024306,2454862,ca,Kattebelaguli
189024383,2454863,ca,Chakkanhalli
189024460,2454864,ca,Bettad Satanhalli
189024691,2454867,ca,Maragaudanahalli
189024768,2454868,ca,Kattehalli
189024845,2454869,ca,Hirebelaguli
189024922,2454870,ca,Kadavinkote
189024999,2454871,ca,Ankanahalli
189025076,2454872,ca,Kullikoppal
189025230,2454874,ca,Doddabyagathavalli
189025461,2454877,ca,Ankavalli
189025615,2454879,ca,Hirehalli
189025846,2454882,ca,Chigahalli
189025923,2454883,ca,Chikka Jagarahalli
189026308,2454888,ca,Kabbinahalli
189026385,2454889,ca,Bilagunda
189026616,2454892,ca,Nelamane
189026770,2454894,ca,Malledevarapura
189026847,2454895,ca,Ankapura
189026924,2454896,ca,Yarehalli
189027155,2454899,ca,Kanchanahalli
189027309,2454901,ca,Chittanahalli
189027386,2454902,ca,Krishnapura
189027463,2454903,ca,Maragonahalli
189027540,2454904,ca,Ballekere
189027694,2454906,ca,Garigatta
189027848,2454908,ca,Chikkabyagathavalli
189028002,2454910,ca,Kallur
189028079,2454911,ca,Janjinahalli
189028310,2454914,ca,Koratikere
189028387,2454915,ca,Machahalli
189028464,2454916,ca,Sarahalli
189028618,2454918,ca,Kotighalli
189028695,2454919,ca,Chikkaharanahalli
189028772,2454920,ca,Jothanapura
189028849,2454921,ca,Bilgunda
189028926,2454922,ca,Kesarkere
189029003,2454923,ca,Harnahalli
189029311,2454927,ca,Harohalli
189029388,2454928,ca,Kattimallenahalli
189029465,2454929,ca,Ramenahalli
189029542,2454930,ca,Malalkere
189029696,2454932,ca,Mokali
189029773,2454933,ca,Tejur
189029850,2454934,ca,Mundagodu
189029927,2454935,ca,Kyatanahalli
189030004,2454936,ca,Madapura
189030081,2454937,ca,Kakodanahalli
189030312,2454940,ca,Abigondanahalli
189030389,2454941,ca,Jogiosahalli
189030466,2454942,ca,Allapatna
189030697,2454945,ca,Somanahalli
189030851,2454947,ca,Baragur
189030928,2454948,ca,Hulikallu
189031005,2454949,ca,Mudaganur
189031082,2454950,ca,Jekkahalli
189031159,2454951,ca,Heggadihalli
189031236,2454952,ca,Ankanathapura
189031313,2454953,ca,Bettadahalli
189031467,2454955,ca,Chikkamagge
189031544,2454956,ca,Nilavagil
189031621,2454957,ca,Kabbaligere
189031698,2454958,ca,Kesavattur
189031775,2454959,ca,Bidarur
189031852,2454960,ca,Konapur
189032006,2454962,ca,Chikkahalli
189032083,2454963,ca,Hirihalli
189032237,2454965,ca,Akkalavadi
189032314,2454966,ca,Lakkanahalli
189032468,2454968,ca,Bisahalli
189032545,2454969,ca,Vadivanadahosahalli
189032699,2454971,ca,Ullenahalli
189032853,2454973,ca,Siddapura
189033007,2454975,ca,Kattepura
189033161,2454977,ca,Mallinathapura
189033238,2454978,ca,Mallarajapatna
189033392,2454980,ca,Bandipalya
189033469,2454981,ca,Yeladahalli
189033546,2454982,ca,Banagondi
189033700,2454984,ca,Madapura
189033854,2454986,ca,Kaduvinahosahalli
189033931,2454987,ca,Sirangala
189034008,2454988,ca,Chamarayanakote
189034085,2454989,ca,Kanagalu
189034239,2454991,ca,Manuganahalli
189034316,2454992,ca,Hampapura
189034624,2454996,ca,Ichanahalli
189034701,2454997,ca,Gudibadla Hosahalli
189034778,2454998,ca,Rajanabilaguli
189034932,2455000,ca,Bylakuppe
189035009,2455001,ca,Ganganakuppe
189035086,2455002,ca,Ambalasi
189035163,2455003,ca,Adagur
189035240,2455004,ca,Chapparadahalli
189035317,2455005,ca,Suragahalli
189035394,2455006,ca,Karadipura
189035471,2455007,ca,Anivalu
189035548,2455008,ca,Sangarasettihalli
189035625,2455009,ca,Harinahalli
189035779,2455011,ca,Lakkur
189035856,2455012,ca,Yaremanuganahalli
189036010,2455014,ca,Melur
189036087,2455015,ca,Halaganahalli
189036164,2455016,ca,Mallapura
189036318,2455018,ca,Haralahalli
189036395,2455019,ca,Keragodu
189036472,2455020,ca,Sompura
189036549,2455021,ca,Maduranahalli
189036626,2455022,ca,Kantapur
189036703,2455023,ca,Abbur
189036857,2455025,ca,Hannalu
189037011,2455027,ca,Woddarahalli
189037088,2455028,ca,Mattigodu
189037165,2455029,ca,Rudrapatna
189037242,2455030,ca,Bettasoge
189037319,2455031,ca,Basavanahalli
189037396,2455032,ca,Halekeralapura
189037473,2455033,ca,Honnenahalli
189037550,2455034,ca,Kalenahalli
189037627,2455035,ca,Siradanahalli
189037704,2455036,ca,Kotavalu
189037781,2455037,ca,Mule Hoshalli
189038012,2455040,ca,Yachanakuppe
189038243,2455043,ca,Anjaneya Hosahalli
189038320,2455044,ca,Belaguli
189038474,2455046,ca,Agrahara
189038551,2455047,ca,Bali Kapparavalli
189038705,2455049,ca,Lingapura
189038859,2455051,ca,Dolenahalli
189039013,2455053,ca,Bediganahalli
189039167,2455055,ca,Kote Kapparavalli
189039244,2455056,ca,Sibahalli
189039475,2455059,ca,Honemaranahalli
189039552,2455060,ca,Belavadi
189039629,2455061,ca,Karahalli
189039706,2455062,ca,Bandiganahalli
189039783,2455063,ca,Woddarahalli
189039860,2455064,ca,Koratikere
189039937,2455065,ca,Muddanahalli
189040014,2455066,ca,Ebbadi
189040091,2455067,ca,Ajjur
189040168,2455068,ca,Yelagatavalli
189040399,2455071,ca,Dumma
189040553,2455073,ca,Madihalli
189040784,2455076,ca,Yagati
189040861,2455077,ca,Uddur
189041015,2455079,ca,Devipura
189041092,2455080,ca,Bittagodanahalli
189041169,2455081,ca,Parasanahalli
189041246,2455082,ca,Sanabinakuppe
189041323,2455083,ca,Rangapura
189041554,2455086,ca,Bundasettihalli
189041631,2455087,ca,Byadarahalli
189041785,2455089,ca,Mallenahalli
189041862,2455090,ca,Haralahalli
189041939,2455091,ca,Yalejagahalli
189042016,2455092,ca,Galipura
189042093,2455093,ca,Margondanahalli
189042170,2455094,ca,Muddanahalli
189042247,2455095,ca,Keragodu
189042324,2455096,ca,Ramenahalli
189042401,2455097,ca,Cholenahalli
189042478,2455098,ca,Jakkanahalli
189042709,2455101,ca,Machigondanahalli
189042786,2455102,ca,Madihalli
189042940,2455104,ca,Jakanhalli
189043017,2455105,ca,Tejur
189043094,2455106,ca,Gejjiganahalli
189043171,2455107,ca,Guddenahalli
189043248,2455108,ca,Motanayakanahalli
189043325,2455109,ca,Nidavani
189043402,2455110,ca,Goragundi
189043556,2455112,ca,Kuppe
189043710,2455114,ca,Somenahalli
189043787,2455115,ca,Bedakyathanahalli
189044018,2455118,ca,Kyatanahalli
189044095,2455119,ca,Bidarakka
189044172,2455120,ca,Malanayakanahalli
189044249,2455121,ca,Nerale
189044403,2455123,ca,Bettahalli
189044711,2455127,ca,Kogilahalli
189044788,2455128,ca,Manuganahalli
189045019,2455131,ca,Bandihalli
189045096,2455132,ca,Chikkahanasoge
189045250,2455134,ca,Kolur
189045327,2455135,ca,Balur
189045404,2455136,ca,Mavanur
189045481,2455137,ca,Kaggala
189045558,2455138,ca,Sakkare
189045635,2455139,ca,Pasupatti
189045712,2455140,ca,Hadya
189045789,2455141,ca,Nadappanahalli
189046097,2455145,ca,Kedaga
189046713,2455153,ca,Honnenahalli
189047021,2455157,ca,Hebbasur
189047098,2455158,ca,Lakkikuppe
189047175,2455159,ca,Tandre
189047252,2455160,ca,Saragur
189047406,2455162,ca,Baddikere
189047483,2455163,ca,Maradihalli
189047560,2455164,ca,Thoti
189047637,2455165,ca,Jinnenahalli
189047868,2455168,ca,Chinnenahalli
189047945,2455169,ca,Dodderi
189048022,2455170,ca,Chikkonahalli
189048099,2455171,ca,Honnenahalli
189048253,2455173,ca,Gulihonnenahalli
189048407,2455175,ca,Madihalli
189048484,2455176,ca,Rajapur
189048638,2455178,ca,Arakere
189048715,2455179,ca,Heggadihalli
189048869,2455181,ca,Kllenahalli
189049177,2455185,ca,Gullenahalli
189049254,2455186,ca,Huligere
189049331,2455187,ca,Kempinkote
189049408,2455188,ca,Chennenanalli
189049485,2455189,ca,Kasaranhalli
189049562,2455190,ca,Bommenahalli
189049639,2455191,ca,Matighatta
189049947,2455195,ca,Dasarahalli
189050101,2455197,ca,Juttanahalli
189050255,2455199,ca,Byadarahalli
189050409,2455201,ca,Chalya
189050486,2455202,ca,Naganahalli
189050563,2455203,ca,Sundahalli
189050717,2455205,ca,Parama
189050794,2455206,ca,Sorehalli
189050871,2455207,ca,Basavanahalli
189050948,2455208,ca,Hosur
189051025,2455209,ca,Sanehalli
189051102,2455210,ca,Kollenahalli
189051179,2455211,ca,Kumbenahalli
189051256,2455212,ca,Dadigatta
189051333,2455213,ca,Bettodahalli
189051410,2455214,ca,Haduvanahalli
189051487,2455215,ca,Aruvanahalli
189051564,2455216,ca,Chottanahalli
189051641,2455217,ca,Doddakyathnahalli
189051718,2455218,ca,Hubbanahalli
189051795,2455219,ca,Chikkakyathnahalli
189051872,2455220,ca,Hanumanahalli
189051949,2455221,ca,Kodagahalli
189052026,2455222,ca,Lokanahalli
189052103,2455223,ca,Hosahalli
189052180,2455224,ca,Naisinganahalli
189052257,2455225,ca,Amchahalli
189052334,2455226,ca,Ramanakoppal
189052411,2455227,ca,Narayanapura
189052488,2455228,ca,Nagaragatta
189052565,2455229,ca,Halasinahalli
189052642,2455230,ca,Doddasomanahalli
189052719,2455231,ca,Chikkasomanahalli
189052796,2455232,ca,Singapura
189052873,2455233,ca,Malagur
189052950,2455234,ca,Appanahalli
189053027,2455235,ca,Mavinakattekoppal
189053104,2455236,ca,Bikkasamudra
189053181,2455237,ca,Nayakanahalli
189053258,2455238,ca,Somenahalli
189053335,2455239,ca,Adihalli
189053489,2455241,ca,Yeladahalli
189053566,2455242,ca,Achamanahalli
189053643,2455243,ca,Mallenahalli
189053720,2455244,ca,Hethagonahalli
189053797,2455245,ca,Billenahalli
189053874,2455246,ca,Goravi
189054028,2455248,ca,Harapanahalli
189054105,2455249,ca,Boppanahalli
189054259,2455251,ca,Kesavinakatte
189054490,2455254,ca,Gidavinahosahalli
189054567,2455255,ca,Thiraganahalli
189054644,2455256,ca,Kallenahalli
189054721,2455257,ca,Hanchinakoppal
189054798,2455258,ca,Karekyatanahalli
189054875,2455259,ca,Ayathanahalli
189054952,2455260,ca,Mallanayakanahalli
189055183,2455263,ca,Maranayakanahalli
189055337,2455265,ca,Thattekere
189055414,2455266,ca,Bomnayakanahalli
189055491,2455267,ca,Muddanahalli
189055645,2455269,ca,Woddarahalli
189055722,2455270,ca,Satenahalli
189055799,2455271,ca,Dasarahalli
189055876,2455272,ca,Honnenahalli
189055953,2455273,ca,Kadenahalli
189056107,2455275,ca,Bonagere
189056184,2455276,ca,Masgonahalli
189056492,2455280,ca,Machnayakanhalli
189056646,2455282,ca,Irakanagatta
189056877,2455285,ca,Manchenahalli
189056954,2455286,ca,Bichanahalli
189057031,2455287,ca,Chikkonahalli
189057108,2455288,ca,Doddabala
189057185,2455289,ca,Addihalli
189057262,2455290,ca,Madihalli
189057339,2455291,ca,Honnawara
189057493,2455293,ca,Buvanahalli
189057647,2455295,ca,Kambadahalli
189057724,2455296,ca,Ramachandra Agrahara
189057801,2455297,ca,Hosur
189058032,2455300,ca,Kadigere
189058109,2455301,ca,Koppa
189058186,2455302,ca,Kurdikere
189058263,2455303,ca,Narugondanahalli
189058340,2455304,ca,Hnumanakoppalu
189058417,2455305,ca,Gulakai Hosahally
189058494,2455306,ca,Bidarakere
189058571,2455307,ca,Turubanahalli
189058648,2455308,ca,Mangravalli
189058879,2455311,ca,Cholamballi
189058956,2455312,ca,Ayarahalli
189059033,2455313,ca,Chattenahalli
189059264,2455316,ca,Haralahalli
189059341,2455317,ca,Kuchahalli
189059418,2455318,ca,Lalankere
189059572,2455320,ca,Hadenahalli
189059649,2455321,ca,Metimellahalli
189059726,2455322,ca,Avverahalli
189059880,2455324,ca,Kirisave
189059957,2455325,ca,Hondevihalli
189060188,2455328,ca,Yalanahalli
189060265,2455329,ca,Honnamarnahalli
189060342,2455330,ca,Timmalapura
189060419,2455331,ca,Byadarahalli
189060496,2455332,ca,Kadabahalli
189060727,2455335,ca,Heraganahalli
189060881,2455337,ca,Tondahalli
189060958,2455338,ca,Antanahalli
189061035,2455339,ca,Balaganchi
189061112,2455340,ca,Kabbinakere
189061189,2455341,ca,Honsettihalli
189061343,2455343,ca,Thigolanahalli
189061420,2455344,ca,Srirangapura
189061574,2455346,ca,Dyavasandra
189061728,2455348,ca,Chakenahalli
189061959,2455351,ca,Alisamudra
189062036,2455352,ca,Sanaba
189062113,2455353,ca,Nagalapura
189062498,2455358,ca,Tavarekere
189062652,2455360,ca,Yaladanalli
189062806,2455362,ca,Mardevanahalli
189062883,2455363,ca,Govindagatta
189063191,2455367,ca,Thitnahosahalli
189063345,2455369,ca,Gorikoppal
189063730,2455374,ca,Mellahalli
189063961,2455377,ca,Kelagere
189064038,2455378,ca,Kabbinakere
189064115,2455379,ca,Doddagatta
189064192,2455380,ca,Bettadahalli
189064269,2455381,ca,Cholenahalli
189064346,2455382,ca,Gaudarahalli
189064577,2455385,ca,Ramadevanahalli
189064654,2455386,ca,Anchebuvahalli
189064731,2455387,ca,Chittanahalli
189064885,2455389,ca,Mallarajapura
189064962,2455390,ca,Nilkantanahalli
189065039,2455391,ca,Tyapenahalli
189065116,2455392,ca,Ankasapura
189065193,2455393,ca,Bammenahalli
189065270,2455394,ca,Kenchagonahalli
189065347,2455395,ca,Naragalu
189065424,2455396,ca,Maigonahalli
189065578,2455398,ca,Sivanahalli
189065655,2455399,ca,Mulkatte
189065809,2455401,ca,Thuppadamadu
189065886,2455402,ca,Kallukomari
189066117,2455405,ca,Padavalapatna
189066194,2455406,ca,Bettadamallenahalli
189066271,2455407,ca,Sankanahalli
189066425,2455409,ca,Gollarahalli
189066502,2455410,ca,Gangasamudra
189066579,2455411,ca,Bhadragaudanakoppal
189066656,2455412,ca,Honnebettadahosur
189066733,2455413,ca,Juttanahalli
189066964,2455416,ca,Konanur
189067041,2455417,ca,Chottakyatanahalli
189067195,2455419,ca,Karahalli
189067349,2455421,ca,Kalenahalli
189067580,2455424,ca,Manchipatna
189067657,2455425,ca,Kuppahalli
189067734,2455426,ca,Ichalagatta
189067811,2455427,ca,Bommadihalli
189068042,2455430,ca,Handenahalli
189068119,2455431,ca,Huvinahalli
189068196,2455432,ca,Haligehosahalli
189068273,2455433,ca,Dasagulapura
189068350,2455434,ca,Bogadi
189068427,2455435,ca,Maradipura
189068504,2455436,ca,Woddarahalli
189068581,2455437,ca,Bydarbilguli
189068658,2455438,ca,Depur
189068812,2455440,ca,Vaddarhoshalli
189068889,2455441,ca,Tarikal
189069197,2455445,ca,Niluvadi
189069428,2455448,ca,Joganhalli
189069582,2455450,ca,Bhunahalli
189069659,2455451,ca,Bekkare
189070198,2455458,ca,Manchadevanhalli
189070352,2455460,ca,Kanur
189070429,2455461,ca,Komlapur
189070506,2455462,ca,Haralhalli
189070660,2455464,ca,Alanhalli
189070737,2455465,ca,Bhutanhalli
189070814,2455466,ca,Hunasvadi
189070891,2455467,ca,Kundanhalli
189070968,2455468,ca,Mallinathpur
189071122,2455470,ca,Vadrapalya
189071276,2455472,ca,Nerlakuppe
189071430,2455474,ca,Hammige
189071661,2455477,ca,Bemmatti
189071892,2455480,ca,Lingapur
189072046,2455482,ca,Narlapur
189072123,2455483,ca,Chittenhalli
189072277,2455485,ca,Channenhalli
189072431,2455487,ca,Muttur
189072508,2455488,ca,Magali
189072662,2455490,ca,Parae Koppal
189073047,2455495,ca,Kale Timmanhalli
189073201,2455497,ca,Kogilvadi
189073432,2455500,ca,Alalur
189073586,2455502,ca,Uttenhalli
189073663,2455503,ca,Kademanuganhalli
189073817,2455505,ca,Panchvalli
189074048,2455508,ca,Malangi
189074125,2455509,ca,Abalatti
189074279,2455511,ca,Bekya
189074433,2455513,ca,Hunsekuppe
189074510,2455514,ca,Satyagal
189074587,2455515,ca,Vadlimanuganhalli
189074741,2455517,ca,Ankanhalli
189074818,2455518,ca,Abbur Koppal
189075049,2455521,ca,Tatanhalli
189075126,2455522,ca,Harilapur
189075203,2455523,ca,Kamplapur
189075357,2455525,ca,Baslapur
189075434,2455526,ca,Kirnelli
189075511,2455527,ca,Melehalli
189075819,2455531,ca,Chikkavaddarakere
189076050,2455534,ca,Makanhalli
189076281,2455537,ca,Chikka Belalu
189076589,2455541,ca,Sanyasipur
189076974,2455546,ca,Aichanhalli
189077128,2455548,ca,Dwarekere
189077513,2455553,ca,Barse
189077744,2455556,ca,Kurgal
189077898,2455558,ca,Kudkur Koppal
189078052,2455560,ca,Kelganhalli
189078206,2455562,ca,Nandipur
189078283,2455563,ca,Nilangal
189078360,2455564,ca,Settihalli
189078591,2455567,ca,Hirimalali
189078899,2455571,ca,Doddegaudan Koppal
189079130,2455574,ca,Chikmalali
189079284,2455576,ca,Naganhalli
189079669,2455581,ca,Alwanayakanahalli
189079746,2455582,ca,Gorhalli
189079900,2455584,ca,Attigod
189080054,2455586,ca,Vaddarhalli
189080208,2455588,ca,Makal Koppal
189080439,2455591,ca,Telgin Kuppe
189080593,2455593,ca,Pujari Koppal
189080824,2455596,ca,Ankanalli
189080901,2455597,ca,Mayigaudanhalli
189081286,2455602,ca,Galaginkere
189081517,2455605,ca,Beniganhalli
189081594,2455606,ca,Tammadhalli
189081748,2455608,ca,Jaginakere
189081825,2455609,ca,Sarangi
189081902,2455610,ca,Balakere
189081979,2455611,ca,Margonahalli
189082056,2455612,ca,Kaigonahalli
189082133,2455613,ca,Kyatanahalli
189082287,2455615,ca,Rayasamudra
189082441,2455617,ca,Kodihalli
189082672,2455620,ca,Chilladahalli
189082749,2455621,ca,Nagarur
189083134,2455626,ca,Haralahalli
189083365,2455629,ca,Honnenhalli
189083596,2455632,ca,Handitvalli
189083673,2455633,ca,Kogilur
189083750,2455634,ca,Chibakhalli
189083981,2455637,ca,Nagaragatta
189084058,2455638,ca,Ravandur
189084135,2455639,ca,Haralhalli
189084289,2455641,ca,Kellur
189084366,2455642,ca,Hoskote
189084443,2455643,ca,Bhoganhalli
189084520,2455644,ca,Arenhalli
189084674,2455646,ca,Nitimangala
189084828,2455648,ca,Karatanahalli
189084905,2455649,ca,Hosur
189084982,2455650,ca,Hattimaranahalli
189085213,2455653,ca,Anuvinakatte
189085290,2455654,ca,Guddenahalli
189085367,2455655,ca,Chennapura
189085521,2455657,ca,Uyigonahalli
189085675,2455659,ca,Honnenahalli
189085752,2455660,ca,Hiralahalli
189085829,2455661,ca,Akkimanchanahalli
189085906,2455662,ca,Chattenahalli
189086060,2455664,ca,Sivapura
189086291,2455667,ca,Mante Koppal
189086368,2455668,ca,Keremegalakopplu
189086445,2455669,ca,Ramenhalli
189086522,2455670,ca,Sigadkatte
189086599,2455671,ca,Makod
189086753,2455673,ca,Ganur
189086984,2455676,ca,Malgankere
189087061,2455677,ca,Javanikuppe
189087138,2455678,ca,Hebbankuppe
189087215,2455679,ca,Modur Koppal
189087292,2455680,ca,Yamaguma
189087446,2455682,ca,Bairapura
189087600,2455684,ca,Chaudighatta
189087677,2455685,ca,Hemmanahalli
189087754,2455686,ca,Naduboganahalli
189087831,2455687,ca,Murukanahalli
189087908,2455688,ca,Jakkanahalli
189088062,2455690,ca,Kagapura
189088216,2455692,ca,Kamanahalli
189088293,2455693,ca,Maradahalli
189088447,2455695,ca,Guduganahalli
189088601,2455697,ca,Navalamaranahalli
189088678,2455698,ca,Manchanahalli
189088755,2455699,ca,Agasarahalli
189088832,2455700,ca,Muselekoppal
189088909,2455701,ca,Chilkunda
189088986,2455702,ca,Hoskoppal
189089217,2455705,ca,Honnekopplu
189089371,2455707,ca,Kanagal
189089448,2455708,ca,Mutrayana Hoshalli
189089525,2455709,ca,Harinhalli
189089602,2455710,ca,Kalhalli
189089679,2455711,ca,Adiganhalli
189089910,2455714,ca,Nagamangal
189089987,2455715,ca,Attikuppe
189090218,2455718,ca,Modur
189090295,2455719,ca,Hadanur
189090372,2455720,ca,Tendakere
189090449,2455721,ca,Anchanahalli
189090526,2455722,ca,Anchemudanahalli
189090603,2455723,ca,Malkonahalli
189090757,2455725,ca,Tagadur
189090834,2455726,ca,Bannanakere
189090911,2455727,ca,Buvanahalli
189090988,2455728,ca,Hemmadihalli
189091065,2455729,ca,Hosur
189091527,2455735,ca,Tattekere
189091604,2455736,ca,Angatahalli
189091758,2455738,ca,Hammige
189091835,2455739,ca,Kamegaudanhalli
189091912,2455740,ca,Gaudikere
189091989,2455741,ca,Voddambal
189092066,2455742,ca,Honnenhalli
189092143,2455743,ca,Belathur
189092374,2455746,ca,Keremegalkoppal
189092451,2455747,ca,Bukinakere
189092605,2455749,ca,Attuppe
189092836,2455752,ca,Mattikere
189092913,2455753,ca,Chikkanahalli
189093067,2455755,ca,Basavangudikoppal
189093144,2455756,ca,Gummanahalli
189093452,2455760,ca,Chokkanahalli
189093606,2455762,ca,Bommalapura
189093683,2455763,ca,Doddagadiganahalli
189093760,2455764,ca,Machagonahalli
189093837,2455765,ca,Murukanahalli
189094068,2455768,ca,Sundahalli
189094145,2455769,ca,Dinka
189094376,2455772,ca,Kanavekoppal
189094607,2455775,ca,Woddarahalli
189094684,2455776,ca,Bijjanahalli
189094761,2455777,ca,Banaghatta
189094838,2455778,ca,Chandra
189094915,2455779,ca,Kenchanahalli
189094992,2455780,ca,Desavalli
189095069,2455781,ca,Sankahalli
189095300,2455784,ca,Honaganahalli
189095531,2455787,ca,Ankegaudanakoppal
189095608,2455788,ca,Lingapur
189095685,2455789,ca,Chikkaboganahalli
189095762,2455790,ca,Byatarayanakoppal
189095839,2455791,ca,Dodda Bhoganahalli
189095916,2455792,ca,Marasarahalli
189095993,2455793,ca,Kanaganhalli
189096224,2455796,ca,Illenahalli
189096378,2455798,ca,Boremelanakoppal
189096455,2455799,ca,Sanaba
189096609,2455801,ca,Nilanahalli
189096994,2455806,ca,Kadaba
189097071,2455807,ca,Dasegaudanakoppal
189097302,2455810,ca,Kamnayakanahalli
189097379,2455811,ca,Kodala
189097687,2455815,ca,Manikyanahalli
189097764,2455816,ca,Chittanahalli
189097841,2455817,ca,Kuppahalli
189097918,2455818,ca,Narayanapura
189098149,2455821,ca,Chattamgere
189098226,2455822,ca,Rajaghatta
189098457,2455825,ca,Nallenahalli
189098611,2455827,ca,Hosahalli
189098765,2455829,ca,Singapura
189098842,2455830,ca,Gaudagere
189098919,2455831,ca,Hulegere
189099073,2455833,ca,Hammadihalli
189099150,2455834,ca,Singapura
189099227,2455835,ca,Vasantapura
189099535,2455839,ca,Naranapura
189099689,2455841,ca,Hosahalli
189099997,2455845,ca,Balaghatta
189100074,2455846,ca,Ramapura
189100151,2455847,ca,Pagadekallahalli
189100228,2455848,ca,Talekere
189100459,2455851,ca,Gujagonahalli
189100536,2455852,ca,Koravanagundi
189100613,2455853,ca,Hindasahalli
189100844,2455856,ca,Gujjehosahalli
189100921,2455857,ca,Jagatahalli
189101075,2455859,ca,Bachikoppal
189101152,2455860,ca,Samakahalli
189101383,2455863,ca,Woddarahalli
189101614,2455866,ca,Kanagonahalli
189101691,2455867,ca,Ganganahalli
189101845,2455869,ca,Gudenahalli
189102384,2455876,ca,Advikatte
189102461,2455877,ca,Garudapura
189102538,2455878,ca,Garakahalli
189102692,2455880,ca,Machalagatta
189102769,2455881,ca,Gangavadi
189102923,2455883,ca,Ankuppe
189103077,2455885,ca,Chaudaganahalli
189103231,2455887,ca,Kadalagere
189103308,2455888,ca,Kadenahalli
189103385,2455889,ca,Kajjikoppal
189103462,2455890,ca,Honemadu
189103539,2455891,ca,Chikkagangavadi
189103616,2455892,ca,Maralekere
189103693,2455893,ca,Tippapura
189103770,2455894,ca,Arakanakere
189103847,2455895,ca,Sangapura
189103924,2455896,ca,Javanahalli
189104001,2455897,ca,Bolenahalli
189104078,2455898,ca,Mallenahalli
189104155,2455899,ca,Sambunahalli
189104232,2455900,ca,Borapura
189104386,2455902,ca,Devarahalli
189104617,2455905,ca,Bellale
189104771,2455907,ca,Anunahalli
189104848,2455908,ca,Narahalli
189104925,2455909,ca,Myanagara
189105002,2455910,ca,Chandranahalli
189105079,2455911,ca,Billenahalli
189105233,2455913,ca,Chikkanahalli
189105310,2455914,ca,Hosakote
189105387,2455915,ca,Halebidu
189105618,2455918,ca,Nallahalli
189105849,2455921,ca,Sunkathonur
189105926,2455922,ca,Kalenahalli
189106003,2455923,ca,Heggadihalli
189106080,2455924,ca,Vadesamudra
189106157,2455925,ca,Kurihatti
189106234,2455926,ca,Anavalu
189106388,2455928,ca,Tirumalasagara Chattra
189106465,2455929,ca,Ingalaguppe
189106542,2455930,ca,Bevinakuppe
189106696,2455932,ca,Hiremarali
189106850,2455934,ca,Tirumalapura
189106927,2455935,ca,Chikkabyadarahalli
189107004,2455936,ca,Timmanakoppal
189107081,2455937,ca,Chikkamaralli
189107158,2455938,ca,Kanaganamaradi
189107235,2455939,ca,Nuggahalli
189107389,2455941,ca,Koppa
189107466,2455942,ca,Singanahally
189107543,2455943,ca,Hosur
189107620,2455944,ca,Somanahalli
189107697,2455945,ca,Tirumalapur
189107774,2455946,ca,Kabalagerepura
189107928,2455948,ca,Bindahalli
189108005,2455949,ca,Bannangadi
189108082,2455950,ca,Antanhalli
189108159,2455951,ca,Giriyarahalli
189108236,2455952,ca,Malligere
189108467,2455955,ca,Talasasana
189108544,2455956,ca,Kennalu
189108698,2455958,ca,Chinnenahalli
189109006,2455962,ca,Chikkade
189109237,2455965,ca,Mallegaudana Koppal
189109314,2455966,ca,Kangal Koppal
189109468,2455968,ca,Sabbanakuppe
189109853,2455973,ca,Nelamane
189109930,2455974,ca,Muttammana Settihalli
189110007,2455975,ca,Kudlukuppe
189110161,2455977,ca,Rampur
189110238,2455978,ca,Doddegaudana Koppal
189110392,2455980,ca,Chelve Arasina Koppal
189110469,2455981,ca,Harave
189110623,2455983,ca,Araluguppe
189110777,2455985,ca,Kyatanahalli
189110854,2455986,ca,Yelekere
189110931,2455987,ca,Sambunahalli
189111008,2455988,ca,Kurubarabettahalli
189111085,2455989,ca,Chagajuttahalli
189111162,2455990,ca,Alpahalli
189111239,2455991,ca,Syadanahalli
189111470,2455994,ca,Damadahalli
189111701,2455997,ca,Kadathanalu
189112471,2456007,ca,Belavadi
189112625,2456009,ca,Hampapura
189112779,2456011,ca,Hale Gayyanahundi
189113087,2456015,ca,Varuna
189113164,2456016,ca,Choranahalli
189113472,2456020,ca,Chikkahalli
189113549,2456021,ca,Vajamangala
189113626,2456022,ca,Maralagala
189113703,2456023,ca,Chinnayakanahalli
189113934,2456026,ca,Kirangur
189114011,2456027,ca,Srinivaspur Agrahara
189114088,2456028,ca,Allapatna
189114319,2456031,ca,Hosur
189114396,2456032,ca,Nagayyanahundi
189114473,2456033,ca,Hebbadihundi
189114550,2456034,ca,Hebbadi
189114627,2456035,ca,Chandagalu
189114935,2456039,ca,Katteri
189115243,2456043,ca,Gohalli
189115320,2456044,ca,Jettihundi
189115628,2456048,ca,Nagavala
189115782,2456050,ca,Huyilalu
189115859,2456051,ca,Bommenahalli
189115936,2456052,ca,Settinayakanahalli
189116090,2456054,ca,Sargur
189116167,2456055,ca,Madahalli
189116244,2456056,ca,Muganahundi
189116321,2456057,ca,Ballahalli
189116475,2456059,ca,Doddamaragowdanahalli
189116552,2456060,ca,Nuggahalli
189116706,2456062,ca,Manikyapura
189116783,2456063,ca,Kamaravalli
189117014,2456066,ca,Anandur
189117322,2456070,ca,Mallegaudana Koppal
189117476,2456072,ca,Naganahalli
189117707,2456075,ca,Kurgahalli
189117861,2456077,ca,Chikkadanahalli
189118169,2456081,ca,Megalapura
189118323,2456083,ca,Erappanakoppalu
189118400,2456084,ca,Karakanahalli
189118477,2456085,ca,Ratnahalli
189118631,2456087,ca,Hutagalli
189119170,2456094,ca,Hinakallu
189119247,2456095,ca,Hoshalli
189119324,2456096,ca,Bommur Agrahara
189119401,2456097,ca,Palhalli
189119478,2456098,ca,Karekura
189119632,2456100,ca,Yennehole Koppal
189119709,2456101,ca,Majjigepura
189121480,2456124,ca,Ballenahalli
189121634,2456126,ca,Nagarthahally
189121788,2456128,ca,Kaniyanahundi
189121942,2456130,ca,Gopalapura
189122096,2456132,ca,Devagalli
189122250,2456134,ca,Daripura
189122327,2456135,ca,Baradanapura
189122404,2456136,ca,Mavinahalli
189122481,2456137,ca,Bettadabidu
189122558,2456138,ca,Kellahalli
189122635,2456139,ca,Thorena Katur
189123405,2456149,ca,Karmadu
189124483,2456163,ca,Kolavige
189124560,2456164,ca,Konanhoshalli
189124637,2456165,ca,Udevepur
189124945,2456169,ca,Nerlakuppe
189125099,2456171,ca,Harlahalli
189125176,2456172,ca,Kirangur
189125330,2456174,ca,Hindgudlu
189125484,2456176,ca,Abbur
189125715,2456179,ca,Dasanpur
189125792,2456180,ca,Muduganur
189125869,2456181,ca,Chik Hejjur
189125946,2456182,ca,Dod Hejjur
189126177,2456185,ca,Sollepur
189126254,2456186,ca,Siddapur
189126408,2456188,ca,Metikuppe
189126562,2456190,ca,Gela
189126716,2456192,ca,Mulvandvadi
189126870,2456194,ca,Kamatvadi
189127332,2456200,ca,Arasinakere
189127409,2456201,ca,Harohalli
189127486,2456202,ca,Gujjagaudanapura
189127563,2456203,ca,Mandanahalli
189127948,2456208,ca,Kanchamalli
189128025,2456209,ca,Rampura
189128102,2456210,ca,Belali
189128179,2456211,ca,Kanenur
189128256,2456212,ca,Shiramalli
189128333,2456213,ca,Kappasoge
189128410,2456214,ca,Taraganahalli
189128487,2456215,ca,Kurihundi
189128564,2456216,ca,Karya
189128795,2456219,ca,Yelahalli
189128872,2456220,ca,Madapura
189129026,2456222,ca,Duggahalli
189129103,2456223,ca,Kaggalur
189129334,2456226,ca,Kongahalli
189129488,2456228,ca,Amble
189129719,2456231,ca,Kadajetti
189129873,2456233,ca,Malkundi
189130104,2456236,ca,Sidayyanahundi
189130181,2456237,ca,Kugalur
189130258,2456238,ca,Yelachagere
189130335,2456239,ca,Lakshmanapura
189130412,2456240,ca,Hospura
189130489,2456241,ca,Surahalli
189130566,2456242,ca,Byaluruhundi
189130643,2456243,ca,Navaluru
189130720,2456244,ca,Yachegundlu
189130797,2456245,ca,Muddahalli
189131182,2456250,ca,Heggadahalli
189131336,2456252,ca,Mobbahalli
189131413,2456253,ca,Byaluru
189131798,2456258,ca,Kembal
189131875,2456259,ca,Bidargoodu
189132491,2456267,ca,Hallididdi
189132645,2456269,ca,Mundagalli
189132722,2456270,ca,Udduru
189132876,2456272,ca,Dadadahalli
189132953,2456273,ca,Kongarananjanahundi
189133030,2456274,ca,Kanchalagodu
189133492,2456280,ca,Byatahalli
189133646,2456282,ca,Hadajana
189133723,2456283,ca,Marasettihalli
189133800,2456284,ca,Thukkadi Madayyanahundi
189133877,2456285,ca,Jantagalli
189134031,2456287,ca,Mosanabayinahalli
189134185,2456289,ca,Marigaudanahundi
189134262,2456290,ca,Dyavalapura
189134339,2456291,ca,Makanahundi
189134416,2456292,ca,Marase
189134493,2456293,ca,Kumbarahalli
189134647,2456295,ca,Ayarahalli
189134724,2456296,ca,Kumbarahalli Math
189134878,2456298,ca,Kudanahalli
189135109,2456301,ca,Kochanahalli
189135186,2456302,ca,Hebya
189135263,2456303,ca,Basallihundi
189135494,2456306,ca,Hadinadú
189135725,2456309,ca,Immavu
189135802,2456310,ca,Hulimavu
189135879,2456311,ca,Bokkahalli
189135956,2456312,ca,Kullankanahundi
189136110,2456314,ca,Thoramavu
189136264,2456316,ca,Basavanapura
189136418,2456318,ca,Hejjige
189136495,2456319,ca,Mandalikanahalli
189136572,2456320,ca,Golur
189136649,2456321,ca,Maranaikanahalli
189136803,2456323,ca,Gundasettyhalli
189136880,2456324,ca,Gikahalli
189136957,2456325,ca,Alumbur
189137034,2456326,ca,Alagandanahalli
189137111,2456327,ca,Horalavadi
189137188,2456328,ca,Mallagodanahalli
189137342,2456330,ca,Kattavadipura
189137419,2456331,ca,Bitagaudanahalli
189137496,2456332,ca,Devirammanahalli
189137573,2456333,ca,Unnenahalli
189137650,2456334,ca,Devarasanahalli
189137727,2456335,ca,Gangenahally
189137804,2456336,ca,Hosahalli
189137881,2456337,ca,Hosur
189137958,2456338,ca,Honnasettihalli
189138189,2456341,ca,Chinnadagudihundi
189138343,2456343,ca,Uppinahalli
189138420,2456344,ca,Muddanahalli
189138651,2456347,ca,Viredevanapura
189138728,2456348,ca,Annenahalli
189138805,2456349,ca,Timmalapura
189138882,2456350,ca,Viregaudanahundi
189138959,2456351,ca,Basavattige
189139036,2456352,ca,Yesilyurt
189139113,2456353,ca,Hedathale
189139267,2456355,ca,Hemmeragala
189139344,2456356,ca,Karekere
189139421,2456357,ca,Muddanahalli
189139498,2456358,ca,Sindhuvalli
189139575,2456359,ca,Vagarahalli
189139652,2456360,ca,Kalihundi
189139806,2456362,ca,Hirihalli
189139883,2456363,ca,Singaripura
189139960,2456364,ca,Baladare
189140037,2456365,ca,Sindhuvallipura
189140114,2456366,ca,Tenkanahalli
189140191,2456367,ca,Hunasanalu
189140268,2456368,ca,Karahatti
189140422,2456370,ca,Kummarahalli
189140499,2456371,ca,Mallahalli
189140576,2456372,ca,Ballenahalli
189140653,2456373,ca,Jagaravalli
189140730,2456374,ca,Bhujagainahudi
189140807,2456375,ca,Samudravalli
189141038,2456378,ca,Kerehundi
189141269,2456381,ca,Chikka Gaudanahundi
189141423,2456383,ca,Madrahalli
189141500,2456384,ca,Bijemaranhalli
189141577,2456385,ca,Thalur
189141654,2456386,ca,Somanathanahalli
189141808,2456388,ca,Sangatavalli
189141885,2456389,ca,Chennapura
189142039,2456391,ca,Sannenahalli
189142116,2456392,ca,Narayanapura
189142270,2456394,ca,Nadanahalli
189142347,2456395,ca,Paduvanahalli
189142424,2456396,ca,Kurubarahalli
189142655,2456399,ca,Banakuppe
189142732,2456400,ca,Pillenahalli
189142809,2456401,ca,Sivapura
189142886,2456402,ca,Kamenahalli
189143194,2456406,ca,Hale Kunche
189143271,2456407,ca,Kodihalli
189143579,2456411,ca,Kumbenahalli
189143733,2456413,ca,Woddarahalli
189143810,2456414,ca,Hosahalli
189143964,2456416,ca,Hadavanahalli
189144041,2456417,ca,Agrahara
189144118,2456418,ca,Ulivala
189144349,2456421,ca,Marasettihalli
189144426,2456422,ca,Mallasamudra
189144580,2456424,ca,Gulisatenahalli
189144657,2456425,ca,Jakkavalli
189144734,2456426,ca,Singapura
189144888,2456428,ca,Gondimallenahalli
189144965,2456429,ca,Tattekere
189145119,2456431,ca,Somanahalli
189145196,2456432,ca,Gondihalli
189145350,2456434,ca,Biranahalli
189145427,2456435,ca,Tivadahalli
189145581,2456437,ca,Mangalapura
189145812,2456440,ca,Mallappanahali
189145889,2456441,ca,Kadavinabachahalli
189145966,2456442,ca,Havinamaranahalli
189146120,2456444,ca,Gulladapura
189146197,2456445,ca,Aladahalli
189146274,2456446,ca,Hullahalli
189146428,2456448,ca,Kongalabidu
189146582,2456450,ca,Nagarti
189146736,2456452,ca,Bidarhalli
189146813,2456453,ca,Kotahalli
189146967,2456455,ca,Chinnenahalli
189147044,2456456,ca,Govindanahalli
189147121,2456457,ca,Margonahalli
189147198,2456458,ca,Thenginaghatta
189147352,2456460,ca,Basavanahalli
189147583,2456463,ca,Madapura
189147737,2456465,ca,Ganadahalli
189147814,2456466,ca,Halemadapura
189147891,2456467,ca,Gudehosahalli
189148045,2456469,ca,Kadahemmige
189148276,2456472,ca,Mulekalenahalli
189148353,2456473,ca,Bolamaranhalli
189148507,2456475,ca,Anegola
189148661,2456477,ca,Chikkatharahalli
189148815,2456479,ca,Kalenahalli
189148892,2456480,ca,Srinivasapura
189148969,2456481,ca,Nàllur
189149046,2456482,ca,Doddaganni
189149354,2456486,ca,Sasalpura
189149431,2456487,ca,Adagur
189149508,2456488,ca,Mollenahalli
189149585,2456489,ca,Yachenahalli
189149739,2456491,ca,Bindenahalli
189149816,2456492,ca,Noranakki
189150124,2456496,ca,Guramaranahalli
189150278,2456498,ca,Bandihalli
189150432,2456500,ca,Anekere
189150586,2456502,ca,Mollenahalli
189150894,2456506,ca,Chikkondanahalli
189150971,2456507,ca,Mallekoppal
189151048,2456508,ca,Gejjegaranahalli
189151125,2456509,ca,Baragur
189151202,2456510,ca,Aralabaragur
189151279,2456511,ca,Doddamathighatta
189151356,2456512,ca,Gulasinda
189151433,2456513,ca,Karimaranahalli
189151510,2456514,ca,Chaudenahalli
189151587,2456515,ca,Appenahalli
189151664,2456516,ca,Chikkamathighatta
189151741,2456517,ca,Haralahalli
189151818,2456518,ca,Kalasinda
189151895,2456519,ca,Chikkanayakanahall
189151972,2456520,ca,Woddarahalli
189152049,2456521,ca,Byaladakere
189152126,2456522,ca,Madaba
189152280,2456524,ca,Jakkenahalli
189152357,2456525,ca,Byadarahalli
189152434,2456526,ca,Maruvanahalli
189152511,2456527,ca,Kuruvanka
189152588,2456528,ca,Gollarahosahalli
189152665,2456529,ca,Chaudenahalli
189152742,2456530,ca,Machenahalli
189152896,2456532,ca,Jambur
189153358,2456538,ca,Kumbhavde
189153589,2456541,ca,Bhekurli
189153666,2456542,ca,Mirvel
189153743,2456543,ca,Ker
189153820,2456544,ca,Morle
189154128,2456548,ca,Konal
189154282,2456550,ca,Ghotgevadi
189154359,2456551,ca,Tilarivadi
189154436,2456552,ca,Palye
189154590,2456554,ca,Sonaval
189154898,2456558,ca,Isapur
189155514,2456566,ca,Punara
189155668,2456568,ca,Aputvhalwadi
189155822,2456570,ca,Kalgandavadi
189155899,2456571,ca,Pilani
189156053,2456573,ca,Jambre
189156515,2456579,ca,Vaghotre
189156823,2456583,ca,Hevale
189157131,2456587,ca,Tenkanahalli
189157285,2456589,ca,Devagere
189157362,2456590,ca,Sappenahalli
189157516,2456592,ca,Tavarekere
189157593,2456593,ca,Attihalli
189157747,2456595,ca,Satenahalli
189157901,2456597,ca,Harosomanahalli
189157978,2456598,ca,Badakavahalli
189158055,2456599,ca,Kaggere
189158132,2456600,ca,Dindagur
189158209,2456601,ca,Valageresomanahalli
189158594,2456606,ca,Savatachiwadi
189158671,2456607,ca,Khalnekarvadi
189158825,2456609,ca,Umgaon
189158902,2456610,ca,Pednekarvadi
189158979,2456611,ca,Nhaveli
189159056,2456612,ca,Nagave
189159210,2456614,ca,Kokare
189159287,2456615,ca,Bhogli
189159518,2456618,ca,Bijur
189159749,2456621,ca,Kurni Bujavade
189160134,2456626,ca,Kajirne
189160211,2456627,ca,Hindgaon
189160288,2456628,ca,Shirgaon
189160442,2456630,ca,Hambere
189160519,2456631,ca,Asgaon
189160673,2456633,ca,Sulaye
189160750,2456634,ca,Nandipura
189160827,2456635,ca,Gaudagere
189161058,2456638,ca,Jogipura
189161135,2456639,ca,Arlapura
189161212,2456640,ca,Chamadihalli
189161289,2456641,ca,Bidiganahalli
189161520,2456644,ca,Kodibelagola
189161597,2456645,ca,Hosur
189161674,2456646,ca,Halebelagola
189161905,2456649,ca,Bekka
189161982,2456650,ca,Manchenahalli
189162059,2456651,ca,Hadenahalli
189162136,2456652,ca,Janivara
189162290,2456654,ca,Adure
189162444,2456656,ca,Kolindre
189162521,2456657,ca,Sipur
189162598,2456658,ca,Savarde
189162675,2456659,ca,Huesrev
189162752,2456660,ca,Khamdale
189162906,2456662,ca,Motanvadi
189162983,2456663,ca,Baindevadi
189163060,2456664,ca,Parle
189163137,2456665,ca,Kalasgade
189163214,2456666,ca,Gulamb
189163291,2456667,ca,Kodali
189163522,2456670,ca,Jalugade
189163599,2456671,ca,Patne
189163676,2456672,ca,Shevale
189163753,2456673,ca,Nandvade
189163830,2456674,ca,Karanjgaon
189163907,2456675,ca,Konevadi
189163984,2456676,ca,Kurtanwadi
189164061,2456677,ca,Naganvadi
189164138,2456678,ca,Koraj
189164446,2456682,ca,Savarde
189164600,2456684,ca,Povachivadi
189164677,2456685,ca,Kanadi
189164985,2456689,ca,Sravaneri
189165062,2456690,ca,Devarahalli
189165216,2456692,ca,Bastihalli
189165370,2456694,ca,Jinnathapura
189165524,2456696,ca,Jinnenahalli
189165601,2456697,ca,Uttenahalli
189165678,2456698,ca,Rachanahalli
189165986,2456702,ca,Doddatharahalli
189166294,2456706,ca,Woddarahalli
189166371,2456707,ca,Chikka Belathi
189166525,2456709,ca,Kantarajpura
189166602,2456710,ca,Ajjenahalli
189166679,2456711,ca,Sugganahalli
189166910,2456714,ca,Gurikarnahalli
189167141,2456717,ca,Ikanahalli
189167218,2456718,ca,Tholasi
189167295,2456719,ca,Sasalu
189167372,2456720,ca,Yeladahalli
189167526,2456722,ca,Devarahalli
189167603,2456723,ca,Woddarahalli
189167680,2456724,ca,Madihalli
189167757,2456725,ca,Damaningala
189167834,2456726,ca,Aldahalli
189167911,2456727,ca,Honnenahalli
189167988,2456728,ca,Yarekoppal
189168065,2456729,ca,Ankanahalli
189168142,2456730,ca,Hale Attikuppe
189168296,2456732,ca,Marenahalli
189168373,2456733,ca,Dinka
189168450,2456734,ca,Kallanakere
189168604,2456736,ca,Sollepura
189168681,2456737,ca,Kundur
189168758,2456738,ca,Bharatipura
189168912,2456740,ca,Manganahosahalli
189169066,2456742,ca,Murarnahalli
189169220,2456744,ca,Settigaudanahalli
189169451,2456747,ca,Valambige
189169528,2456748,ca,Settihalli
189169605,2456749,ca,Hebbalalu
189169836,2456752,ca,Ganasandra
189169913,2456753,ca,Bettadakote
189170067,2456755,ca,Irubanahalli
189170221,2456757,ca,Hatna
189170298,2456758,ca,Kalinganahalli
189170452,2456760,ca,Hosakipalya
189170683,2456763,ca,Wayangantad
189170991,2456767,ca,Imli
189171068,2456768,ca,Pachraha
189171145,2456769,ca,Olapur
189171222,2456770,ca,Belahi
189171376,2456772,ca,Lachhminia
189171530,2456774,ca,Suravjin
189171761,2456777,ca,Chhechhani
189171915,2456779,ca,Belsandi
189171992,2456780,ca,Larjha
189172223,2456783,ca,Chandauli
189172300,2456784,ca,Sirsia
189172377,2456785,ca,Bardauni
189172531,2456787,ca,Bithan
189172685,2456789,ca,Katosi
189172916,2456792,ca,Pusaho
189173070,2456794,ca,Barahi
189173532,2456800,ca,Halna
189173609,2456801,ca,Ganguli
189173763,2456803,ca,Murthua
189173994,2456806,ca,Simraha
189174148,2456808,ca,Burhi Ghat
189174379,2456811,ca,Burhwa
189174456,2456812,ca,Ujan
189174533,2456813,ca,Padri
189174610,2456814,ca,Harpur
189175072,2456820,ca,Budhaura
189175149,2456821,ca,Chhil Kauri
189175919,2456831,ca,Urdaha
189176073,2456833,ca,Machhra
189176304,2456836,ca,Barai
189176381,2456837,ca,Sonihar
189176997,2456845,ca,Babhain
189177228,2456848,ca,Dahraia
189177690,2456854,ca,Turkia
189178229,2456861,ca,Bhuraha
189178306,2456862,ca,Sankhu
189178460,2456864,ca,Bela Simri
189178614,2456866,ca,Rani Shakarpura
189178691,2456867,ca,Mohanpur
189178768,2456868,ca,Tetri
189178845,2456869,ca,Sohilpur
189178999,2456871,ca,Chainpura
189179076,2456872,ca,Jalkaura
189179307,2456875,ca,Labhgaon
189179384,2456876,ca,Soraidih
189179923,2456883,ca,Bishunpur Dhusmuri
189180000,2456884,ca,Dhodhraha
189180231,2456887,ca,Chainpur Khurd
189180308,2456888,ca,Ahuna
189180385,2456889,ca,Kanthari
189180462,2456890,ca,Murli
189180539,2456891,ca,Baluahi
189180693,2456893,ca,Bhagwan Chak
189180770,2456894,ca,Sumbha
189180924,2456896,ca,Mandupa
189181001,2456897,ca,Lalpokhra
189181078,2456898,ca,Dhimki
189181232,2456900,ca,Ganga Sagar
189181463,2456903,ca,Goriami
189181540,2456904,ca,Sanjhauti
189181617,2456905,ca,Bagulia
189181925,2456909,ca,Ahunasiswa
189182233,2456913,ca,Ladaura
189182387,2456915,ca,Tharuatol
189182541,2456917,ca,Amba
189182618,2456918,ca,Surkahi
189182695,2456919,ca,Alauli
189182772,2456920,ca,Raun
189183234,2456926,ca,Bhikhari Ghat
189183388,2456928,ca,Hathwan
189183542,2456930,ca,Pirrahi
189183696,2456932,ca,Dubiahi
189183773,2456933,ca,Meghauna
189183927,2456935,ca,Bahorwa
189184081,2456937,ca,Aurah
189184158,2456938,ca,Jolhania
189184312,2456940,ca,Phultora
189184389,2456941,ca,Sanokhar
189184466,2456942,ca,Sardahi
189184697,2456945,ca,Gamharia
189184928,2456948,ca,Khota
189185159,2456951,ca,Ramnagar
189185236,2456952,ca,Bariahi
189185390,2456954,ca,Yalekoppa
189185544,2456956,ca,Halalu
189185698,2456958,ca,Kadamanchenahalli
189185775,2456959,ca,Hampapura
189185929,2456961,ca,Tolasandra
189186160,2456964,ca,Doddajataka
189186314,2456966,ca,Ankanahalli
189186391,2456967,ca,Dumsandra
189186468,2456968,ca,Begamangala
189186545,2456969,ca,Chikkajataka
189186699,2456971,ca,Karagere
189187238,2456978,ca,Sohma
189187315,2456979,ca,Sukhasan
189187546,2456982,ca,Tilkeswar
189187854,2456986,ca,Belaun
189188085,2456989,ca,Phuhia
189188239,2456991,ca,Gollarahatti
189188316,2456992,ca,Kodagihalli
189188393,2456993,ca,Krishnapura
189188624,2456996,ca,Kachenahalli
189188855,2456999,ca,Yagatihalli
189188932,2457000,ca,Keremegalakoppal
189189009,2457001,ca,Dadamudike
189189548,2457008,ca,Byadarahalli
189189779,2457011,ca,Belwara
189189933,2457013,ca,Kanaria
189190241,2457017,ca,Kawaiya
189190549,2457021,ca,Hasulia
189190626,2457022,ca,Agar
189190780,2457024,ca,Simrah Tok
189191011,2457027,ca,Mohra Ghat
189191242,2457030,ca,Hosahalli
189191319,2457031,ca,Arsegaudanakoppal
189191396,2457032,ca,Chaudinahalli
189191858,2457038,ca,Palagrahara
189191935,2457039,ca,Kotebetta
189192089,2457041,ca,Nalkundi
189192243,2457043,ca,Haradanahalli
189192320,2457044,ca,Chikkanahalli
189192551,2457047,ca,Madahalli
189192628,2457048,ca,Tattahalli
189192936,2457052,ca,Dhanupra
189193167,2457055,ca,Kabira
189193321,2457057,ca,Chamaini
189193398,2457058,ca,Sonbarsa
189193475,2457059,ca,Raiti
189193706,2457062,ca,Aurahidih
189194014,2457066,ca,Cherakhera
189194553,2457073,ca,Chiraia
189194630,2457074,ca,Bharat
189194784,2457076,ca,Sukhasan
189194861,2457077,ca,Shiamgharari
189195092,2457080,ca,Amausi
189195246,2457082,ca,Sripur
189195400,2457084,ca,Ambaicharua
189195554,2457086,ca,Mohanpur
189195862,2457090,ca,Hullekere
189196247,2457095,ca,Haralakere
189196401,2457097,ca,Dandiganahalli
189196478,2457098,ca,Karadahalli
189196555,2457099,ca,Borikoppal
189196632,2457100,ca,Hottegaudanakoppal
189196786,2457102,ca,Buradagunte
189196863,2457103,ca,Doddayagati
189196940,2457104,ca,Gurugalamadahalli
189197017,2457105,ca,Hullenahalli
189197094,2457106,ca,Gandiningankoppal
189197171,2457107,ca,Bather
189198172,2457120,ca,Sonmanki
189198249,2457121,ca,Madhura
189198326,2457122,ca,Marukahi
189198480,2457124,ca,Badchatar
189198711,2457127,ca,Bindenahalli
189198788,2457128,ca,Matanakoppal
189198865,2457129,ca,Gidavinpatna
189198942,2457130,ca,Bhimanahalli
189199019,2457131,ca,Kalikoppal
189199173,2457133,ca,Sunaganahalli
189199327,2457135,ca,Ganiga
189199558,2457138,ca,Hanchipura
189199712,2457140,ca,Kallenahalli
189199943,2457143,ca,Naganahalli
189200020,2457144,ca,Kudagabalu
189200097,2457145,ca,Settihalli
189200174,2457146,ca,Santokh Bishunpur
189200790,2457154,ca,Shekh Pura
189200944,2457156,ca,Sonhauli
189201406,2457162,ca,Kaunia
189201483,2457163,ca,Chak Hamid
189201637,2457165,ca,Gaura Chak
189201791,2457167,ca,Manorwa Khaira
189202253,2457173,ca,Rahima
189202407,2457175,ca,Jhima
189202869,2457181,ca,Moraul
189202946,2457182,ca,Malsar
189203023,2457183,ca,Kua
189203100,2457184,ca,Mallanathapura
189203177,2457185,ca,Mutsandra
189203254,2457186,ca,Kuntankoppal
189203562,2457190,ca,Chattenahalli
189203639,2457191,ca,Arakere
189203716,2457192,ca,Devaramallanayakanahalli
189203870,2457194,ca,Devaramadihalli
189204101,2457197,ca,Doddakallahalli
189204178,2457198,ca,Dandeballa
189204409,2457201,ca,Doddauppla
189204486,2457202,ca,Toremallanayakanahalli
189204563,2457203,ca,Hidava
189204871,2457207,ca,Burhwan
189204948,2457208,ca,Pachrukhi
189205410,2457214,ca,Dandari
189205487,2457215,ca,Ban Khrai
189205641,2457217,ca,Bishunpur
189205718,2457218,ca,Sughraun
189206180,2457224,ca,Ankanahalli
189206334,2457226,ca,Bisinele
189206411,2457227,ca,Tulasikomari
189206488,2457228,ca,Yadavanahalli
189206565,2457229,ca,Kadasettihalli
189206642,2457230,ca,Torehalli
189206719,2457231,ca,Bettahalli
189206796,2457232,ca,Mallasandra
189206873,2457233,ca,Katriguppe
189206950,2457234,ca,Kurubarasettihalli
189207027,2457235,ca,Sivanahalli
189207104,2457236,ca,Doddaguni
189207412,2457240,ca,Markonahalli
189207489,2457241,ca,Hanumapura
189207566,2457242,ca,Tubinakere
189207720,2457244,ca,Hampapura
189207797,2457245,ca,Gondihalli
189207874,2457246,ca,Hosahalli
189207951,2457247,ca,Ajjanapalya
189208028,2457248,ca,Tattekere
189208182,2457250,ca,Birugonahalli
189208490,2457254,ca,Tippur
189208567,2457255,ca,Singonahalli
189208644,2457256,ca,Mantya
189208721,2457257,ca,Siddapura
189208875,2457259,ca,Avaragere
189209106,2457262,ca,Kattigehalli
189209183,2457263,ca,Teppasandra
189209260,2457264,ca,Basavanamattikere
189209337,2457265,ca,Sankhanupura
189209414,2457266,ca,Gaudagere
189209568,2457268,ca,Timmegaudanapalya
189209722,2457270,ca,Halalaguna
189209799,2457271,ca,Madihalli
189209953,2457273,ca,Hosahalli
189210030,2457274,ca,Hosapura
189210107,2457275,ca,Buvanapalya
189210184,2457276,ca,Bidarakattepalya
189210261,2457277,ca,Chinnahalli
189210338,2457278,ca,Kodigehalli
189210415,2457279,ca,Mallapura
189210492,2457280,ca,Handalkuppe
189210569,2457281,ca,Sondekoppe
189210646,2457282,ca,Yachanahalli
189210723,2457283,ca,Shanuboganahalli
189210877,2457285,ca,Raghavanahosur
189210954,2457286,ca,Heggadathihalli
189211031,2457287,ca,Korati
189211108,2457288,ca,Gajanapalya
189211185,2457289,ca,Handalagere
189211262,2457290,ca,Kachonahalli
189211416,2457292,ca,Hosakere
189211493,2457293,ca,Beligere
189211570,2457294,ca,Settipura
189211647,2457295,ca,Balekatte
189211801,2457297,ca,Jannagara
189211878,2457298,ca,Paduvagere
189211955,2457299,ca,Kantanahalli
189212032,2457300,ca,Sanaba
189212186,2457302,ca,Woddarahalli
189212340,2457304,ca,Lakshmipur
189212494,2457306,ca,Benavara
189212725,2457309,ca,Sanabagatta
189212879,2457311,ca,Hanchipura
189212956,2457312,ca,Yadavanne
189213110,2457314,ca,Pallerayanahalli
189213187,2457315,ca,Kagganahalli
189213264,2457316,ca,Pura
189213341,2457317,ca,Sugganahalli
189213418,2457318,ca,Arjunahalli
189213572,2457320,ca,Bommanahalli
189213649,2457321,ca,Kodavati
189214265,2457329,ca,Yadavanahalli
189214342,2457330,ca,Kirangur
189214496,2457332,ca,Halehalli
189214573,2457333,ca,Tarikere
189214804,2457336,ca,Bairasandra
189214881,2457337,ca,Kalludevanahalli
189215035,2457339,ca,Chandanahalli
189215112,2457340,ca,Kasalagere
189215189,2457341,ca,Kallinathapura
189215959,2457351,ca,Bariarpur
189216036,2457352,ca,Sadanandpur
189216729,2457361,ca,Fatehpur
189217268,2457368,ca,Sadipur
189218115,2457379,ca,Fikimahatotola
189218654,2457386,ca,Kiranpur
189219193,2457393,ca,Bahachauki
189220194,2457406,ca,Shahpur
189220271,2457407,ca,Masudanpur
189220502,2457410,ca,Miralipur
189221503,2457423,ca,Bakhadda
189222196,2457432,ca,Chauki
189223043,2457443,ca,Tetrabad
189223351,2457447,ca,Katahri
189224121,2457457,ca,Durgapur
189224429,2457461,ca,Tartar
189224506,2457462,ca,Rohua
189225430,2457474,ca,Kalyanpur
189225738,2457478,ca,Achhechak
189226508,2457488,ca,Sandalpur
189227817,2457505,ca,Ramchandarpur
189228356,2457512,ca,Dariapur
189228587,2457515,ca,Dasrathi
189228972,2457520,ca,Itwa
189229126,2457522,ca,Amari
189229742,2457530,ca,Kame Chak
189230512,2457540,ca,Masumganj
189230897,2457545,ca,Anglès
189231051,2457547,ca,Bairagamdinne
189231128,2457548,ca,Kottalachinta
189231205,2457549,ca,Gubbihal
189231282,2457550,ca,Mannahalli
189231513,2457553,ca,Mudigaudanakoppal
189231590,2457554,ca,Ankusapura
189231667,2457555,ca,Tenginabaga
189231744,2457556,ca,Nayakanahalli
189231821,2457557,ca,Hullahalli
189231898,2457558,ca,Bennahatti
189232129,2457561,ca,Kodagahalli
189232206,2457562,ca,Muddanagatta
189232283,2457563,ca,Heggadattahalli
189232437,2457565,ca,Kodikoppal
189232514,2457566,ca,Woddarahalli
189232591,2457567,ca,Shanbhoganahalli
189232668,2457568,ca,Gundapura
189232745,2457569,ca,Muttagere
189232822,2457570,ca,Harakadahalli
189232899,2457571,ca,Managanahalli
189233053,2457573,ca,Nanjenahalli
189233130,2457574,ca,Hunuganahalli
189233207,2457575,ca,Nandihalli
189233361,2457577,ca,Hunaganahalli
189233438,2457578,ca,Hodagatta
189233515,2457579,ca,Bommanahalli
189233592,2457580,ca,Bettahalli
189233746,2457582,ca,Mudagandur
189233823,2457583,ca,Mallagatta
189233977,2457585,ca,Choknahalli
189234054,2457586,ca,Karadikoppal
189234131,2457587,ca,Hosahalli
189234362,2457590,ca,Bichanahalli
189234516,2457592,ca,Maranahalli
189234593,2457593,ca,Kaseb Mahalleh
189234670,2457594,ca,Gunnaikanahalli
189234824,2457596,ca,Madla
189234901,2457597,ca,Dudda
189234978,2457598,ca,Honnenahalli
189235055,2457599,ca,Bevakal
189235209,2457601,ca,Bankanahalli
189235363,2457603,ca,Kannahatti
189235440,2457604,ca,Dyavarayapatna
189235517,2457605,ca,Sivahalli
189235594,2457606,ca,Hulikere
189235748,2457608,ca,Hullenahalli
189235825,2457609,ca,Hadya
189235902,2457610,ca,Malligere
189235979,2457611,ca,Machahalli
189236133,2457613,ca,Giddasanakoppalu
189236364,2457616,ca,Puttikoppal
189236441,2457617,ca,Madchakanahalli
189236518,2457618,ca,Gandalu
189236672,2457620,ca,Chandigalu
189236749,2457621,ca,Upparakoppal
189236826,2457622,ca,Bilaguli
189236903,2457623,ca,Maradevanahalli
189237134,2457626,ca,Chikkakoppal
189237365,2457629,ca,Agatahalli
189237442,2457630,ca,Avverahalli
189237519,2457631,ca,Yelechakanahalli
189237673,2457633,ca,Sundahalli
189237750,2457634,ca,Yarahalli
189237827,2457635,ca,Siddayanakoppal
189237904,2457636,ca,Molekoppal
189238366,2457642,ca,Chikkamandya
189238751,2457647,ca,Konanahalli
189238828,2457648,ca,Tandasanahalli
189239059,2457651,ca,Holalu
189239367,2457655,ca,Mallanayakanakatte
189239444,2457656,ca,Sampahalli
189239598,2457658,ca,Honagonahalli
189239675,2457659,ca,Goravale
189239752,2457660,ca,Sambuvanahalli
189239906,2457662,ca,Jigundipatna
189239983,2457663,ca,Hulivana
189240214,2457666,ca,Bokkegaudanadoddi
189240368,2457668,ca,Bilidegilu
189240522,2457670,ca,Kaseb Mahalleh
189240599,2457671,ca,Hanchahalli
189240753,2457673,ca,Keregodu
189240830,2457674,ca,Talemaledoddi
189240984,2457676,ca,Habbadamaranahalli
189241061,2457677,ca,Hampapura
189241138,2457678,ca,Upparakanahalli
189241215,2457679,ca,Gantagonahalli
189241600,2457684,ca,Gudagonahalli
189241677,2457685,ca,Dyapasandra
189241754,2457686,ca,Mayappanahalli
189241908,2457688,ca,Chikkabali
189242062,2457690,ca,Taranagere
189242139,2457691,ca,Madaviranahalli
189242216,2457692,ca,Bidarkatte
189242293,2457693,ca,Karekatte
189242370,2457694,ca,Tangalagere
189242447,2457695,ca,Hallegere
189242601,2457697,ca,Chandigalu
189242755,2457699,ca,Doddakothagere
189242832,2457700,ca,Chikkakothagere
189243063,2457703,ca,Tavarekere
189243140,2457704,ca,Kambadahalli
189243217,2457705,ca,Naragalu
189243602,2457710,ca,Sivapura
189243987,2457715,ca,Balenahalli
189244372,2457720,ca,Marangere
189244449,2457721,ca,Chikkahosagavi
189244526,2457722,ca,Somanahalli
189244834,2457726,ca,Mudya
189244911,2457727,ca,Avverahalli
189244988,2457728,ca,Haralakere
189245219,2457731,ca,Taggahalli
189245373,2457733,ca,Ballakere
189245450,2457734,ca,Abalavadi
189245604,2457736,ca,Chikkonahalli
189245681,2457737,ca,Anedoddi
189245758,2457738,ca,Rayashettipura
189245835,2457739,ca,Kodidoddi
189245989,2457741,ca,Nambinayakana Halli
189246066,2457742,ca,Hurugalavadi
189246374,2457746,ca,Bidarakote
189246605,2457749,ca,Chikkadoddi
189246836,2457752,ca,Hosahallidoddi
189246913,2457753,ca,Marliga
189247298,2457758,ca,Maragaudanahalli
189247375,2457759,ca,Chotnahalli
189247452,2457760,ca,Konasalu
189247683,2457763,ca,Marlinganadoddi
189247760,2457764,ca,Besagarahalli
189247914,2457766,ca,Sivara
189247991,2457767,ca,Siddegaudanadoddi
189248145,2457769,ca,Marilinganadoddi
189248299,2457771,ca,Nallahalli
189248453,2457773,ca,Danayakanapura
189248530,2457774,ca,Rampura
189248607,2457775,ca,Sollepura
189248684,2457776,ca,Mudigere
189248761,2457777,ca,Alakere
189248915,2457779,ca,Banasavadi
189248992,2457780,ca,Chikkabanasavadi
189249069,2457781,ca,Chamalapura
189249454,2457786,ca,Belundigere
189249531,2457787,ca,Ummadahalli
189250147,2457795,ca,Belur
189250301,2457797,ca,Yarahalli
189250378,2457798,ca,Kattedoddi
189250609,2457801,ca,Kannali
189250840,2457804,ca,Ambarahalli
189250917,2457805,ca,Sunagahalli
189250994,2457806,ca,Hemmige
189251071,2457807,ca,Kabbinahalli
189251148,2457808,ca,Panakanahalli
189251456,2457812,ca,Hettagonahalli
189251533,2457813,ca,Siddapur
189252072,2457820,ca,Gaudahalli
189252303,2457823,ca,Kalenahalli
189252457,2457825,ca,Nilana Koppal
189252534,2457826,ca,Alagodu
189252611,2457827,ca,Hunjanakere
189252919,2457831,ca,Garakahalli
189252996,2457832,ca,Kalenahalli
189253073,2457833,ca,Chottahalli
189253304,2457836,ca,Mundakadore
189253381,2457837,ca,Hangarahalli
189253535,2457839,ca,Vadiyandahalli
189253612,2457840,ca,Gobragala
189253689,2457841,ca,Arakere
189253766,2457842,ca,Mandada Koppal
189253843,2457843,ca,Madrahalli
189253920,2457844,ca,Aravattigekoppalu
189254305,2457849,ca,Channahalli
189254536,2457852,ca,Taripur
189254613,2457853,ca,Sugganahalli
189254767,2457855,ca,Ranganathapur
189254998,2457858,ca,Pattehundi
189255075,2457859,ca,Rangasamudra
189255229,2457861,ca,Hunuganahalli
189255383,2457863,ca,Badagalahundi
189255460,2457864,ca,Hosahundi
189255537,2457865,ca,Mudluhundi
189255614,2457866,ca,Varakodu
189255922,2457870,ca,Puttegaudanahundi
189255999,2457871,ca,Dandikere
189256076,2457872,ca,Madhavagere
189256153,2457873,ca,Mudiki Chikkanahalli
189256307,2457875,ca,Kilanapura
189256384,2457876,ca,Megalapura
189256461,2457877,ca,Bommanayakanahalli
189256538,2457878,ca,Agasthapura
189256692,2457880,ca,Muttatti
189256846,2457882,ca,Tumbala
189256923,2457883,ca,Hittuvalli
189257000,2457884,ca,Kaglipura
189257077,2457885,ca,Tamadipura
189257154,2457886,ca,Kannayakanahalli
189257231,2457887,ca,Kebbehundi
189257308,2457888,ca,Siddnahundi
189257462,2457890,ca,Ukkalagere
189257539,2457891,ca,Kullanakoppalu
189257770,2457894,ca,Bevinahalli
189257924,2457896,ca,Kuntanahalli
189258001,2457897,ca,Kanchinahalli
189258078,2457898,ca,Senapathihalli
189258155,2457899,ca,Ganiganakoppalu
189258232,2457900,ca,Kallipura
189258309,2457901,ca,Budahalli
189258386,2457902,ca,Konagalli
189258540,2457904,ca,Narakyatanahalli
189258617,2457905,ca,Halavara
189258771,2457907,ca,Naripura
189258848,2457908,ca,Attahalli
189258925,2457909,ca,Bettahalli
189259079,2457911,ca,Basavanahalli
189259233,2457913,ca,Bidanahalli
189259387,2457915,ca,Madigahalli
189259464,2457916,ca,Gadijogihundi
189259695,2457919,ca,Banasavadi
189259772,2457920,ca,Yedahalli
189259926,2457922,ca,Bendravadi
189260003,2457923,ca,Desavalli
189260080,2457924,ca,Thuruganuru
189260311,2457927,ca,Hunasahalli
189260388,2457928,ca,Goravanahalli
189260465,2457929,ca,Yachenahalli
189260619,2457931,ca,Menasikyathanahalli
189260696,2457932,ca,Nerlakere
189260773,2457933,ca,Ballekere
189260850,2457934,ca,Chikharohalli
189260927,2457935,ca,Bannahalli
189261004,2457936,ca,Bettahalli
189261081,2457937,ca,Kalkere
189261158,2457938,ca,Marasinganahalli
189261235,2457939,ca,Gamanahalli
189261312,2457940,ca,Doddamulagudu
189261466,2457942,ca,Keremegal Koppal
189261697,2457945,ca,Kodiyala
189261851,2457947,ca,Aladahalli
189261928,2457948,ca,Mattahalli
189262005,2457949,ca,Hebbakavadi
189262082,2457950,ca,Hunasanahalli
189262159,2457951,ca,Hullukere
189262313,2457953,ca,Bevinahalli
189262390,2457954,ca,Sante Kasalgere
189262621,2457957,ca,Mangala
189262775,2457959,ca,Kammanayakanahalli
189262929,2457961,ca,Thaggahalli
189263237,2457965,ca,Madarahalli
189263468,2457968,ca,Yedaganahalli
189263545,2457969,ca,Gopanahalli
189263622,2457970,ca,Kadukothanahalli
189263699,2457971,ca,Sabbanahalli
189263776,2457972,ca,Marasinganahalli
189263930,2457974,ca,Lokasara
189264084,2457976,ca,Chikkamulagudu
189264161,2457977,ca,Anasale
189264238,2457978,ca,Bhimanahalli
189264315,2457979,ca,Kurbanapura
189264392,2457980,ca,Bujavalli
189264469,2457981,ca,Virajipura
189264546,2457982,ca,Guddadakoppalu
189264623,2457983,ca,Ravandur
189264777,2457985,ca,Mikkere
189264854,2457986,ca,Ittanahalli
189264931,2457987,ca,Dugganahalli
189265085,2457989,ca,Doddanahalli
189265162,2457990,ca,Ainahalli
189265239,2457991,ca,Nugahalli Koppal
189265316,2457992,ca,Heggur
189265393,2457993,ca,Kattekoppalu
189265547,2457995,ca,Kirugavalu
189265624,2457996,ca,Maganahalli
189265855,2457999,ca,Jadakanapura
189266086,2458002,ca,Honniganahalli
189266394,2458006,ca,Chimli
189266548,2458008,ca,Huvinakoppalu
189266625,2458009,ca,Samasettipura
189266933,2458013,ca,Bommanahalli
189267010,2458014,ca,Chidravalli
189267164,2458016,ca,Kempanapura
189267241,2458017,ca,Ramegaudanapura
189267318,2458018,ca,Hanakola
189267472,2458020,ca,Kolaturu
189267626,2458022,ca,Mudukanapura
189267703,2458023,ca,Hullamballi
189267857,2458025,ca,Pillahalli
189267934,2458026,ca,Duddagere
189268011,2458027,ca,Hasavatti
189268088,2458028,ca,Horalahalli
189268165,2458029,ca,Nandigundapura
189268242,2458030,ca,Mardihundi
189268396,2458032,ca,Bilagale
189268473,2458033,ca,Nandigunda
189268550,2458034,ca,Yadakola
189268627,2458035,ca,Anchehundi
189268704,2458036,ca,Devegaudanahundi
189268781,2458037,ca,Siddaramanahundi
189268858,2458038,ca,Kadavehattihundi
189268935,2458039,ca,Muddegaudanahundi
189269166,2458042,ca,Kuppegala
189269397,2458045,ca,Thayur
189269474,2458046,ca,Danayakanapura
189269551,2458047,ca,Induvalu
189270013,2458053,ca,Bannahalli
189270167,2458055,ca,Yaraganahalli
189270244,2458056,ca,Mannehundi
189270321,2458057,ca,Kiragasuru
189270398,2458058,ca,Yadadore
189270475,2458059,ca,Gargeswari
189270552,2458060,ca,Bilagerehundi
189270629,2458061,ca,Hunsur
189270706,2458062,ca,Bhairapura
189270937,2458065,ca,Muddubiranahundi
189271168,2458068,ca,Kerehatti
189271245,2458069,ca,Algudu
189271322,2458070,ca,Kendanakoppalu
189271399,2458071,ca,Virappadevarahundi
189271476,2458072,ca,Chikkabuhalli
189271553,2458073,ca,Binakanahalli
189271784,2458076,ca,Nelasoge
189271938,2458078,ca,Hosapura
189272015,2458079,ca,Hiriyuru
189272092,2458080,ca,Mattalavadi
189272246,2458082,ca,Kebbehundi
189272323,2458083,ca,Qayyim al-Limasi
189272400,2458084,ca,Karahalli
189272554,2458086,ca,Krishnapur
189272631,2458087,ca,Madapura
189272708,2458088,ca,Maradipura
189272862,2458090,ca,Akkur
189272939,2458091,ca,Chandahalli
189273093,2458093,ca,Doddanahundi
189273632,2458100,ca,Talp
189273709,2458101,ca,Negarle
189273786,2458102,ca,Saraguru
189273863,2458103,ca,Kabbigerehundi
189273940,2458104,ca,Basavanapura
189274094,2458106,ca,Kalmahalli
189274171,2458107,ca,Kupparvali
189274248,2458108,ca,Alathur
189274325,2458109,ca,Hoskote
189274479,2458111,ca,Suthur
189274556,2458112,ca,Sannamalapura
189274633,2458113,ca,Belagunda
189274710,2458114,ca,Bilagere
189274864,2458116,ca,Harupura
189274941,2458117,ca,Kallukunda
189275095,2458119,ca,Godlehundi
189275249,2458121,ca,Gejjiganahalli
189275326,2458122,ca,Aldur
189275403,2458123,ca,Navaluru
189275557,2458125,ca,Hyakanuru
189275634,2458126,ca,Vatalupura
189275711,2458127,ca,Vatalu
189275788,2458128,ca,Sujjaluru
189275865,2458129,ca,Alastrikattehundi
189276019,2458131,ca,Adibettahalli
189276173,2458133,ca,Kuruburu
189276250,2458134,ca,Kottagala
189276404,2458136,ca,Tottavadi
189276558,2458138,ca,Kannahalli
189276789,2458141,ca,Mallapura
189276943,2458143,ca,Alaganchi
189277020,2458144,ca,Madahalli
189277251,2458147,ca,Varahalli
189277328,2458148,ca,Kakkarahatti
189277405,2458149,ca,Chinnamballi
189277482,2458150,ca,Kamahalli
189277559,2458151,ca,Bhogayyanahundi
189277636,2458152,ca,Sottayyanahundi
189277713,2458153,ca,Hadya
189277944,2458156,ca,Karya
189278021,2458157,ca,Karepura
189278098,2458158,ca,Hallikerehundi
189278252,2458160,ca,Jannur
189278329,2458161,ca,Demahalli
189278406,2458162,ca,Linganapura
189278483,2458163,ca,Bagali
189278560,2458164,ca,Hosahalli
189278637,2458165,ca,Banahalli
189278714,2458166,ca,Kamaravadi
189278791,2458167,ca,Thelanur
189278945,2458169,ca,Tagarapura
189279099,2458171,ca,Badanavalu
189279176,2458172,ca,Nerle
189279330,2458174,ca,Devanur
189279407,2458175,ca,Chunchanahalli
189279561,2458177,ca,Hanumanapura
189279792,2458180,ca,Kuduru
189279946,2458182,ca,Heggavadi
189280408,2458188,ca,Kavudavadi
189280485,2458189,ca,Basavatti
189280562,2458190,ca,Halepura
189280639,2458191,ca,Gattavadi
189280716,2458192,ca,Heggavadi
189280793,2458193,ca,Bujaganapura
189280870,2458194,ca,Bendaravadi
189281178,2458198,ca,Melajipura
189281255,2458199,ca,Padawala Marahalli
189281332,2458200,ca,Avutalapura
189281409,2458201,ca,Doddahomma
189281486,2458202,ca,Chikkahomma
189281640,2458204,ca,Ankusharayanapura
189281871,2458207,ca,Mukahalli
189282179,2458211,ca,Yedeyur
189282333,2458213,ca,Hullepura
189282410,2458214,ca,Nadakalamole
189282487,2458215,ca,Kempanapura
189282564,2458216,ca,Singanpur
189282641,2458217,ca,Rajaladinni
189282949,2458221,ca,Burranpur
189283103,2458223,ca,Kurvi
189283180,2458224,ca,Katarki
189283257,2458225,ca,Sadapur
189283334,2458226,ca,Duddal
189283565,2458229,ca,Agasanur
189283796,2458232,ca,Valkamdinne
189283873,2458233,ca,Jukur
189283950,2458234,ca,Satanuru
189284181,2458237,ca,Chikkaparavi
189284258,2458238,ca,Marali
189284335,2458239,ca,Gudikambali
189284412,2458240,ca,Vallur
189284489,2458241,ca,Katedoddi
189284566,2458242,ca,Aralebanda
189284643,2458243,ca,Kamandoddi
189284720,2458244,ca,Mugaladoddi
189284797,2458245,ca,Chirtanakallu
189284874,2458246,ca,Sajjalagudda
189285028,2458248,ca,Ayyanur
189285182,2458250,ca,Myaliganur
189285336,2458252,ca,Kumbalanur
189285413,2458253,ca,Katriki
189285490,2458254,ca,Podalakunta
189285721,2458257,ca,Chudi
189285798,2458258,ca,Tippaladoddi
189285875,2458259,ca,Karani
189286029,2458261,ca,Duddi
189286106,2458262,ca,Vandagallu
189286183,2458263,ca,Nyalakosigi
189286260,2458264,ca,Chintamandoddi
189286414,2458266,ca,Matur
189286491,2458267,ca,Tsallakudluru
189286568,2458268,ca,Lingaladinne
189286645,2458269,ca,Agasaladinne
189286722,2458270,ca,Dommaladinne
189286799,2458271,ca,Virladinne
189286876,2458272,ca,Bapuram
189286953,2458273,ca,Sulekeri
189287030,2458274,ca,Bantakunta
189287184,2458276,ca,Obulapuram
189287261,2458277,ca,Chirtapalle
189287338,2458278,ca,Mallanahattu
189287415,2458279,ca,Urukunda
189287569,2458281,ca,Zumaladinne
189287800,2458284,ca,Gavigattu
189288031,2458287,ca,Basaravalli
189288185,2458289,ca,Kamavaram
189288262,2458290,ca,Akkatangerahalu
189288339,2458291,ca,Jampapuram
189288416,2458292,ca,Bommalapura
189288493,2458293,ca,Mittesuguru
189288570,2458294,ca,Ravihal
189288647,2458295,ca,Upparahalu
189288724,2458296,ca,Kuntanahal
189288801,2458297,ca,Badanehalu
189288955,2458299,ca,Tovi
189289032,2458300,ca,Pandavagallu
189289109,2458301,ca,Ganekallu
189289186,2458302,ca,Agasanur
189289340,2458304,ca,Nadanga
189289417,2458305,ca,Hanamantacharibhavi
189289494,2458306,ca,Nagarahal
189289571,2458307,ca,Alabanur
189289725,2458309,ca,Hanavalu
189289879,2458311,ca,Madire
189289956,2458312,ca,Kaditota
189290033,2458313,ca,Isivi
189290187,2458315,ca,Gejjihalli
189290341,2458317,ca,Baladur
189290418,2458318,ca,Ingaladahal
189290495,2458319,ca,Peddagonahalu
189290649,2458321,ca,Chinna Gonahalu
189290726,2458322,ca,Santekulluru
189290803,2458323,ca,Chinna Harivanam
189290957,2458325,ca,Basapuram
189291034,2458326,ca,Vandavagali
189291188,2458328,ca,Lingadahalli
189291265,2458329,ca,Naganadhanahalli
189291419,2458331,ca,Kammarachedu
189291496,2458332,ca,Marlamadiki
189291573,2458333,ca,Uttanur
189291650,2458334,ca,Kogilatota
189291727,2458335,ca,Muddatamagi
189291804,2458336,ca,Bommagundlahalli
189291881,2458337,ca,Chinnahyati
189292112,2458340,ca,Tumbiganuru
189292189,2458341,ca,Naranapuram
189292266,2458342,ca,Kagallu
189292343,2458343,ca,Kataknur
189292497,2458345,ca,Gutbichala
189292574,2458346,ca,Hanmapur
189292651,2458347,ca,Dibbanadoddi
189292728,2458348,ca,Katsapuram
189292805,2458349,ca,Ramapuram
189292882,2458350,ca,Sammatageri
189292959,2458351,ca,Mugamanagondi
189293113,2458353,ca,Suluvayi
189293267,2458355,ca,Neraniki
189293498,2458358,ca,Kurukundi
189293575,2458359,ca,Muddanagiri
189293652,2458360,ca,Karadiguddam
189293960,2458364,ca,Manikurti
189294037,2458365,ca,Uluru
189294191,2458367,ca,Siddapuram
189294268,2458368,ca,Virupapuram
189294422,2458370,ca,Nitravatti
189294499,2458371,ca,Bilehal
189294576,2458372,ca,Arikere
189294653,2458373,ca,Hirehadagali
189294730,2458374,ca,Basarakodu
189294884,2458376,ca,Gulyam
189294961,2458377,ca,Amritapuram
189295038,2458378,ca,Pachcharahalli
189295115,2458379,ca,Bapuram
189295192,2458380,ca,Halaharvi
189295346,2458382,ca,Kuruvalli
189295423,2458383,ca,Agraharam
189295577,2458385,ca,Masudupuram
189295654,2458386,ca,Kallukutikinahalu
189295731,2458387,ca,Banapuram
189295885,2458389,ca,Karichedu
189295962,2458390,ca,Sindhavalam
189296039,2458391,ca,Bennikallu
189296193,2458393,ca,Medehal
189296347,2458395,ca,Kaminahal
189296424,2458396,ca,Ramadurgam
189296501,2458397,ca,Gotur
189296578,2458398,ca,Erragudi
189296655,2458399,ca,Gonahalu
189296732,2458400,ca,Jalihal
189296809,2458401,ca,Bommanahal
189296963,2458403,ca,Bhairadevanahalli
189297040,2458404,ca,Byalachinte
189297117,2458405,ca,Gollanaganahalli
189297194,2458406,ca,Tambrahalli
189297271,2458407,ca,Dasaranaganahalli
189297348,2458408,ca,Karekallu
189297425,2458409,ca,Situgapuram
189297502,2458410,ca,Kokkarachedu
189297579,2458411,ca,Mallikarjunahalu
189297656,2458412,ca,Degalahal
189297733,2458413,ca,Amarapura
189297810,2458414,ca,Godehal
189297887,2458415,ca,Tagginabudehalu
189297964,2458416,ca,Chaganur
189298041,2458417,ca,Paramadevanahalli
189298118,2458418,ca,Minahalli
189298195,2458419,ca,Sidiginamola
189298272,2458420,ca,Joladarasi
189298426,2458422,ca,Tsakibanda
189298503,2458423,ca,Donekallu
189298580,2458424,ca,Bevinahal
189298734,2458426,ca,Gummanur
189298811,2458427,ca,Sankarabanda
189298888,2458428,ca,Tolamamidi
189298965,2458429,ca,Asundi
189299119,2458431,ca,Lingadevanahalli
189299196,2458432,ca,Yalpi
189299273,2458433,ca,Kuntinahalu
189299350,2458434,ca,Chellakuriki
189299427,2458435,ca,Kadadarabenchi
189299581,2458437,ca,Siddarampuram
189299658,2458438,ca,Chanduru
189299735,2458439,ca,Kammarchedu
189299812,2458440,ca,Rayapuram
189299966,2458442,ca,Velpumadugu
189300043,2458443,ca,Malapuram
189300120,2458444,ca,Janardanapalle
189300197,2458445,ca,Chandragiri
189300274,2458446,ca,Kuruvalli
189300428,2458448,ca,Karakamukkala
189300505,2458449,ca,Kottalapalli
189300582,2458450,ca,Marakattu
189300659,2458451,ca,Peddahoturu
189300736,2458452,ca,Chinnahothur
189300813,2458453,ca,Sankarabanda
189300890,2458454,ca,Chokkanahalli
189301121,2458457,ca,Tungabhadra
189301198,2458458,ca,Gillesugur
189301429,2458461,ca,Gandhal
189301506,2458462,ca,Bullapur
189301968,2458468,ca,Gangavar
189302045,2458469,ca,Mirzapur
189302276,2458472,ca,Devarabetta
189302353,2458473,ca,Basapuram
189302430,2458474,ca,Peddabompalli
189302507,2458475,ca,Bompalle
189302661,2458477,ca,Chetnihalli
189302738,2458478,ca,Sugur
189302815,2458479,ca,Kalludevakunta
189302892,2458480,ca,Nadikhairavadi
189302969,2458481,ca,Gangavaram
189303046,2458482,ca,Chintakunta
189303123,2458483,ca,Belagallu
189303200,2458484,ca,Pallepadu
189303277,2458485,ca,Saulahalli
189303354,2458486,ca,Sunkeswari
189303431,2458487,ca,Budur
189303508,2458488,ca,Timmapuram
189303662,2458490,ca,Chilakaladona
189303739,2458491,ca,Matsapuram
189303816,2458492,ca,Bapaladoddi
189303970,2458494,ca,Bapuram
189304047,2458495,ca,Chinnatumbalam
189304124,2458496,ca,Singarajanahalli
189304201,2458497,ca,Basaladoddi
189304278,2458498,ca,Kambaladinne
189304355,2458499,ca,Jalavadi
189304432,2458500,ca,Bapuram
189304509,2458501,ca,Kambadahal
189304586,2458502,ca,Jaggauram
189304740,2458504,ca,Dharmapuram
189304817,2458505,ca,Halaharvi
189304894,2458506,ca,Mugati
189304971,2458507,ca,Pedda Tumbalam
189305125,2458509,ca,Kallukunta
189305202,2458510,ca,Doddimekala
189305279,2458511,ca,Hissaramuruvani
189305433,2458513,ca,Ballekallu
189305510,2458514,ca,Jalibenchi
189305587,2458515,ca,Mantriki
189305664,2458516,ca,Doddanakeri
189305741,2458517,ca,Kottur
189305895,2458519,ca,Mekadona
189305972,2458520,ca,Tarapuram
189306049,2458521,ca,Rangapuram
189306126,2458522,ca,Chinnakadaburu
189306203,2458523,ca,Peddakadaburu
189306280,2458524,ca,Malakapuram
189306357,2458525,ca,Chinnapuram
189306434,2458526,ca,Nakkalamitta
189306511,2458527,ca,Banavasi
189306665,2458529,ca,Ragimandoddi
189306819,2458531,ca,Bodabanda
189306896,2458532,ca,Hanumapuram
189306973,2458533,ca,Venkatagiri
189307127,2458535,ca,Kandanati
189307204,2458536,ca,Kadivella
189307435,2458539,ca,Sultanapuram
189307512,2458540,ca,Pesalabanda
189307666,2458542,ca,Kapati
189307743,2458543,ca,Basapuram
189307820,2458544,ca,Nagalapuram
189307897,2458545,ca,Baichigeri
189308128,2458548,ca,Devibetta
189308282,2458550,ca,Palukuribanda
189308359,2458551,ca,Bandamida Agraharam
189308513,2458553,ca,Sadapuram
189308667,2458555,ca,Dibbanakal
189308744,2458556,ca,Gonabavi
189308821,2458557,ca,Nettekallu
189308975,2458559,ca,Salakalakonda
189309052,2458560,ca,Alasandigutta
189309129,2458561,ca,Basarakodu
189309206,2458562,ca,Sambigallu
189309283,2458563,ca,Chinnapendekal
189309514,2458566,ca,Dadadadikotakonda
189309591,2458567,ca,Mulugundam
189309668,2458568,ca,Karumanchi
189309745,2458569,ca,Naranapuram
189309822,2458570,ca,Chagi
189309899,2458571,ca,Nagarur
189309976,2458572,ca,Virupapuram
189310053,2458573,ca,Benigere
189310130,2458574,ca,Tangaradona
189310207,2458575,ca,Turvagallu
189310361,2458577,ca,Bodagonda
189310438,2458578,ca,Kalapari
189310515,2458579,ca,Yatakallu
189310592,2458580,ca,Valaganda
189310669,2458581,ca,Puppaladoddi
189310746,2458582,ca,Khairuppala
189310823,2458583,ca,Chennampalle
189310900,2458584,ca,Vengalayadoddi
189310977,2458585,ca,Katriki
189311054,2458586,ca,Musanahalli
189311131,2458587,ca,Chigali
189311208,2458588,ca,Chirumanadoddi
189311285,2458589,ca,Haligeri
189311516,2458592,ca,Nalakadoddi
189311593,2458593,ca,Attikalgundu
189311670,2458594,ca,Devanabanda
189311747,2458595,ca,Jutur
189311824,2458596,ca,Attekal
189311901,2458597,ca,Billekallu
189311978,2458598,ca,Mutukuru
189312132,2458600,ca,Agraharam
189312286,2458602,ca,Joharapuram
189312363,2458603,ca,Pedda Hulti
189312440,2458604,ca,Chinna Hulti
189312517,2458605,ca,Putsakayalamada
189312594,2458606,ca,Buruzula
189312671,2458607,ca,Nagaradona
189312748,2458608,ca,Timmapuram
189312825,2458609,ca,Nemakallu
189312902,2458610,ca,Sangala
189312979,2458611,ca,Peravali
189313056,2458612,ca,Beldona
189313133,2458613,ca,Kundanagurti
189313210,2458614,ca,Maddikera Agraharam
189313287,2458615,ca,Edavali
189313364,2458616,ca,Hampa
189313518,2458618,ca,Daulatapuram
189313595,2458619,ca,Nancherla
189313672,2458620,ca,Kasapuram
189313749,2458621,ca,Sangala
189313826,2458622,ca,Bojjunayanipeta
189313903,2458623,ca,Dosaludiki
189314134,2458626,ca,Bommanapalle
189314288,2458628,ca,Khajipuram
189314365,2458629,ca,Khajipuram Kottala
189314442,2458630,ca,Bantanahal
189314519,2458631,ca,Kottala
189314673,2458633,ca,Donimukkala
189314750,2458634,ca,Timmapuram
189314904,2458636,ca,Gundala
189314981,2458637,ca,Aminpalle
189315058,2458638,ca,Narasapuram
189315135,2458639,ca,Nakkanadoddi
189315289,2458641,ca,Gonderla
189315366,2458642,ca,Hanchinahalu
189315520,2458644,ca,Konakondla
189315597,2458645,ca,Gulapalem
189315674,2458646,ca,Mallenipalli
189315751,2458647,ca,Nagasamudram
189315828,2458648,ca,Chintalampalli
189315905,2458649,ca,Venkatampalle
189315982,2458650,ca,Kamalapadu
189316059,2458651,ca,Kamalapadu Tanda
189316213,2458653,ca,Kottakindapalle
189316290,2458654,ca,Bodasanipalle
189316444,2458656,ca,Ganjkunta
189316521,2458657,ca,Nalladasaripalle
189316598,2458658,ca,Nelagonda
189316675,2458659,ca,Puliguttapalli
189316829,2458661,ca,Chayapuram
189316906,2458662,ca,Pottipadu
189316983,2458663,ca,Poliki
189317060,2458664,ca,Dharmapuri
189317137,2458665,ca,Chabala
189317291,2458667,ca,Basapuram
189317368,2458668,ca,Tottinenidoddi
189317599,2458671,ca,Kottapalli
189317830,2458674,ca,Medikunda
189317984,2458676,ca,Chinna Tandrapadu
189318138,2458678,ca,Venkatapur
189318292,2458680,ca,Tanagal
189318369,2458681,ca,Pacharla
189318446,2458682,ca,Joharapuram
189318523,2458683,ca,Pulachinta
189318600,2458684,ca,Peddakottaliki
189318754,2458686,ca,Chinnakottaliki
189318831,2458687,ca,Rajapuram
189318908,2458688,ca,Pulikallu
189318985,2458689,ca,Guruzala
189319062,2458690,ca,Mittesompuram
189319139,2458691,ca,Rayachoti
189319216,2458692,ca,Timmanadoddi
189319370,2458694,ca,Kesavaram
189319678,2458698,ca,Gundrevula
189319986,2458702,ca,Kanakavidu
189320063,2458703,ca,Ponakaladinne
189320140,2458704,ca,Chamalaguduru
189320217,2458705,ca,Kambadahal
189320371,2458707,ca,Palukudoddi
189320448,2458708,ca,Sangala
189320525,2458709,ca,Inagandla
189320679,2458711,ca,Paldoddi
189320756,2458712,ca,Soganur
189320833,2458713,ca,Kalagotla
189320987,2458715,ca,Tsallakudlur
189321141,2458717,ca,Parlapalle
189321218,2458718,ca,Pesaladinne
189321295,2458719,ca,Garladinne
189321449,2458721,ca,Enigabala
189321526,2458722,ca,Alavala
189321603,2458723,ca,Gollaladoddi
189321757,2458725,ca,Krishnadoddi
189321834,2458726,ca,Burandoddi
189321988,2458728,ca,Brahmanadoddi
189322219,2458731,ca,Guvvaladoddi
189322373,2458733,ca,Gullamorusu
189322527,2458735,ca,Pedda Nelatur
189322604,2458736,ca,Merugudoddi
189322681,2458737,ca,Pulakurti
189322758,2458738,ca,Chiraladoddi
189322835,2458739,ca,Kadimetla
189322989,2458741,ca,Ralladoddi
189323066,2458742,ca,Gazuladinne
189323143,2458743,ca,Handrikhairuvadi
189323220,2458744,ca,Kulamala
189323297,2458745,ca,Chinnanelatur
189323451,2458747,ca,Tippanuru
189323528,2458748,ca,Vemugodu
189323605,2458749,ca,Kallapari
189323682,2458750,ca,Bynadoddi
189323836,2458752,ca,Bailuppala
189323990,2458754,ca,Ganjihalli
189324067,2458755,ca,Balamdoddi
189324144,2458756,ca,Lakkamdinne
189324760,2458764,ca,Errabadu
189325068,2458768,ca,Matsapuram
189325145,2458769,ca,Kurnur
189325222,2458770,ca,Lingamdinne
189325299,2458771,ca,Bodipadu
189325376,2458772,ca,Banavanur
189325453,2458773,ca,Potlapadu
189325530,2458774,ca,Kottapet
189325607,2458775,ca,Pullapuram
189325684,2458776,ca,Palakurti
189325838,2458778,ca,Nellibanda
189325915,2458779,ca,Kappatralla
189325992,2458780,ca,Duppanagurti
189326223,2458783,ca,Agaveli
189326300,2458784,ca,Kunkanur
189326377,2458785,ca,Alardinne
189326454,2458786,ca,Putakalamarri
189326531,2458787,ca,Varimukkala
189326839,2458791,ca,Gaddiralla
189326916,2458792,ca,Karidikonda
189326993,2458793,ca,Pillidoddi
189327147,2458795,ca,Obulapuram
189327224,2458796,ca,Madapuram
189327301,2458797,ca,Venkatapuram
189327378,2458798,ca,Chelleli Chelima
189327455,2458799,ca,Betapalle
189327532,2458800,ca,Pandapalle
189327609,2458801,ca,Sangala
189327686,2458802,ca,Yalamakuru
189327763,2458803,ca,Kukatikonda
189327917,2458805,ca,Bantupalli
189328071,2458807,ca,Ragulapdu
189328148,2458808,ca,Nagalapuram
189328225,2458809,ca,Burrukunta
189328302,2458810,ca,Kotiralla
189328379,2458811,ca,Dudekonda
189328456,2458812,ca,Kanakadinne
189328533,2458813,ca,Singapuram
189328610,2458814,ca,Kotapalle
189328687,2458815,ca,Pandikona
189328764,2458816,ca,Tippatalamari
189329149,2458821,ca,Tuvvedoddi
189329226,2458822,ca,Nansuralla
189329303,2458823,ca,Pandiralapalle
189329457,2458825,ca,Alamkonda
189329765,2458829,ca,Kuruvaladoddi
189329842,2458830,ca,Chakkaralla
189329919,2458831,ca,Devakunta
189329996,2458832,ca,Chandoli
189330073,2458833,ca,Mukkela
189330150,2458834,ca,Nallagundla
189330227,2458835,ca,Marella
189330304,2458836,ca,Bondimadugula
189330381,2458837,ca,Bontiralla
189330458,2458838,ca,Pulucherla
189330535,2458839,ca,Ramadurgam
189330612,2458840,ca,Ramachandrapuram
189330689,2458841,ca,Ratana
189330843,2458843,ca,Kotikonda
189330920,2458844,ca,Edduladoddi
189330997,2458845,ca,Pendikallu
189331074,2458846,ca,Ramkonda
189331151,2458847,ca,Rampalle
189331228,2458848,ca,Indirampalli
189331305,2458849,ca,Kottaburuzu
189331459,2458851,ca,Tadur
189331536,2458852,ca,Kotrai
189331613,2458853,ca,Aminbadu
189331690,2458854,ca,Girigatla
189331767,2458855,ca,Mamillakunta
189331844,2458856,ca,Chennampalle
189331921,2458857,ca,Ramalingayapalli
189331998,2458858,ca,Chintalakonda
189332229,2458861,ca,Lankayapalli
189332306,2458862,ca,Sabasupuram
189332460,2458864,ca,Peddapodilla
189332537,2458865,ca,Tirnampalle
189332614,2458866,ca,Chinnapodilla
189332691,2458867,ca,Madanatapuram
189332999,2458871,ca,Kadamaguntla
189333076,2458872,ca,Kalachetla
189333153,2458873,ca,Erraguntapalle
189333230,2458874,ca,Obuladevarapalli
189333307,2458875,ca,Pulikonda
189333384,2458876,ca,Kundahalli
189333692,2458880,ca,Velchal
189333769,2458881,ca,Kistaraopalli
189333923,2458883,ca,Rekurti
189334231,2458887,ca,Elabotavaram
189334308,2458888,ca,Makdampur
189334539,2458891,ca,Narayanraopalli
189334693,2458893,ca,Chegurti
189334770,2458894,ca,Lingapur
189335155,2458899,ca,Kamanpur
189335386,2458902,ca,Sivarampalli
189335463,2458903,ca,Nagal Mallial
189335540,2458904,ca,Kazipur
189335771,2458907,ca,Manakondur
189335848,2458908,ca,Annaram
189336002,2458910,ca,Kadirgudem
189336079,2458911,ca,Manjampalli
189336156,2458912,ca,Timmapuram
189336541,2458917,ca,Kazimpet
189336695,2458919,ca,Madapur
189336772,2458920,ca,Hanumashpalli
189336926,2458922,ca,Purandala
189337080,2458924,ca,Chengerla
189337311,2458927,ca,Maktapalli
189337388,2458928,ca,Mallapuram
189337465,2458929,ca,Nallagonda
189337619,2458931,ca,Naidunur
189337850,2458934,ca,Gangalkondapur
189338081,2458937,ca,Begampet
189338158,2458938,ca,Gudem
189338235,2458939,ca,Kallepalli
189338543,2458943,ca,Devakapalli
189338697,2458945,ca,Kottapalli
189338928,2458948,ca,Mulkanur
189339005,2458949,ca,Parlapalli
189339082,2458950,ca,Polampalli
189339313,2458953,ca,Ramencha
189339544,2458956,ca,Ladabanda
189339852,2458960,ca,Gopalpur
189340083,2458963,ca,Nallaguntapally
189340160,2458964,ca,Papannapally
189340391,2458967,ca,Gribnagar
189340622,2458970,ca,Kawadpur
189341161,2458977,ca,Ghoset
189341238,2458978,ca,Shivnagar
189341392,2458980,ca,Babua Bazar
189341623,2458983,ca,Rampur
189341777,2458985,ca,Chaukra
189342085,2458989,ca,Bariarpur
189342701,2458997,ca,Bishunpur
189343163,2459003,ca,Tumni
189343471,2459007,ca,Nankutola
189344549,2459021,ca,Tamkolia
189344626,2459022,ca,Bhurkunda
189344703,2459023,ca,Bhaluka
189344857,2459025,ca,Khiria
189345011,2459027,ca,Sakal
189345088,2459028,ca,Anantpur
189345242,2459030,ca,Basmata
189345396,2459032,ca,Nawatheka
189345473,2459033,ca,Sanchaura
189345550,2459034,ca,Khirbhojna
189345627,2459035,ca,Dubratari
189345704,2459036,ca,Jogia
189346012,2459040,ca,Adbaria
189346089,2459041,ca,Sijua
189346320,2459044,ca,Chaukia
189346936,2459052,ca,Karmegh
189347321,2459057,ca,Khudiban
189347552,2459060,ca,Kumarpur
189348014,2459066,ca,Jatkuta
189348091,2459067,ca,Kathor
189348630,2459074,ca,Khajuria
189348707,2459075,ca,Mahgawan
189348861,2459077,ca,Abhaipur
189349785,2459089,ca,Motiatari
189349939,2459091,ca,Basdeopur
189350016,2459092,ca,Parmanandpur
189350401,2459097,ca,Satgharwa
189350478,2459098,ca,Sakhol
189350555,2459099,ca,Kothua
189351017,2459105,ca,Benipur
189351556,2459112,ca,Bhagwanpur
189351710,2459114,ca,Baurna
189352480,2459124,ca,Sawaia
189352557,2459125,ca,Dharampur
189352634,2459126,ca,Sarma
189353404,2459136,ca,Paisra
189353558,2459138,ca,Madhopur
189354020,2459144,ca,Khushalpur
189354097,2459145,ca,Auraiya
189354251,2459147,ca,Tuniahi
189354405,2459149,ca,Bela
189354636,2459152,ca,Barahser
189354790,2459154,ca,Gandaul
189355329,2459161,ca,Sihaul
189355560,2459164,ca,Laukahi
189355945,2459169,ca,Bara
189356022,2459170,ca,Gobargarha
189356099,2459171,ca,Shahpur
189356253,2459173,ca,Parsaha
189356946,2459182,ca,Deona Gopal
189357639,2459191,ca,Rohuaman
189357870,2459194,ca,Dighia
189358024,2459196,ca,Mahartha
189358101,2459197,ca,Parari
189358255,2459199,ca,Dholi
189358409,2459201,ca,Mohanpur
189358563,2459203,ca,Musahari
189358640,2459204,ca,Solindabad
189358717,2459205,ca,Basauna
189358794,2459206,ca,Bhagwanpur
189359025,2459209,ca,Bharauli
189359333,2459213,ca,Mohanpur
189359872,2459220,ca,Bishunpur
189360180,2459224,ca,Ganga Parshad
189360719,2459231,ca,Chapram
189361027,2459235,ca,Balhampur
189361104,2459236,ca,Khoju Chak
189361258,2459238,ca,Saraunja
189361335,2459239,ca,Rampur
189361412,2459240,ca,Muhammadpur
189361566,2459242,ca,Karua
189361643,2459243,ca,Bhotia
189361720,2459244,ca,Mahania
189361874,2459246,ca,Sonpura
189361951,2459247,ca,Balthi
189362105,2459249,ca,Bindpur
189362182,2459250,ca,Basatpur
189362259,2459251,ca,Khajuri
189362567,2459255,ca,Baidi
189362798,2459258,ca,Bhorha
189362875,2459259,ca,Badia
189363029,2459261,ca,Rampur
189363260,2459264,ca,Makhar
189363568,2459268,ca,Indarwa
189363645,2459269,ca,Bansirauta
189363799,2459271,ca,Nado
189363876,2459272,ca,Bhada
189364030,2459274,ca,Khopaiti
189364107,2459275,ca,Amarpur
189364184,2459276,ca,Harpur
189364338,2459278,ca,Baluaha
189364569,2459281,ca,Madhura
189365339,2459291,ca,Murkahi
189365416,2459292,ca,Deojaji
189365570,2459294,ca,Korlahi
189365647,2459295,ca,Bhagwanpur
189367957,2459325,ca,Bardaha
189368034,2459326,ca,Piprahi Chakla
189368111,2459327,ca,Bishunpur
189368188,2459328,ca,Sarwaria
189368342,2459330,ca,Got Bardaha
189368419,2459331,ca,Mohanpur
189368650,2459334,ca,Pathraha
189368727,2459335,ca,Jhitkia
189368881,2459337,ca,Ramnagar
189369112,2459340,ca,Murkahi
189369189,2459341,ca,Bancholha
189369266,2459342,ca,Arraha
189369420,2459344,ca,Mahua
189369497,2459345,ca,Khajuri
189369728,2459348,ca,Khonha
189369805,2459349,ca,Parmanpur
189370190,2459354,ca,Bishunpur
189370344,2459356,ca,Bhatranha
189370421,2459357,ca,Arahi
189370498,2459358,ca,Padampur
189370729,2459361,ca,Charaiya
189370960,2459364,ca,Bijalpur
189371114,2459366,ca,Sattar
189371191,2459367,ca,Kamalpur
189371268,2459368,ca,Chiknatua
189371730,2459374,ca,Sahajnathpur
189371807,2459375,ca,Srinagar
189371884,2459376,ca,Ghailarh
189372038,2459378,ca,Ithari
189372115,2459379,ca,Mohanpur
189372192,2459380,ca,Khar
189372346,2459382,ca,Sangitwa
189372423,2459383,ca,Belha
189373116,2459392,ca,Sakhua
189373193,2459393,ca,Basdewa
189373347,2459395,ca,Rariha
189373655,2459399,ca,Garhia
189373809,2459401,ca,Bhelwa
189373886,2459402,ca,Gorhiari
189374194,2459406,ca,Dighra
189374348,2459408,ca,Babhni
189374425,2459409,ca,Barwa
189374502,2459410,ca,Dhanchhoha
189374579,2459411,ca,Dubiahi
189374733,2459413,ca,Pithahi
189374887,2459415,ca,Lachhminia
189375041,2459417,ca,Padampura
189375426,2459422,ca,Garhia
189375734,2459426,ca,Bhagwanpur
189375811,2459427,ca,Tiri
189376119,2459431,ca,Balam
189376196,2459432,ca,Chaudanda
189376273,2459433,ca,Tengha
189376504,2459436,ca,Kachkachia
189376658,2459438,ca,Sahuria
189376812,2459440,ca,Saur Bazar
189376966,2459442,ca,Garhia
189377197,2459445,ca,Silet
189377274,2459446,ca,Natipur
189377351,2459447,ca,Raghunathpur
189377736,2459452,ca,Hanumannagar Chakla
189378352,2459460,ca,Phursaha
189378506,2459462,ca,Sirahi
189378583,2459463,ca,Gulam
189378814,2459466,ca,Kachra
189379045,2459469,ca,Suhath
189379122,2459470,ca,Pariharpur
189379353,2459473,ca,Lachhminia
189379661,2459477,ca,Bariahi
189379738,2459478,ca,Kabela
189379815,2459479,ca,Jagirtola
189379892,2459480,ca,Dhagjari
189380354,2459486,ca,Nandlali
189380739,2459491,ca,Bhaura
189380893,2459493,ca,Barahi
189380970,2459494,ca,Khupatti
189381047,2459495,ca,Bhagdewa
189381124,2459496,ca,Khochardewa
189381355,2459499,ca,Madhukarpatti
189381432,2459500,ca,Sardiha
189381509,2459501,ca,Shahgawan
189381894,2459506,ca,Kusmi
189381971,2459507,ca,Bariarpur
189382202,2459510,ca,Nawatola
189382279,2459511,ca,Madhuban
189382356,2459512,ca,Khamauti
189382510,2459514,ca,Chaurahi
189382741,2459517,ca,Chanan
189382818,2459518,ca,Siswa
189383049,2459521,ca,Mushaharia
189383126,2459522,ca,Gaurdah
189383203,2459523,ca,Ghauspur
189383280,2459524,ca,Alawan
189383511,2459527,ca,Basahi
189383665,2459529,ca,Sahuria
189383819,2459531,ca,Karhara
189383896,2459532,ca,Reharwa
189384127,2459535,ca,Bhelwa
189384589,2459541,ca,Harewa
189384820,2459544,ca,Utesra
189385128,2459548,ca,Kamra
189385282,2459550,ca,Alani
189385359,2459551,ca,Sahuria
189385436,2459552,ca,Raingnia
189385513,2459553,ca,Bangawan
189385821,2459557,ca,Khajurbana
189385898,2459558,ca,Sauthi
189385975,2459559,ca,Bhirkhi
189386129,2459561,ca,Chhachhua
189386206,2459562,ca,Kotwalia
189386437,2459565,ca,Kabirpur
189386514,2459566,ca,Samhar Khurd
189386591,2459567,ca,Jhamta
189387053,2459573,ca,Sahuria
189387361,2459577,ca,Amni
189387438,2459578,ca,Saidpur
189387669,2459581,ca,Chakla
189388208,2459588,ca,Mansi
189388516,2459592,ca,Bakhtiarpur
189389132,2459600,ca,Nirpur
189389209,2459601,ca,Dhutauli
189389363,2459603,ca,Malpa
189389594,2459606,ca,Lagma
189389671,2459607,ca,Bharpora
189389748,2459608,ca,Sonbarsa
189389825,2459609,ca,Rohiar
189389902,2459610,ca,Bangalia
189390056,2459612,ca,Balkunda
189390133,2459613,ca,Hardia
189390210,2459614,ca,Dighri
189390364,2459616,ca,Mohanpur
189390826,2459622,ca,Singhar Sanwa
189390903,2459623,ca,Sarsawa
189390980,2459624,ca,Phango
189391057,2459625,ca,Buchcha
189391288,2459628,ca,Samhar Kalan
189391365,2459629,ca,Kachaut
189391442,2459630,ca,Akaha
189391519,2459631,ca,Bankati
189391596,2459632,ca,Hathra
189391904,2459636,ca,Haransar
189392366,2459642,ca,Banwa
189392443,2459643,ca,Hath Mandal
189392674,2459646,ca,Itahri
189392905,2459649,ca,Sarbela
189393059,2459651,ca,Afzalpur
189393290,2459654,ca,Salkhua
189393521,2459657,ca,Harpur
189393598,2459658,ca,Situahi
189393675,2459659,ca,Mamarkha
189393906,2459662,ca,Qasimpur
189394060,2459664,ca,Ghordaur
189394137,2459665,ca,Gurgawan
189394214,2459666,ca,Puraini
189394368,2459668,ca,Pahlam
189394445,2459669,ca,Hamidpur
189394599,2459671,ca,Nainpur
189394676,2459672,ca,Paharpur
189394830,2459674,ca,Chak Bharo
189394984,2459676,ca,Nasrat Chakla
189395061,2459677,ca,Tariawan
189395831,2459687,ca,Lagma
189395908,2459688,ca,Turqui
189396062,2459690,ca,Shahpur
189396293,2459693,ca,Bhatauni
189396524,2459696,ca,Soha
189396601,2459697,ca,Harpur
189396678,2459698,ca,Goalpara
189396832,2459700,ca,Chakla
189396909,2459701,ca,Khajurha
189396986,2459702,ca,Bhada
189397217,2459705,ca,Manori
189397294,2459706,ca,Murli
189397448,2459708,ca,Shamsuddinpur
189397525,2459709,ca,Khorasan
189397602,2459710,ca,Rasulpur
189397833,2459713,ca,Dehad
189397910,2459714,ca,Padampur
189397987,2459715,ca,Maina
189398218,2459718,ca,Lalpur
189398295,2459719,ca,Sugma
189398526,2459722,ca,Badshahnagar
189398603,2459723,ca,Jamalnagar
189398680,2459724,ca,Sahuria
189398911,2459727,ca,Tharia
189399219,2459731,ca,Parària
189399450,2459734,ca,Hajinagar
189399989,2459741,ca,Kingri
189400451,2459747,ca,Bhela Nauabad
189400528,2459748,ca,Pirnagar
189400605,2459749,ca,Goas
189400682,2459750,ca,Telihar
189400836,2459752,ca,Ramnagar
189400990,2459754,ca,Pansalwa
189401067,2459755,ca,Borne
189401221,2459757,ca,Agrahan
189401298,2459758,ca,Kharaita
189401606,2459762,ca,Tegachi
189401991,2459767,ca,Baltara
189402145,2459769,ca,Balaitha
189402222,2459770,ca,Dumri
189402607,2459775,ca,Saini
189402684,2459776,ca,Fensaha
189402761,2459777,ca,Behta
189403069,2459781,ca,Pachaut
189403146,2459782,ca,Narha
189403839,2459791,ca,Longa
189403993,2459793,ca,Farre
189404070,2459794,ca,Dharhi
189404147,2459795,ca,Sulgalale
189404609,2459801,ca,Kadabanhalli
189404763,2459803,ca,Baikere
189404840,2459804,ca,Jinnapur
189404917,2459805,ca,Dod Nagara
189405071,2459807,ca,Achangi
189405379,2459811,ca,Devihalli
189405456,2459812,ca,Anemahal
189405918,2459818,ca,Irgall
189406226,2459822,ca,Kalgane
189406303,2459823,ca,Donigal
189406380,2459824,ca,Hulhalli
189406611,2459827,ca,Arekeri
189406688,2459828,ca,Sullaki
189406765,2459829,ca,Kyanhalli
189406842,2459830,ca,Bugadhalli
189406919,2459831,ca,Byakarvall
189406996,2459832,ca,Haragarahalli
189407150,2459834,ca,Karnahalli
189407304,2459836,ca,Kamanhalli
189407381,2459837,ca,Bommankere
189407458,2459838,ca,Vaddarhalli
189407535,2459839,ca,Bilitalu
189407920,2459844,ca,Kardigal
189407997,2459845,ca,Valahalli
189408074,2459846,ca,Bannahalli
189408151,2459847,ca,Hiriyur
189408228,2459848,ca,Jathalli
189408305,2459849,ca,Ragipur
189408459,2459851,ca,Bobbanahalli
189408536,2459852,ca,Konabanhalli
189408690,2459854,ca,Hettur
189408767,2459855,ca,Hadlahalli
189408998,2459858,ca,Bachhalli
189409460,2459864,ca,Chikkundur
189409845,2459869,ca,Yadakeri
189409922,2459870,ca,Chikkallur
189409999,2459871,ca,Kotanhalli
189410153,2459873,ca,Attiganhalli
189410307,2459875,ca,Kumbarhalli
189410538,2459878,ca,Hennale
189410615,2459879,ca,Adaragere
189410692,2459880,ca,Doddanahalli
189410769,2459881,ca,Gaudarbailu
189411462,2459890,ca,Kurbattur
189411539,2459891,ca,Bellur
189411693,2459893,ca,Nalluli
189412001,2459897,ca,Ibbadi
189412078,2459898,ca,Dinnekere
189412155,2459899,ca,Kanigalmane
189412386,2459902,ca,Halebelur
189412463,2459903,ca,Kabbingadde
189412540,2459904,ca,Ramanhalli
189412694,2459906,ca,Malali
189412848,2459908,ca,Basvanhalli
189412925,2459909,ca,Kolhalli
189413079,2459911,ca,Kudugarhalli
189413233,2459913,ca,Hasade
189413310,2459914,ca,Magadi
189413541,2459917,ca,Kelgalale
189413618,2459918,ca,Kirahalli
189413772,2459920,ca,Hebbanhalli
189413849,2459921,ca,Harvanhalli
189414003,2459923,ca,Masvalli
189414234,2459926,ca,Kendanmane
189414311,2459927,ca,Gulgalale
189414388,2459928,ca,Alvalli
189414465,2459929,ca,Kakanmani
189414542,2459930,ca,Hoskere
189414619,2459931,ca,Jammanhalli
189414696,2459932,ca,Halekere
189414850,2459934,ca,Harkanhalli
189414927,2459935,ca,Nikhanahalli
189415004,2459936,ca,Kuniganchalli
189415081,2459937,ca,Siddapur
189415158,2459938,ca,Kirihunse
189415235,2459939,ca,Adarvalli
189415389,2459941,ca,Kelvalli
189415774,2459946,ca,Nidgere
189415928,2459948,ca,Hadya
189416390,2459954,ca,Magalu
189416467,2459955,ca,Harihalli
189416544,2459956,ca,Kerodi
189416852,2459960,ca,Kasuru
189417083,2459963,ca,Dod Kallur
189417391,2459967,ca,Maradikere
189417622,2459970,ca,Balekere
189417699,2459971,ca,Huligalale
189417853,2459973,ca,Chennapura
189417930,2459974,ca,Mattur
189418084,2459976,ca,Doddabilaha
189418161,2459977,ca,Kiribilaha
189418238,2459978,ca,Siraha
189418469,2459981,ca,Urugutti
189418700,2459984,ca,Kyate
189418854,2459986,ca,Keraganahalli
189419085,2459989,ca,Hosahalli
189419162,2459990,ca,Doddakodli
189419239,2459991,ca,Arkanahalli
189419393,2459993,ca,Kelakodli
189419470,2459994,ca,Hampapura
189419547,2459995,ca,Bembalur
189419701,2459997,ca,Hoshalli
189419778,2459998,ca,Muttige
189419855,2459999,ca,Iglur
189420086,2460002,ca,Kadlur
189420240,2460004,ca,Malgalale
189420317,2460005,ca,Anigalale
189420471,2460007,ca,Honkarvalli
189420548,2460008,ca,Bandihalli
189420856,2460012,ca,Ballu
189420933,2460013,ca,Menasmakki
189421010,2460014,ca,Yadehalli
189421241,2460017,ca,Kudanhailli
189421395,2460019,ca,Megatvalli
189421472,2460020,ca,Kattepur
189421703,2460023,ca,Kadadarvalli
189421780,2460024,ca,Nerehalli
189422165,2460029,ca,Manjalgod
189422242,2460030,ca,Belame
189422319,2460031,ca,Kongvalli
189422396,2460032,ca,Heddurga
189422473,2460033,ca,Rangenhalli
189422704,2460036,ca,Hasgavalli
189422858,2460038,ca,Honvalli
189423012,2460040,ca,Hiduvanhalli
189423628,2460048,ca,Daitpur
189423705,2460049,ca,Tippapur
189423782,2460050,ca,Haliyur
189423936,2460052,ca,Mogge
189424244,2460056,ca,Kudadale
189424398,2460058,ca,Neragalale
189424475,2460059,ca,Sirgavara
189424706,2460062,ca,Kakihalli
189424783,2460063,ca,Hemmige
189425014,2460066,ca,Malaganahalli
189425245,2460069,ca,Janardanahalli
189425399,2460071,ca,Nirgunda
189425553,2460073,ca,Chikkakunda
189425861,2460077,ca,Kerekeri
189425938,2460078,ca,Koniganalli
189426246,2460082,ca,Kanaralli
189426323,2460083,ca,Bettiganahalli
189426477,2460085,ca,Doddabandara
189426631,2460087,ca,Korgaliu
189426708,2460088,ca,Hulukodu
189427016,2460092,ca,Madlapura
189427093,2460093,ca,Chikkabandara
189427401,2460097,ca,Ippugalale
189427709,2460101,ca,Magadihalli
189427786,2460102,ca,Hanjalige
189428248,2460108,ca,Kanigere
189428402,2460110,ca,Kanavebasvanhalli
189428479,2460111,ca,Devarpur
189428633,2460113,ca,Baliganhalli
189428941,2460117,ca,Harohalli
189429018,2460118,ca,Basvapur
189429095,2460119,ca,Gangara
189429172,2460120,ca,Ballur
189429403,2460123,ca,Nàllur
189429480,2460124,ca,Bettahalli
189429711,2460127,ca,Hachgodanhalli
189429865,2460129,ca,Singodanahalli
189430250,2460134,ca,Palya
189430558,2460138,ca,Basvanhalli
189430866,2460142,ca,Kenchanhallipura
189431020,2460144,ca,Murdur
189431174,2460146,ca,Siddapur
189431328,2460148,ca,Kanatur
189431482,2460150,ca,Gollar Timmanhalli
189431559,2460151,ca,Sugganhalli
189431636,2460152,ca,Hoshalli
189431867,2460155,ca,Samdale
189432021,2460157,ca,Soppinhalli
189432098,2460158,ca,Bhairapur
189432406,2460162,ca,Byaba
189432483,2460163,ca,Kotiganhalli
189432560,2460164,ca,Bommachvalli
189432637,2460165,ca,Kaggarvalli
189432714,2460166,ca,Maniganhalli
189433176,2460172,ca,Tippanhalli
189433330,2460174,ca,Devihalli
189433484,2460176,ca,Sanenhalli
189433715,2460179,ca,Nelligere
189434023,2460183,ca,Samsoge
189434562,2460190,ca,Hoshalli
189434639,2460191,ca,Agali
189434793,2460193,ca,Mudigere
189434870,2460194,ca,Kamanhalli
189434947,2460195,ca,Masrangal
189435101,2460197,ca,Manjur
189435409,2460201,ca,Shirdanhalli
189435486,2460202,ca,Narve
189435640,2460204,ca,Yadavanhalli
189435717,2460205,ca,Merve
189435948,2460208,ca,Hanchur
189436564,2460216,ca,Bagi
189436872,2460220,ca,Jakkanalli
189437103,2460223,ca,Haraga
189437334,2460226,ca,Muvatokkalu
189437411,2460227,ca,Madapur
189437488,2460228,ca,Iggodlu
189437565,2460229,ca,Kirudale
189437642,2460230,ca,Biligeri
189437719,2460231,ca,Kiragandur
189437873,2460233,ca,Takeri
189438104,2460236,ca,Talatare Shetthalli
189438181,2460237,ca,Yedur
189438258,2460238,ca,Abbimata
189438335,2460239,ca,Doddatolur
189438412,2460240,ca,Tolurshetthalli
189438489,2460241,ca,Chauhalli
189438643,2460243,ca,Herur
189438874,2460246,ca,Uchangi
189439028,2460248,ca,Lakkunda
189439336,2460252,ca,Karekoppa
189439413,2460253,ca,Chikkanhalli
189439567,2460255,ca,Heggadhalli
189439644,2460256,ca,Changadihalli
189439721,2460257,ca,Santhalli
189439798,2460258,ca,Haralli
189439875,2460259,ca,Narur
189440029,2460261,ca,Kallapanhalli
189440106,2460262,ca,Manjur
189440183,2460263,ca,Hosur
189440337,2460265,ca,Chikkatolur
189440414,2460266,ca,Gejjihanakodu
189440568,2460268,ca,Adigaiale
189440645,2460269,ca,Kalakandur
189440876,2460272,ca,Garagandur
189441107,2460275,ca,Kusubur
189441261,2460277,ca,Masagodu
189441338,2460278,ca,Valagunda
189441415,2460279,ca,Kibetta
189441569,2460281,ca,Doddakanakodu
189441646,2460282,ca,Doddamolate
189441800,2460284,ca,Honnahalli
189442031,2460287,ca,Sunti
189442108,2460288,ca,Mangalur
189442262,2460290,ca,Sanhalli
189442339,2460291,ca,Ningapur
189442493,2460293,ca,Sundalli
189442570,2460294,ca,Rampur
189442647,2460295,ca,Chikanahalli
189442724,2460296,ca,Yedehalli
189442955,2460299,ca,Harohalli
189443263,2460303,ca,Dandhalli
189443417,2460305,ca,Mudravalli
189443494,2460306,ca,Sulugalale
189443725,2460309,ca,Kajur
189443956,2460312,ca,Hulse
189444033,2460313,ca,Bellarhalli
189444110,2460314,ca,Doddakolaturu
189444187,2460315,ca,Hemmane
189444264,2460316,ca,Gudugalale
189444341,2460317,ca,Settiganahalli
189444495,2460319,ca,Balugunda
189444649,2460321,ca,Choudlu
189444726,2460322,ca,Yedavare
189444803,2460323,ca,Basavanakoppa
189444957,2460325,ca,Kalali
189445188,2460328,ca,Chinhalli
189445342,2460330,ca,Gopalpura
189445650,2460334,ca,Kurudavalli
189445804,2460336,ca,Chikkara
189445881,2460337,ca,Chennapuri
189445958,2460338,ca,Hirikara
189446035,2460339,ca,Kugur
189446266,2460342,ca,Harehalli
189446343,2460343,ca,Heggula
189446420,2460344,ca,Nagaralli
189446497,2460345,ca,Santhalli
189446651,2460347,ca,Hosahalli
189446728,2460348,ca,Hudgur
189446805,2460349,ca,Byadagotta
189446882,2460350,ca,Yelakanur
189446959,2460351,ca,Gonimarur
189447113,2460353,ca,Mallenhalli
189447190,2460354,ca,Doddahalli
189447267,2460355,ca,Doddakanagalu
189447344,2460356,ca,Siddapura
189447421,2460357,ca,Nagavala
189447498,2460358,ca,Ganagur
189447575,2460359,ca,Malambi
189447806,2460362,ca,Areyur
189447883,2460363,ca,Hosagutti
189447960,2460364,ca,Nidta
189448191,2460367,ca,Bettadalli
189448268,2460368,ca,Choudenahalli
189448345,2460369,ca,Sidigalale
189448422,2460370,ca,Kyatanahalli
189448576,2460372,ca,Sirangala
189448653,2460373,ca,Handli
189448730,2460374,ca,Jagenahalli
189448807,2460375,ca,Sampigedalu
189448884,2460376,ca,Hebbulse
189448961,2460377,ca,Bikalli
189449038,2460378,ca,Nagavara
189449115,2460379,ca,Honne Kopal
189449192,2460380,ca,Mulur
189449346,2460382,ca,Nakalagodu
189449500,2460384,ca,Avaredalu
189449577,2460385,ca,Managali
189449654,2460386,ca,Kalgalale
189449885,2460389,ca,Basvanhalli
189449962,2460390,ca,Aladhalli
189450270,2460394,ca,Matra
189450424,2460396,ca,Gangavara
189450501,2460397,ca,Karacalilik
189450732,2460400,ca,Bandiganhalli
189450809,2460401,ca,Ittapatna
189450886,2460402,ca,Hennur
189451194,2460406,ca,Mensa
189451348,2460408,ca,Mailatapura
189451425,2460409,ca,Jamal 'Ali
189451656,2460412,ca,Targalale
189451733,2460413,ca,Nirugalale
189451887,2460415,ca,Hodenur
189452118,2460418,ca,Doddaluvara
189452272,2460420,ca,Marur
189452349,2460421,ca,Buvanagiri
189452426,2460422,ca,Hulse
189452503,2460423,ca,Nandigunda
189452657,2460425,ca,Buvangala
189452734,2460426,ca,Bettagalale
189452811,2460427,ca,Heggadalli
189453042,2460430,ca,Shanbhoganhalli
189453196,2460432,ca,Hebbale
189453350,2460434,ca,Torenur
189453504,2460436,ca,Manajur
189453581,2460437,ca,Chikkanayakanahosalli
189453735,2460439,ca,Nàllur
189453812,2460440,ca,Kanterhalli
189454197,2460445,ca,Majanhalli
189454274,2460446,ca,Hegattur
189454351,2460447,ca,Handrangi
189454736,2460452,ca,Bannur
189454967,2460455,ca,Lingadhalli
189455044,2460456,ca,Nilkunda
189455121,2460457,ca,Sompur
189455198,2460458,ca,Gerkuppe
189455275,2460459,ca,Singankuppe
189455352,2460460,ca,Holalgod
189455506,2460462,ca,Hanse
189455814,2460466,ca,Mageri
189455968,2460468,ca,Kanive Basavanahalli
189456045,2460469,ca,Harohalli
189456199,2460471,ca,Chik Bemmatti
189456353,2460473,ca,Madnur
189456738,2460478,ca,Godda
189456969,2460481,ca,Hulgattur
189457508,2460488,ca,Magal
189457585,2460489,ca,Hebbail
189457662,2460490,ca,Hondravalli
189457893,2460493,ca,Palhalli
189458047,2460495,ca,Margattur
189458124,2460496,ca,Yapadinne
189458509,2460501,ca,Ramapuram
189458663,2460503,ca,Vaddepalli
189458740,2460504,ca,Paipadu
189458894,2460506,ca,Chanugondla
189458971,2460507,ca,Pyalakurti
189459048,2460508,ca,Ramachandrapuram
189459125,2460509,ca,Amadaguntla
189459202,2460510,ca,Budidapadu
189459279,2460511,ca,Markapuram
189459356,2460512,ca,Chinnammakottala
189459433,2460513,ca,Bollavaram
189459587,2460515,ca,Bastipadu
189459664,2460516,ca,Doddipadu
189459741,2460517,ca,Chinna Tekur
189459972,2460520,ca,Koludinne
189460126,2460522,ca,Kalkuntla
189460588,2460528,ca,Chinnipadu
189460742,2460530,ca,Chinnapothulapadu
189460819,2460531,ca,Pedda Tandrapadu
189460896,2460532,ca,Tummella
189460973,2460533,ca,Paramat Garlapadu
189461050,2460534,ca,Tummalapalli
189461127,2460535,ca,Turpugarlapadu
189461358,2460538,ca,Maddur
189461435,2460539,ca,Edurur
189461512,2460540,ca,Kurvipadu
189461589,2460541,ca,Minnapadu
189461666,2460542,ca,Bavapuram
189461743,2460543,ca,Kalgotla
189461897,2460545,ca,Irladinne
189461974,2460546,ca,Paramat Singavaram
189462051,2460547,ca,Munagala
189462128,2460548,ca,Kottakota
189462205,2460549,ca,Sunkesula
189462282,2460550,ca,Kontalapadu
189462359,2460551,ca,Remata
189462513,2460553,ca,Ulchala
189462590,2460554,ca,Basavapuram
189462898,2460558,ca,Julakallu
189463129,2460561,ca,Mallapuram
189463206,2460562,ca,Regadikhanapuram
189463283,2460563,ca,Gudipadu
189463360,2460564,ca,Parla
189463668,2460568,ca,Peddapadu
189463822,2460570,ca,Penchikalapadu
189463899,2460571,ca,Krishnapuram
189463976,2460572,ca,Errabadu
189464053,2460573,ca,Mudumalagurti
189464130,2460574,ca,Venkatagiri
189464207,2460575,ca,Gorantla
189464284,2460576,ca,Chillabanda
189464361,2460577,ca,Erradoddi
189464438,2460578,ca,Anugonda
189464515,2460579,ca,Allinagaram
189464592,2460580,ca,Laddagiri
189464746,2460582,ca,Konganapadu
189464823,2460583,ca,Remadur
189464900,2460584,ca,Pusulur
189464977,2460585,ca,Nayakallu
189465054,2460586,ca,Chetlamallapuram
189465131,2460587,ca,Potugallu
189465285,2460589,ca,Kottapalle
189465362,2460590,ca,Mannekunta
189465516,2460592,ca,Tallagokulapadu
189465593,2460593,ca,Ramapuram
189465670,2460594,ca,Mallepalle
189465747,2460595,ca,Al·lugundam
189465824,2460596,ca,Bommireddipalle
189465901,2460597,ca,Errakattuva
189465978,2460598,ca,Erukalacheruvu
189466209,2460601,ca,Ramakrishnapuram
189466286,2460602,ca,Togarchedu
189466363,2460603,ca,Cherukulapadu
189466517,2460605,ca,Yagantipalli
189466979,2460611,ca,Penumada
189467056,2460612,ca,Kambalapadu
189467133,2460613,ca,Gudampadu
189467210,2460614,ca,Madapuram
189467287,2460615,ca,Putlur
189467364,2460616,ca,Kosanapalli
189467441,2460617,ca,Madarpuram
189467518,2460618,ca,Mangampalli
189467595,2460619,ca,Bingidoddi
189467749,2460621,ca,Dasaradoddi
189467826,2460622,ca,Yadaralla
189467980,2460624,ca,Galimpur
189468134,2460626,ca,Bahira
189468211,2460627,ca,Raghunathpur
189468288,2460628,ca,Gopalpur
189468442,2460630,ca,Madanpur
189468596,2460632,ca,Chandpur
189469058,2460638,ca,Ghorakhor
189469135,2460639,ca,Gobadda
189469212,2460640,ca,Dhapri
189469289,2460641,ca,Baijalpur
189469443,2460643,ca,Larui
189469520,2460644,ca,Bagesri
189469597,2460645,ca,Madhuban
189469751,2460647,ca,Parsando
189469828,2460648,ca,Bhusi Chak
189469905,2460649,ca,Baukhra
189470213,2460653,ca,Ratmi
189471060,2460664,ca,Banbarsa
189471137,2460665,ca,Dariapur
189472292,2460680,ca,Murade
189472446,2460682,ca,Khaje Chak
189472677,2460685,ca,Mohanpur
189472831,2460687,ca,Majhgain
189473216,2460692,ca,Kathna
189473370,2460694,ca,Pharsa
189473447,2460695,ca,Khaira
189473524,2460696,ca,Kaithi
189473601,2460697,ca,Tajpur
189473678,2460698,ca,Mahakola
189473755,2460699,ca,Dhapri
189473909,2460701,ca,Pakari
189474063,2460703,ca,Kharui
189474140,2460704,ca,Banhara
189474602,2460710,ca,Rajadih
189474679,2460711,ca,Amdaha Kalan
189474833,2460713,ca,Bambar
189474910,2460714,ca,Chamma Chak
189474987,2460715,ca,Majlishpur
189475064,2460716,ca,Kathni
189475141,2460717,ca,Barsunda
189475295,2460719,ca,Kesuli
189475449,2460721,ca,Rainian
189475603,2460723,ca,Majura
189475680,2460724,ca,Jagatpura
189475757,2460725,ca,Bhunna
189476065,2460729,ca,Dariapur
189476373,2460733,ca,Jagdispur
189476527,2460735,ca,Lauria
189476835,2460739,ca,Gangta
189477220,2460744,ca,Mathra
189477374,2460746,ca,Mahuli
189477451,2460747,ca,Dharmikharwe
189478067,2460755,ca,Xata
189478298,2460758,ca,Nonaji
189478375,2460759,ca,Kolas
189478529,2460761,ca,Bhalguri
189478683,2460763,ca,Bhandar
189478914,2460766,ca,Patghaghar
189478991,2460767,ca,Thara
189479222,2460770,ca,Pauria
189479453,2460773,ca,Sarai
189479607,2460775,ca,Karikol
189479761,2460777,ca,Gonai
189479838,2460778,ca,Balia
189479915,2460779,ca,Mojma
189479992,2460780,ca,Sonhauli
189480069,2460781,ca,Pawkuri
189480223,2460783,ca,Kahua
189480377,2460785,ca,Mania
189480531,2460787,ca,Kasraiya
189480608,2460788,ca,Khaira
189480685,2460789,ca,Rampur
189480993,2460793,ca,Laurhia
189481070,2460794,ca,Silauta
189481378,2460798,ca,Batsar
189481455,2460799,ca,Barhaunian
189481609,2460801,ca,Kalai
189481686,2460802,ca,Mahuratanr
189481763,2460803,ca,Benauli
189481840,2460804,ca,Bardiha
189481917,2460805,ca,Tilkari
189481994,2460806,ca,Sarauna
189482071,2460807,ca,Chanchar
189482456,2460812,ca,Dhauri
189482533,2460813,ca,Khagraun
189483457,2460825,ca,Daulatganj
189483534,2460826,ca,Kalyanpur
189483611,2460827,ca,Shahpur
189483688,2460828,ca,Belbihma
189483765,2460829,ca,Harpur
189484073,2460833,ca,Baidpur
189484150,2460834,ca,Bangawan
189484381,2460837,ca,Mahpur
189484458,2460838,ca,Dhauni
189484612,2460840,ca,Gazipur
189484920,2460844,ca,Launa
189484997,2460845,ca,Parsa
189485074,2460846,ca,Kardiha
189485151,2460847,ca,Barui
189485228,2460848,ca,Khaira
189485305,2460849,ca,Dorain
189485382,2460850,ca,Muhammadpur
189485536,2460852,ca,Musahri
189485613,2460853,ca,Degaon
189485921,2460857,ca,Parbhara
189486229,2460861,ca,Kamargawan
189486306,2460862,ca,Mahespur
189486383,2460863,ca,Sondiha
189486460,2460864,ca,Khanrbihari
189486537,2460865,ca,Sasan
189486999,2460871,ca,Jorari
189487538,2460878,ca,Jorari Milk
189487692,2460880,ca,Bangawan
189487769,2460881,ca,Muskipur
189487846,2460882,ca,Nisahara
189488462,2460890,ca,Gaura
189488539,2460891,ca,Kaurian
189488693,2460893,ca,Khiridih
189488770,2460894,ca,Kharwa
189488847,2460895,ca,Dulhar
189489001,2460897,ca,Kharbhatua
189489078,2460898,ca,Barain
189489155,2460899,ca,Lagma
189489617,2460905,ca,Amaia
189489694,2460906,ca,Lakhnaur
189489771,2460907,ca,Pipra
189489925,2460909,ca,Karharia
189490002,2460910,ca,Majhgain
189490079,2460911,ca,Birajpur
189490156,2460912,ca,Agarhan
189490233,2460913,ca,Manpur
189490310,2460914,ca,Bhadaura
189490387,2460915,ca,Kalyanpur
189490695,2460919,ca,Murla
189490772,2460920,ca,Kamarganj
189491003,2460923,ca,Taraita
189491157,2460925,ca,Nonsar
189491465,2460929,ca,Chargaon
189491619,2460931,ca,Mamai
189491850,2460934,ca,Majhli
189491927,2460935,ca,Asiachak
189492235,2460939,ca,Kamarpur
189492312,2460940,ca,Kamrain
189492389,2460941,ca,Korian
189492620,2460944,ca,Sadpur
189492851,2460947,ca,Pansala
189492928,2460948,ca,Khalila
189493005,2460949,ca,Dhúria
189493467,2460955,ca,Dhanhi Belari
189493698,2460958,ca,Kumaitha
189493775,2460959,ca,Dindealpur
189494006,2460962,ca,Bany
189494083,2460963,ca,Deodha
189494160,2460964,ca,Karharia
189494237,2460965,ca,Desawar
189494314,2460966,ca,Girdharpur
189494391,2460967,ca,Mohiuddinpur
189494545,2460969,ca,Kastikri
189494622,2460970,ca,Siardih
189494699,2460971,ca,Hemra
189494853,2460973,ca,Lakhanpur
189494930,2460974,ca,Manihari
189495238,2460978,ca,Parsain
189495315,2460979,ca,Chatahar
189495777,2460985,ca,Goera Sahroi
189495854,2460986,ca,Goera Lakhanpur
189496547,2460995,ca,Dharampur
189496701,2460997,ca,Bansipur
189496778,2460998,ca,Sahdeopur
189496855,2460999,ca,Kaitha
189496932,2461000,ca,Saguni
189497009,2461001,ca,Barhara
189497163,2461003,ca,Karsop
189497240,2461004,ca,Ramchua
189497394,2461006,ca,Dhanihar
189497625,2461009,ca,Jamuni
189497779,2461011,ca,Karanpur
189497856,2461012,ca,Rudpai
189498318,2461018,ca,Meharpur
189498395,2461019,ca,Karsandi
189498626,2461022,ca,Gulni
189498857,2461025,ca,Bela
189498934,2461026,ca,Goriawan
189499088,2461028,ca,Kenli
189499165,2461029,ca,Pakaria
189499242,2461030,ca,Karsanda
189499319,2461031,ca,Bishunpur
189499627,2461035,ca,Belari
189499935,2461039,ca,Jogi Bhaga
189500012,2461040,ca,Bhalua
189500166,2461042,ca,Titihi
189500243,2461043,ca,Shahpur
189500320,2461044,ca,Bhumihar
189500474,2461046,ca,Bandhudi
189500551,2461047,ca,Jhalu Chak
189500705,2461049,ca,Karanja
189500782,2461050,ca,Barautha
189500859,2461051,ca,Narayanpur
189501013,2461053,ca,Karharia
189501090,2461054,ca,Naraun
189501167,2461055,ca,Bhatsila
189501706,2461062,ca,Chanpura
189501783,2461063,ca,Teliadih
189501937,2461065,ca,Gorho
189502168,2461068,ca,Misarpur
189502322,2461070,ca,Matsumbha
189502399,2461071,ca,Tetiha
189502630,2461074,ca,Chityala
189502707,2461075,ca,Peddadoddi
189502784,2461076,ca,Kollakonda
189502861,2461077,ca,Gummakonda
189502938,2461078,ca,Venkatapuram
189503015,2461079,ca,Bottiralla
189503092,2461080,ca,Abbireddipalle
189503169,2461081,ca,Jagadurti
189503246,2461082,ca,Karlakunta
189503323,2461083,ca,Amakatadu
189503477,2461085,ca,Guntapalle
189503554,2461086,ca,Sudepalle
189503631,2461087,ca,Bogolu
189504016,2461092,ca,Govardhanagiri
189504093,2461093,ca,Kottala
189504170,2461094,ca,Lanja Banda
189504247,2461095,ca,Lakshmipalle
189504324,2461096,ca,Srirangapuram
189504478,2461098,ca,Mallampalle
189504632,2461100,ca,Malyala
189504786,2461102,ca,Lakshmipalli
189504863,2461103,ca,Udumulapadu
189505017,2461105,ca,Somapuram
189505094,2461106,ca,Kamaganikuntla
189505171,2461107,ca,Timmapuram
189505325,2461109,ca,Eddupenta
189505479,2461111,ca,Maddepalle
189505556,2461112,ca,Obulapuram
189505633,2461113,ca,Ungaralagundla
189506018,2461118,ca,Dharmavaram
189506557,2461125,ca,Kottakota
189506634,2461126,ca,Devarabanda
189506711,2461127,ca,Yenigamarri
189506788,2461128,ca,Rekulakunta
189506865,2461129,ca,Mettupalle
189506942,2461130,ca,Kocheruvu
189507019,2461131,ca,Yagnaramapuram
189507096,2461132,ca,Jaladurgam
189507250,2461134,ca,Madhavaram
189507327,2461135,ca,Vengalampalle
189507558,2461138,ca,Utakonda
189507635,2461139,ca,Munimadugu
189507712,2461140,ca,Dorapalle
189507866,2461142,ca,Chandrapalle
189508020,2461144,ca,Gudipadu
189508174,2461146,ca,Jakkasanikuntla
189508251,2461147,ca,Ramapuram
189508405,2461149,ca,Nallamekalapalli
189508559,2461151,ca,Lakshumpalle
189508636,2461152,ca,Kesavarayanipet
189508713,2461153,ca,Dayyalamadugu
189508867,2461155,ca,Timmapuram
189508944,2461156,ca,Appecherla
189509098,2461158,ca,Krishtipadu
189509175,2461159,ca,Chandana
189509483,2461163,ca,Ravuludiki
189509560,2461164,ca,Konapuram
189509637,2461165,ca,Tutrallapalle
189509945,2461169,ca,Vemulapadu
189510022,2461170,ca,Timmapuram
189510099,2461171,ca,Tippareddipalle
189510176,2461172,ca,Tirnampalle
189510253,2461173,ca,Peddapeta
189510407,2461175,ca,Virannapalle
189510484,2461176,ca,Kamalapadu
189510561,2461177,ca,Kattimanipalle
189510638,2461178,ca,Obulapuram
189510715,2461179,ca,Konuppalapadu
189510946,2461182,ca,Kommemarri
189511100,2461184,ca,Boinacheruvupalli
189511177,2461185,ca,Racherla
189511485,2461189,ca,Burugala
189511562,2461190,ca,Vankamattipalle
189511793,2461193,ca,Kundanakota
189512024,2461196,ca,Gudipadu
189512178,2461198,ca,Virareddipalle
189512563,2461203,ca,Nitturu
189512640,2461204,ca,Venkatampalle
189512871,2461207,ca,Chimalavagupalle
189513102,2461210,ca,Haresamudram
189513179,2461211,ca,Bollanagudda
189513256,2461212,ca,Kalluhola
189513410,2461214,ca,Devagiri
189513487,2461215,ca,Bandur
189513564,2461216,ca,Kalludevanahalli
189513795,2461219,ca,Govindawada
189513872,2461220,ca,Singanahalli
189513949,2461221,ca,Sridharaghatta
189514026,2461222,ca,Gonahalu
189514180,2461224,ca,Erragunta
189514334,2461226,ca,Udegolam
189514488,2461228,ca,Marempalli
189514719,2461231,ca,Adiganipalli
189514873,2461233,ca,Gangalapurati
189515027,2461235,ca,Hanakanahal
189515104,2461236,ca,Kalekurti
189515181,2461237,ca,Malyam
189515258,2461238,ca,Nagayinahalli
189515335,2461239,ca,Tumbiganuru
189515489,2461241,ca,Sollapuram
189515566,2461242,ca,Garudachedu
189515643,2461243,ca,Minahalli
189515720,2461244,ca,Bidurukonta
189515797,2461245,ca,Vyasapuram
189515874,2461246,ca,Honnahalli
189515951,2461247,ca,Hosahalli
189516028,2461248,ca,Mallapuram
189516105,2461249,ca,Narimetla
189516182,2461250,ca,Chikalaguriki
189516259,2461251,ca,Veligonda
189516336,2461252,ca,Undabanda
189516413,2461253,ca,Budagavi
189516490,2461254,ca,Renimakulapalle
189516567,2461255,ca,Rayampalle
189516721,2461257,ca,Nagireddipalle
189516798,2461258,ca,Veparalla
189516875,2461259,ca,Srirangapuram
189516952,2461260,ca,Kadaramapalle
189517029,2461261,ca,Kasipuram
189517106,2461262,ca,Ravanahalli
189517183,2461263,ca,Kenchanahalli
189517260,2461264,ca,Brahmanapalle
189517337,2461265,ca,Narasapuram
189517414,2461266,ca,Malkapuram
189517722,2461270,ca,Kurlagunda
189517799,2461271,ca,Hulikallu
189517876,2461272,ca,Itlampalle
189517953,2461273,ca,Mallikarjunapalli
189518030,2461274,ca,Bommaganapalle
189518184,2461276,ca,Pillalapalle
189518261,2461277,ca,Muppulakunta
189518338,2461278,ca,Gonchireddipalli
189518569,2461281,ca,Idukallu
189518646,2461282,ca,Mangampalli
189518723,2461283,ca,Konapuram
189518800,2461284,ca,Errampalle
189518877,2461285,ca,Garudapuram
189518954,2461286,ca,Palavayi
189519108,2461288,ca,Mallapuram
189519185,2461289,ca,Mudigallu
189519416,2461292,ca,Gubanapalli
189519493,2461293,ca,Bhaurampalle
189519570,2461294,ca,Chapari
189519647,2461295,ca,Madiredipalle
189519801,2461297,ca,Yelagalavanka
189519955,2461299,ca,Konapuram
189520032,2461300,ca,Avulenna
189520186,2461302,ca,Erragudi
189520340,2461304,ca,Nakkalapalli
189520494,2461306,ca,Ankampalle
189520571,2461307,ca,Duddekunta
189520648,2461308,ca,Gangavaram
189520879,2461311,ca,Kaparlapalle
189521187,2461315,ca,Varla
189521341,2461317,ca,Ramsagaram
189521495,2461319,ca,Jayapuram
189521572,2461320,ca,Mavinamaradahalli
189521649,2461321,ca,Adivigollapalle
189521726,2461322,ca,Chennampalle
189521803,2461323,ca,Papampalli
189522034,2461326,ca,Khairevu
189522111,2461327,ca,Malanayukanahalli
189522188,2461328,ca,Makudiki
189522265,2461329,ca,Lakshmanpalle
189522342,2461330,ca,Erraborepalle
189522419,2461331,ca,Kambhalapalle
189522573,2461333,ca,Allapuram
189522650,2461334,ca,Janampalli
189522804,2461336,ca,Mandalapalli
189522881,2461337,ca,Kariganipalle
189522958,2461338,ca,Mahantapuram
189523035,2461339,ca,Bandamidapalle
189523112,2461340,ca,Bommajipalli
189523266,2461342,ca,Jambugumpala
189523343,2461343,ca,Venkatampalli
189523420,2461344,ca,Nijavalli
189523497,2461345,ca,Kenchampalle
189523651,2461347,ca,Bestarapalle
189523805,2461349,ca,Maremmanahalli
189523882,2461350,ca,Siddapura
189523959,2461351,ca,Ballenahalli
189524267,2461355,ca,Kristnapuram
189524421,2461357,ca,Tenagallu
189524498,2461358,ca,Mallapuram
189524575,2461359,ca,Obaganipalle
189524652,2461360,ca,Enumuladoddi
189524729,2461361,ca,Rudrampalli
189524806,2461362,ca,Bodapalle
189524960,2461364,ca,Marrimakulapalle
189525037,2461365,ca,Guddella
189525191,2461367,ca,Byadarahalli
189525268,2461368,ca,Kotturu
189525345,2461369,ca,Morepalle
189525422,2461370,ca,Kurubarapalle
189525576,2461372,ca,Gazulapalle
189525653,2461373,ca,Duradakunta
189525730,2461374,ca,Venkatampalli
189525807,2461375,ca,Mulakanur
189525884,2461376,ca,Cherlopalle
189525961,2461377,ca,Pallur
189526115,2461379,ca,Gollapalle
189526192,2461380,ca,Kadiridevarapalle
189526269,2461381,ca,Timmapuram
189526346,2461382,ca,Kurlapalli
189526500,2461384,ca,Kotturu
189526731,2461387,ca,Kambadur
189526808,2461388,ca,Gowdatimmanahalli
189526885,2461389,ca,Bhimanakunte
189526962,2461390,ca,Dalavaihalli
189527039,2461391,ca,Kunihalli
189527116,2461392,ca,Rudrayanakuppa
189527193,2461393,ca,Potaganahalli
189527270,2461394,ca,Indrabetta
189527424,2461396,ca,Hosadurga
189527501,2461397,ca,Doddahalli
189527655,2461399,ca,Konampalle
189527732,2461400,ca,Siddarampuram
189527886,2461402,ca,Kalvapalle
189527963,2461403,ca,Obulapuram
189528040,2461404,ca,Hanumareddipalle
189528117,2461405,ca,Manirevu
189528194,2461406,ca,Kondapuram
189528271,2461407,ca,Venkatampalli
189528348,2461408,ca,Muddinayanipalle
189528425,2461409,ca,Kadarampalle
189528502,2461410,ca,Palavenkatapuram
189528579,2461411,ca,Timmasamudram
189528656,2461412,ca,Kadadarkunta
189528733,2461413,ca,Mangalakunta
189528887,2461415,ca,Goridindla
189528964,2461416,ca,Kondapalle
189529041,2461417,ca,Muttala
189529118,2461418,ca,Papampalli
189529272,2461420,ca,Pampanur
189529426,2461422,ca,Padamatiyaleru
189529503,2461423,ca,Singampalli
189529580,2461424,ca,Timmapuram
189529657,2461425,ca,Narayanapuram
189529734,2461426,ca,Karutlapalli
189529811,2461427,ca,Kadadarakunta
189529888,2461428,ca,Cholasamudram
189529965,2461429,ca,Aravakur
189530042,2461430,ca,Kamuru
189530119,2461431,ca,Talupuru
189530196,2461432,ca,Chennampalle
189530350,2461434,ca,Madigubba
189530427,2461435,ca,Sanapa
189530581,2461437,ca,Vepacherla
189530735,2461439,ca,Topudurti
189530812,2461440,ca,Tumucherla
189530889,2461441,ca,Guntapalle
189531428,2461448,ca,Gauripur
189532044,2461456,ca,Majarhat
189532429,2461461,ca,Sukhasan
189532583,2461463,ca,Manhara
189533045,2461469,ca,Jajhat
189533815,2461479,ca,Sadhuatola
189534585,2461489,ca,Nihalpatti
189535047,2461495,ca,Tuniahi Dakhinwari
189535124,2461496,ca,Sukhasan Uttarwari
189535432,2461500,ca,Madhuban
189535971,2461507,ca,Kamaljari
189536202,2461510,ca,Bishunpur
189536279,2461511,ca,Madanpur
189536510,2461514,ca,Rahua
189536741,2461517,ca,Dhabauli
189537203,2461523,ca,Kapasia
189537434,2461526,ca,Ghughanpatti
189537511,2461527,ca,Sakhuri
189537665,2461529,ca,Sahasram
189537819,2461531,ca,Lachhmipur
189538050,2461534,ca,Chakrahi
189538281,2461537,ca,Kishunpur
189538358,2461538,ca,Bhajanpatti
189538512,2461540,ca,Pastpar
189538974,2461546,ca,Amirta
189539051,2461547,ca,Tamkalha
189539128,2461548,ca,Durgapur
189539282,2461550,ca,Jamhra
189539436,2461552,ca,Bhaddi
189539513,2461553,ca,Suthania
189539590,2461554,ca,Mokma
189539667,2461555,ca,Pachlakh
189539821,2461557,ca,Depura
189539898,2461558,ca,Baswari
189540283,2461563,ca,Shahpur Chaumukh
189540360,2461564,ca,Lohar
189540668,2461568,ca,Sukhasan
189540745,2461569,ca,Babhangawan
189540822,2461570,ca,Bishunpur Arar
189540976,2461572,ca,Paharpur
189541053,2461573,ca,Pama
189541130,2461574,ca,Jirwa
189541207,2461575,ca,Khari
189541284,2461576,ca,Rasna
189541438,2461578,ca,Jhitkia
189541900,2461584,ca,Hanumannagar
189542439,2461591,ca,Parmanpur
189542593,2461593,ca,Pokhram
189542824,2461596,ca,Piprahi
189542901,2461597,ca,Belodih
189542978,2461598,ca,Siktiya
189543209,2461601,ca,Bhita
189543286,2461602,ca,Murho
189543517,2461605,ca,Shamgarh
189543594,2461606,ca,Belo
189544133,2461613,ca,Narayanpatti
189544364,2461616,ca,Katharwa
189544441,2461617,ca,Burhi
189544672,2461620,ca,Budhma
189544749,2461621,ca,Bariarhi
189544980,2461624,ca,Bishunpur
189545134,2461626,ca,Bhatkhori
189545211,2461627,ca,Jitapur
189545519,2461631,ca,Parària
189545596,2461632,ca,Bhadaul
189545827,2461635,ca,Manirahi
189546135,2461639,ca,Betauna
189546366,2461642,ca,Bakhri
189546520,2461644,ca,Dhorgaon
189546751,2461647,ca,Gohumani
189546905,2461649,ca,Chausar
189547367,2461655,ca,Maheswa
189547444,2461656,ca,Raibhir
189547521,2461657,ca,Damgara
189547598,2461658,ca,Chaura
189547906,2461662,ca,Belari
189548060,2461664,ca,Gidrahi
189548137,2461665,ca,Belhi
189548214,2461666,ca,Rampatti
189548368,2461668,ca,Jamuaha
189548599,2461671,ca,Gopalpur
189548676,2461672,ca,Siripur
189548830,2461674,ca,Babhantoli
189548907,2461675,ca,Sukhasan
189549292,2461680,ca,Kewatgawan
189549523,2461683,ca,Bishunpur Korlahi
189549677,2461685,ca,Parsa
189549754,2461686,ca,Pària
189549831,2461687,ca,Tamautparsa
189549985,2461689,ca,Narha
189550062,2461690,ca,Rahta
189550524,2461696,ca,Parwa
189550909,2461701,ca,Jorgawan
189551063,2461703,ca,Ghagha
189551217,2461705,ca,Dighi
189551294,2461706,ca,Ratanpatti
189551525,2461709,ca,Dinapatti
189551679,2461711,ca,Bindraban
189551756,2461712,ca,Sakhua
189552141,2461717,ca,Ramni
189552218,2461718,ca,Gangapur
189552372,2461720,ca,Bhalni
189552449,2461721,ca,Bhelai
189552526,2461722,ca,Jhakhran
189552603,2461723,ca,Raghunathpur
189552757,2461725,ca,Kolhaipatti
189552834,2461726,ca,Dumaria
189552988,2461728,ca,Bathnaha
189553065,2461729,ca,Chatra Badh
189553219,2461731,ca,Birgaon
189553373,2461733,ca,Tema
189553450,2461734,ca,Maharajganj
189553681,2461737,ca,Rajni
189553989,2461741,ca,Babhangaon
189554066,2461742,ca,Rajnigot
189554143,2461743,ca,Kalyan Patti
189554220,2461744,ca,Sinduari
189554297,2461745,ca,Sarauni Kalan
189554528,2461748,ca,Fatehpur
189554605,2461749,ca,Tulasia
189554682,2461750,ca,Baijnathpur
189554836,2461752,ca,Lachhmipur
189555298,2461758,ca,Satokhar
189555529,2461761,ca,Kondangeri
189556068,2461768,ca,Chikkahosur
189557069,2461781,ca,Sunkadhalli
189557223,2461783,ca,Avarti
189557531,2461787,ca,Guddenhalli
189557685,2461789,ca,Gollarhoshall
189558070,2461794,ca,Paita
189558147,2461795,ca,Gazi Paita
189558224,2461796,ca,Jamhra
189558301,2461797,ca,Sahsaul
189558455,2461799,ca,Baraith
189558532,2461800,ca,Atlakha
189558686,2461802,ca,Nonauti
189558840,2461804,ca,Jhitkiabhela
189558917,2461805,ca,Balla Ekduari
189558994,2461806,ca,Barsam
189559071,2461807,ca,Balia
189559148,2461808,ca,Belhat
189559225,2461809,ca,Tindhara
189559302,2461810,ca,Arsi
189559456,2461812,ca,Pacharhi
189559533,2461813,ca,Gonram
189559610,2461814,ca,Paman
189559687,2461815,ca,Tehra
189559841,2461817,ca,Agma
189560149,2461821,ca,Raghunathpur
189560226,2461822,ca,Maura
189560303,2461823,ca,Bhasti
189560457,2461825,ca,Kasnagar
189560611,2461827,ca,Kumhraili
189560688,2461828,ca,Bishunpura
189560765,2461829,ca,Bobil
189560919,2461831,ca,Barahi
189560996,2461832,ca,Kopa
189561150,2461834,ca,Budhma
189561535,2461839,ca,Hanumannagar
189561689,2461841,ca,Tilathi
189561766,2461842,ca,Pachrasi
189561843,2461843,ca,Sakrohra
189561997,2461845,ca,Rohinwa
189562074,2461846,ca,Murli
189562151,2461847,ca,Pachaut
189562228,2461848,ca,Gindharson
189562305,2461849,ca,Dighaun
189562459,2461851,ca,Sathman
189562536,2461852,ca,Dudraja
189562613,2461853,ca,Sahraun
189562844,2461856,ca,Parail
189562921,2461857,ca,Gangapur
189562998,2461858,ca,Gauchi Dih
189563075,2461859,ca,Hariharpur
189563152,2461860,ca,Ithari
189563229,2461861,ca,Khaon
189563306,2461862,ca,Sanoti Chak
189563383,2461863,ca,Bargaon
189563460,2461864,ca,Kurman
189563768,2461868,ca,Ladma
189564076,2461872,ca,Basanwara
189564153,2461873,ca,Khuran Milik
189564384,2461876,ca,Sonbarsa
189564461,2461877,ca,Tilakpur
189564538,2461878,ca,Keshopur
189564846,2461882,ca,Mohiuddinpur
189564923,2461883,ca,Mahmuda
189565000,2461884,ca,Bishanpur
189565308,2461888,ca,Akaha
189565616,2461892,ca,Maniagachhi
189565693,2461893,ca,Bajnathpur
189566540,2461904,ca,Bispatti
189566694,2461906,ca,Bhaluahi
189566848,2461908,ca,Bhawanandpur
189567156,2461912,ca,Shahzadpur
189567310,2461914,ca,Shekhpur Chaman
189567464,2461916,ca,Singarpur
189567541,2461917,ca,Bishunpur Amona
189567618,2461918,ca,Ramganj
189567695,2461919,ca,Chharrapatti
189567926,2461922,ca,Pipra
189568003,2461923,ca,Kumarganj
189568311,2461927,ca,Baitha Musahri
189568465,2461929,ca,Khokhsi Saranpur
189568542,2461930,ca,Shoyama
189568619,2461931,ca,Nemua
189568696,2461932,ca,Burahi
189569158,2461938,ca,Basnahi
189569389,2461941,ca,Muhammadpur
189569543,2461943,ca,Bhaluahi
189569774,2461946,ca,Tilathi
189570467,2461955,ca,Gamail
189570621,2461957,ca,Murgia Chak
189570698,2461958,ca,Tintanga
189570775,2461959,ca,Madhuban
189570852,2461960,ca,Udda
189570929,2461961,ca,Anandpur
189571006,2461962,ca,Gangaura
189571083,2461963,ca,Basgarha
189571160,2461964,ca,Haraili
189571237,2461965,ca,Sonbarsa
189571776,2461972,ca,Lachhmipur
189571930,2461974,ca,Maheshwa
189572161,2461977,ca,Biri Ranpal
189572546,2461982,ca,Phanhan
189572623,2461983,ca,Kawakol
189572700,2461984,ca,Rahta
189573008,2461988,ca,Teldiha
189573085,2461989,ca,Pariharpur
189573316,2461992,ca,Murli Chandwa
189573624,2461996,ca,Narda
189573701,2461997,ca,Korchakka
189573855,2461999,ca,Muhammadpur Balia
189574163,2462003,ca,Shankarpur Madhaili
189574240,2462004,ca,Balatol
189574625,2462009,ca,Lashkari
189574856,2462012,ca,Singhar
189575010,2462014,ca,Korsandi
189575087,2462015,ca,Rauta
189575395,2462019,ca,Purani
189575472,2462020,ca,Dumrail
189575780,2462024,ca,Karaman
189575934,2462026,ca,Narthua Bhagipur
189576242,2462030,ca,Kunjauri
189576319,2462031,ca,Saparda
189576396,2462032,ca,Aurahi
189576473,2462033,ca,Tinpiparia
189577243,2462043,ca,Basdeopur
189577782,2462050,ca,Chirauri
189577859,2462051,ca,Paura
189577936,2462052,ca,Itmadi
189578013,2462053,ca,Baswa
189578244,2462056,ca,Koila
189578321,2462057,ca,Birbas
189578475,2462059,ca,Barun
189578552,2462060,ca,Bhimri
189578629,2462061,ca,Kharauwa
189578706,2462062,ca,Deotha
189578783,2462063,ca,Paikant
189578860,2462064,ca,Paharpur
189578937,2462065,ca,Punaur
189579091,2462067,ca,Telia Bathan
189579245,2462069,ca,Jhajhra
189579322,2462070,ca,Saurh
189579476,2462072,ca,Kulharia
189579707,2462075,ca,Thebhau
189579861,2462077,ca,Kolwara
189579938,2462078,ca,Khajraitha
189580015,2462079,ca,Kairia
189580400,2462084,ca,Madhuban
189580785,2462089,ca,Timapur Lagar
189580862,2462090,ca,Shahabad
189581632,2462100,ca,Shahpur
189581863,2462103,ca,Gosaindaspur
189582017,2462105,ca,Mirzapur
189582941,2462117,ca,Shahpur
189583018,2462118,ca,Dudhaila
189583480,2462124,ca,Nagarpara
189583634,2462126,ca,Raipur
189583711,2462127,ca,Mohanpur
189583788,2462128,ca,Kishunpur Ratwara
189583865,2462129,ca,Muraut
189584019,2462131,ca,Morsanda
189584327,2462135,ca,Kaharpur
189584481,2462137,ca,Ratanpur
189584866,2462142,ca,Dealpur
189584943,2462143,ca,Isapur
189585097,2462145,ca,Bagri
189585251,2462147,ca,Babhangawan
189585713,2462153,ca,Telghi
189586098,2462158,ca,Faridpur
189586252,2462160,ca,Shankarpur
189586406,2462162,ca,Rasidpur
189586483,2462163,ca,Serampur
189586637,2462165,ca,Cherukunnu
189586791,2462167,ca,Kannapuram
189586945,2462169,ca,Pallikunnu
189587099,2462171,ca,Chirakkal
189587330,2462174,ca,Kalliyassheri
189587561,2462177,ca,Puzhathi
189588254,2462186,ca,Kayaralam
189588485,2462189,ca,Kolacheri
189588639,2462191,ca,Valavilcheleri
189588793,2462193,ca,Kannadiparamba
189589101,2462197,ca,Elayavur
189589178,2462198,ca,Mundayad
189590179,2462211,ca,Pinarayi
189590256,2462212,ca,Parapram
189590718,2462218,ca,Chalakilakakara
189590949,2462221,ca,Mavitayi
189591026,2462222,ca,Iriveri
189592258,2462238,ca,Chelora
189592489,2462241,ca,Kannirod
189592566,2462242,ca,Kudali
189592874,2462246,ca,Munderi
189593028,2462248,ca,Maniyur
189593259,2462251,ca,Vesala
189593336,2462252,ca,Kuttyattur
189593413,2462253,ca,Mayyil
189593798,2462258,ca,Matasi
189593952,2462260,ca,Pirhanda
189594106,2462262,ca,Achambho
189594491,2462267,ca,Mahudi
189594799,2462271,ca,Tal Saharsa
189594876,2462272,ca,Khardih
189594953,2462273,ca,Bhanta
189595107,2462275,ca,Manpur
189595184,2462276,ca,Silauri
189595261,2462277,ca,Karma
189595415,2462279,ca,Gordih
189595492,2462280,ca,Sijori
189595800,2462284,ca,Lahila
189595877,2462285,ca,Chitauni
189595954,2462286,ca,Kumar
189596185,2462289,ca,Bishunpur
189596339,2462291,ca,Gokhula Fatehpur
189596416,2462292,ca,Tuladih
189596570,2462294,ca,Kirpa Ramdih
189596647,2462295,ca,Kaithwara
189596724,2462296,ca,Sardawad
189596878,2462298,ca,Xaran
189597032,2462300,ca,Bichhwe
189597109,2462301,ca,Patamar
189597186,2462302,ca,Kenui
189597263,2462303,ca,Ramsagar
189597340,2462304,ca,Mobarakpur
189597417,2462305,ca,Nima
189597494,2462306,ca,Sarsa
189597571,2462307,ca,Rajpura
189597802,2462310,ca,Bhullo
189597956,2462312,ca,Nawabganj
189598033,2462313,ca,Gauharnagar
189598110,2462314,ca,Misirdih
189598187,2462315,ca,Khutkat
189598264,2462316,ca,Fatehpur
189598341,2462317,ca,Lachhuar
189598418,2462318,ca,Nawadih
189598495,2462319,ca,Jansinghdih
189598572,2462320,ca,Jagdispur
189598726,2462322,ca,Bahadurpur
189598957,2462325,ca,Basbutti
189599034,2462326,ca,Jajal
189599188,2462328,ca,Ragunathpur
189599265,2462329,ca,Itasagar
189599342,2462330,ca,Dhawatanr
189599573,2462333,ca,Dipakarhar
189599881,2462337,ca,Bhaluahi
189600035,2462339,ca,Harkhar
189600266,2462342,ca,Bichkorwa
189600651,2462347,ca,Garhi
189600728,2462348,ca,Karitanr
189600959,2462351,ca,Mahuliyatanr
189601190,2462354,ca,Deolatanr
189601421,2462357,ca,Thansinghdih
189601498,2462358,ca,Ghutia
189601575,2462359,ca,Dhongachatti
189601652,2462360,ca,Manikpur
189601729,2462361,ca,Rehri
189601883,2462363,ca,Dumrajor
189601960,2462364,ca,Harodih
189602268,2462368,ca,Kaplo
189602499,2462371,ca,Bojhait
189602653,2462373,ca,Konratanr
189602730,2462374,ca,Rajaun
189603115,2462379,ca,Mainijor
189603192,2462380,ca,Dhanwe
189603577,2462385,ca,Sokho
189603731,2462387,ca,Chitarbari
189603885,2462389,ca,Darima
189603962,2462390,ca,Arnawan Bank
189604116,2462392,ca,Ketaribank
189604193,2462393,ca,Panbharwa
189604347,2462395,ca,Khalari
189604424,2462396,ca,Harni
189604578,2462398,ca,Sakdari
189604732,2462400,ca,Taratanr
189605117,2462405,ca,Bariarpur
189605194,2462406,ca,Pira
189605271,2462407,ca,Nàrbada
189605425,2462409,ca,Dundu
189605502,2462410,ca,Maricha
189605579,2462411,ca,Basaia
189605656,2462412,ca,Chordiha
189605733,2462413,ca,Shiudih
189605964,2462416,ca,Dhanwe
189606041,2462417,ca,Amin
189606118,2462418,ca,Ikaria
189606195,2462419,ca,Padmawat
189606272,2462420,ca,Achari
189606349,2462421,ca,Arsar
189606426,2462422,ca,Chhitma
189606503,2462423,ca,Konan
189606580,2462424,ca,Bhandari
189606657,2462425,ca,Ghos
189606734,2462426,ca,Majos
189606888,2462428,ca,Narayanpur
189606965,2462429,ca,Ganesh Nawada
189607042,2462430,ca,Barna
189607196,2462432,ca,Dostni
189607350,2462434,ca,Mahgain
189607658,2462438,ca,Kharsari
189607735,2462439,ca,Chandwara
189607812,2462440,ca,Sibsona
189608120,2462444,ca,Sonai
189608197,2462445,ca,Marwa
189608274,2462446,ca,Kumdar
189608351,2462447,ca,Rajpura
189608428,2462448,ca,Mohanpur
189608582,2462450,ca,Bariarpur
189608659,2462451,ca,Patauna
189608736,2462452,ca,Daultapur
189608967,2462455,ca,Dighoi
189609044,2462456,ca,Misir Manda
189609506,2462462,ca,Nim Nawada
189609583,2462463,ca,Sira Nawada
189609660,2462464,ca,Amrath
189609737,2462465,ca,Sultanpur
189609814,2462466,ca,Sangthu
189609891,2462467,ca,Misir Bigha
189609968,2462468,ca,Simaria Bikrampur
189610045,2462469,ca,Sonkurha
189610122,2462470,ca,Bhagwana
189610199,2462471,ca,Lohra
189610276,2462472,ca,Lukhri
189610661,2462477,ca,Rampur
189610738,2462478,ca,Khargaur
189610969,2462481,ca,Sahur
189611200,2462484,ca,Khairi
189611354,2462486,ca,Piri
189611431,2462487,ca,Abhaipur
189611816,2462492,ca,Duknadih
189611893,2462493,ca,Garsanda
189611970,2462494,ca,Naukadih
189612047,2462495,ca,Taridabil
189612124,2462496,ca,Dabil
189612432,2462500,ca,Chancho
189612509,2462501,ca,Nariana
189612817,2462505,ca,Karan Nawada
189613048,2462508,ca,Purna Khaira
189613125,2462509,ca,Caixmir
189613202,2462510,ca,Tilakpur
189613356,2462512,ca,Suraundha
189613433,2462513,ca,Nauniatanr
189613510,2462514,ca,Khutauna
189613664,2462516,ca,Markata
189613741,2462517,ca,Amari
189613818,2462518,ca,Dharampur
189613972,2462520,ca,Kharui
189614049,2462521,ca,Dumarkola
189614280,2462524,ca,Dhab
189614588,2462528,ca,Sagdaha
189614819,2462531,ca,Kasbagidhaur
189615050,2462534,ca,Bhaunr
189615127,2462535,ca,Parsa
189615281,2462537,ca,Bela
189615358,2462538,ca,Khandaich
189615666,2462542,ca,Jargoha
189616359,2462551,ca,Pakri
189616436,2462552,ca,Pachrukhi
189616590,2462554,ca,Jaljoga
189616898,2462558,ca,Bheriatari
189617360,2462564,ca,Lalpur
189617437,2462565,ca,Kerakado
189617514,2462566,ca,Chihutia
189617745,2462569,ca,Bhojpur
189617899,2462571,ca,Barabandh
189618130,2462574,ca,Amarwa
189618361,2462577,ca,Bhimain
189618515,2462579,ca,Jagarnadih
189618977,2462585,ca,Fatehpur
189619208,2462588,ca,Ghiatari
189619285,2462589,ca,Majhiani
189619362,2462590,ca,Paparwatari
189619439,2462591,ca,Amatari
189620286,2462602,ca,Jhundo
189620363,2462603,ca,Nim Nawada
189620440,2462604,ca,Sabaijor
189620902,2462610,ca,Bakshanpur
189621056,2462612,ca,Dehrukhi
189621441,2462617,ca,Narasimhalapalli
189621518,2462618,ca,Mutanapet
189621595,2462619,ca,Potaram
189621826,2462622,ca,Ramachandrapur
189622057,2462625,ca,Indurti
189622134,2462626,ca,Muddimanikiam
189622288,2462628,ca,Chegurumomadi
189622519,2462631,ca,Sundergiri
189622673,2462633,ca,Narayanapur
189622750,2462634,ca,Yerraguntapalli
189622827,2462635,ca,Gotlamitta
189623366,2462642,ca,Tangallapalli
189623443,2462643,ca,Koheda
189623520,2462644,ca,Korella
189623905,2462649,ca,Ullampalli
189624136,2462652,ca,Nagaram
189624213,2462653,ca,Potlapalli
189624598,2462658,ca,Dharmasarampalli
189624675,2462659,ca,Gundareddipalli
189624752,2462660,ca,Dargapally
189624983,2462663,ca,Banjarupalli
189625291,2462667,ca,Kochanpalli
189625676,2462672,ca,Arepalli
189625753,2462673,ca,Baswapur
189625907,2462675,ca,Nagasamudram
189625984,2462676,ca,Baddipadiga
189626215,2462679,ca,Totapalli
189626292,2462680,ca,Arapalli
189626985,2462689,ca,Mallampalli
189627062,2462690,ca,Akkannapet
189627216,2462692,ca,Katkur
189627447,2462695,ca,Nandaram
189627524,2462696,ca,Kondamrajpalli
189627755,2462699,ca,Kata
189627832,2462700,ca,Nagrajpalli
189627909,2462701,ca,Anksapur
189627986,2462702,ca,Khanapur
189628063,2462703,ca,Masareddipalli
189628294,2462706,ca,Ramawaram
189628371,2462707,ca,Gandipalli
189628602,2462710,ca,Kondapuram
189628679,2462711,ca,Jangaon
189628756,2462712,ca,Talamala
189628833,2462713,ca,Rali
189629526,2462722,ca,Polimadagu
189629911,2462727,ca,Rangapet
189630142,2462730,ca,Lenda Venkatapuram
189630296,2462732,ca,Balraopet
189630373,2462733,ca,Peddapetta
189630450,2462734,ca,Nagaram
189630527,2462735,ca,Bakalagutta
189630758,2462738,ca,Saknepalli
189630835,2462739,ca,Amarwali
189631605,2462749,ca,Donabanda
189632144,2462756,ca,Vempalli
189632529,2462761,ca,Narsingapur
189633068,2462768,ca,Gollakota
189633299,2462771,ca,Kondapalli
189633530,2462774,ca,Chandanapur
189633684,2462776,ca,Goelwara
189633761,2462777,ca,Antargaon
189633838,2462778,ca,Tarlapalli
189633992,2462780,ca,Lingapuram
189634069,2462781,ca,Raidandi
189634223,2462783,ca,Maripalli
189634300,2462784,ca,Brahmanpalli
189634377,2462785,ca,Somanpalli
189634531,2462787,ca,Aklaspur
189634608,2462788,ca,Patial
189635070,2462794,ca,Undera
189635224,2462796,ca,Chanabanda
189635301,2462797,ca,Manjampalli
189635917,2462805,ca,Dhanivada
189636071,2462807,ca,Lakhapur
189636302,2462810,ca,Hiratemba
189636379,2462811,ca,Sisodra
189636610,2462814,ca,Vasna
189636764,2462816,ca,Gajan
189636995,2462819,ca,Mudsi
189637072,2462820,ca,Bhukakutri
189637303,2462823,ca,Sarangpur
189637611,2462827,ca,Kanela
189637919,2462831,ca,Nesda
189637996,2462832,ca,Lalodia
189638227,2462835,ca,Limbodra
189638304,2462836,ca,Goria
189638381,2462837,ca,Dalelpur
189638689,2462841,ca,Masadra
189638843,2462843,ca,Dhirakhat Muvada
189639074,2462846,ca,Galiadanti
189639151,2462847,ca,Kasaia
189639228,2462848,ca,Navakuva
189639305,2462849,ca,Devdanti
189639459,2462851,ca,Sardarkhat Muvada
189639536,2462852,ca,Andharvadi
189639613,2462853,ca,Jitpur
189639690,2462854,ca,Bamni
189639844,2462856,ca,Kidiad
189639998,2462858,ca,Chorivad
189640152,2462860,ca,Lavana
189640537,2462865,ca,Lalpur
189640845,2462869,ca,Dabaran
189640922,2462870,ca,Tejakui
189640999,2462871,ca,Helodar
189641076,2462872,ca,Naroda
189641384,2462876,ca,Dhuleta
189641538,2462878,ca,Ghatda
189641615,2462879,ca,Dholi
189641769,2462881,ca,Trakdi
189641846,2462882,ca,Koila
189641923,2462883,ca,Chharvangi
189642077,2462885,ca,Gangta
189642154,2462886,ca,Karanta
189642462,2462890,ca,Vanka
189642770,2462894,ca,Bamroda
189643078,2462898,ca,Mena
189643155,2462899,ca,Ghoghawada
189643309,2462901,ca,Kanod
189643386,2462902,ca,Padedi
189643463,2462903,ca,Khuntela
189643848,2462908,ca,Reheman
189644079,2462911,ca,Dodavanta
189644156,2462912,ca,Bhuvabar
189644310,2462914,ca,Jher
189644464,2462916,ca,Punjela
189644618,2462918,ca,Jalkukai
189644695,2462919,ca,Vaviakuva
189644772,2462920,ca,Pandarwada
189645003,2462923,ca,Borvai
189645080,2462924,ca,Kankrimahudi
189645388,2462928,ca,Nesda
189645542,2462930,ca,Lambha
189645619,2462931,ca,Kaliakuva
189645850,2462934,ca,Sarthuna
189645927,2462935,ca,Royania
189646081,2462937,ca,Vasai
189646466,2462942,ca,Kakradra
189646697,2462945,ca,Lalpur
189646928,2462948,ca,Udava
189647005,2462949,ca,Bachkaria
189647390,2462954,ca,Talvada
189647467,2462955,ca,Padhara
189647775,2462959,ca,Khatva
189647852,2462960,ca,Bokan Nada
189648160,2462964,ca,Dolatpara
189648314,2462966,ca,Kolambi
189648391,2462967,ca,Kamroda
189648930,2462974,ca,Rampur
189649315,2462979,ca,alampur
189649392,2462980,ca,Gandhari
189649623,2462983,ca,Isrora
189650162,2462990,ca,Gopalpur
189650393,2462993,ca,Rasulpur
189650547,2462995,ca,Kheroli
189650778,2462998,ca,Nasroli
189650932,2463000,ca,Bhamra
189651009,2463001,ca,Kolwan
189651086,2463002,ca,Garia
189651625,2463009,ca,Limbodara
189651779,2463011,ca,Harod
189652164,2463016,ca,Pawapur
189652241,2463017,ca,Hardaspur
189652318,2463018,ca,Malia
189652549,2463021,ca,Parampur
189652780,2463024,ca,Gadanpur
189652857,2463025,ca,Chandpur
189653088,2463028,ca,Salawara
189653165,2463029,ca,Kanela
189653396,2463032,ca,Charangam
189653473,2463033,ca,Kaslal
189653550,2463034,ca,Kakachia
189653627,2463035,ca,Motighora
189653704,2463036,ca,Panam Palla
189653781,2463037,ca,Dokela
189653858,2463038,ca,Verama
189653935,2463039,ca,Champeli
189654243,2463043,ca,Panch Mahuria
189654551,2463047,ca,Bamanwad
189654705,2463049,ca,Dalwai Saoli
189654859,2463051,ca,Ladvel
189654936,2463052,ca,Khalaspur
189655167,2463055,ca,Jesola
189655244,2463056,ca,Kantar
189655629,2463061,ca,Kamalpur
189656014,2463066,ca,Shekhpur
189656245,2463069,ca,Timba
189656630,2463074,ca,Bòria
189656938,2463078,ca,Bhatpur
189657015,2463079,ca,Chari
189657092,2463080,ca,Khuntkhar
189657246,2463082,ca,Sat Talao
189657400,2463084,ca,Ramawata
189657554,2463086,ca,Bhanpur
189657862,2463090,ca,Sabalpur
189657939,2463091,ca,Khora amba
189658401,2463097,ca,Chopra
189658940,2463104,ca,Pagiawad
189659171,2463107,ca,Chandsar
189659556,2463112,ca,Kotho
189659710,2463114,ca,Wanta
189659787,2463115,ca,Tanchhia
189660172,2463120,ca,Aritha
189660326,2463122,ca,Salela
189660634,2463126,ca,ankalwa
189660942,2463130,ca,Ranpur
189661096,2463132,ca,Napania
189661404,2463136,ca,Nawagam
189661789,2463141,ca,Kanesar
189661866,2463142,ca,Simlia
189662559,2463151,ca,Dolaria
189663175,2463159,ca,Pade
189663252,2463160,ca,Malekpur
189663637,2463165,ca,Ghantiara
189663868,2463168,ca,Rampur
189664099,2463171,ca,Hadmatia
189664715,2463179,ca,Shenadria Gorara
189664792,2463180,ca,Paderi
189665100,2463184,ca,Rajgad
189665331,2463187,ca,Mowasa
189665485,2463189,ca,Juna Gorara
189665562,2463190,ca,Tochna Gorara
189665947,2463195,ca,Mehetana Chaklia
189666255,2463199,ca,Mormahuri
189666332,2463200,ca,Saragwa Mahuri
189666717,2463205,ca,Sandpalia
189666794,2463206,ca,Chatkabeli
189667333,2463213,ca,Arithi
189667564,2463216,ca,Thambha
189668026,2463222,ca,Nasikpur
189668411,2463227,ca,Panchmuwa
189668642,2463230,ca,Satkunda
189668719,2463231,ca,Ora
189668796,2463232,ca,Jotangia
189668950,2463234,ca,Nansalai
189669104,2463236,ca,Mor
189669412,2463240,ca,asundria
189669489,2463241,ca,Jetharibor
189669797,2463245,ca,Bhunidra
189669951,2463247,ca,Chhogala
189670028,2463248,ca,Mirapur
189670182,2463250,ca,Sagrara
189670259,2463251,ca,Khatukpur
189670644,2463256,ca,Moyalapad
189670798,2463258,ca,Mahsunia
189670875,2463259,ca,Bharatpur
189671029,2463261,ca,Jankipur
189671106,2463262,ca,Bhagwanpur
189671183,2463263,ca,Digdigani
189671337,2463265,ca,Narayanpur
189671414,2463266,ca,Ranjitpur
189671491,2463267,ca,Shivthan
189671645,2463269,ca,Surajpur
189671953,2463273,ca,Tikra
189672184,2463276,ca,Gajadharpur
189672338,2463278,ca,Rajwapur
189672492,2463280,ca,Kesripur
189672646,2463282,ca,Umedpur
189672877,2463285,ca,Gangapur
189673339,2463291,ca,Naibasti
189673647,2463295,ca,Tikaria
189673955,2463299,ca,Birahimpur
189674109,2463301,ca,Chandrawal
189674186,2463302,ca,Madarwah
189674340,2463304,ca,Madar
189674417,2463305,ca,Jairampur
189674879,2463311,ca,Bikasur Grant
189675110,2463314,ca,Bhajupur
189675341,2463317,ca,Sarsai
189675418,2463318,ca,Saidapur
189675572,2463320,ca,Narayanpur
189675649,2463321,ca,Jale Para
189675726,2463322,ca,Ghagpur
189675880,2463324,ca,Dadeora
189675957,2463325,ca,Bharatpur
189676034,2463326,ca,Maria
189676265,2463329,ca,Hardoiya
189676342,2463330,ca,Sahsapur
189676804,2463336,ca,Jotpur
189676881,2463337,ca,Kharagpur
189677035,2463339,ca,Mohkampur
189677112,2463340,ca,Birsapur
189677420,2463344,ca,Benipur
189677497,2463345,ca,Bhatpurwa
189677574,2463346,ca,Bhawanipur
189677651,2463347,ca,Razkullahpur
189677805,2463349,ca,Jagdishpur
189677882,2463350,ca,Fatehpur
189677959,2463351,ca,Akbarpur
189678036,2463352,ca,Mankapur
189678190,2463354,ca,Baudhara
189678344,2463356,ca,Baisui
189678806,2463362,ca,Hisampur Zakaria
189678883,2463363,ca,Bhadebhar
189679191,2463367,ca,Nighwamau
189679268,2463368,ca,Bilandapur
189679345,2463369,ca,Devi Para
189679422,2463370,ca,Niwazipur
189679576,2463372,ca,Has Khera
189679653,2463373,ca,Gadipur
189679730,2463374,ca,Chitrehta
189679884,2463376,ca,Daulatpur
189680038,2463378,ca,Yarpur
189680500,2463384,ca,Rajpur Kharg
189680577,2463385,ca,Sirdharpur
189680731,2463387,ca,Suklapur
189680885,2463389,ca,Sakrapur
189681039,2463391,ca,Salahabad
189681116,2463392,ca,Shaikhwapur
189681193,2463393,ca,Parsada
189681270,2463394,ca,Surjanpur
189681424,2463396,ca,Jamlapur
189681501,2463397,ca,Bare Para
189681578,2463398,ca,Adilpur
189681732,2463400,ca,Kanduapur
189681809,2463401,ca,Firozpur
189682040,2463404,ca,Halupur
189682502,2463410,ca,Todarpur
189682579,2463411,ca,Milak
189682810,2463414,ca,Rasulpur
189682964,2463416,ca,Mohkam Purwa
189683118,2463418,ca,Sakrara
189683195,2463419,ca,Akilpur
189683426,2463422,ca,Barsindhia
189683580,2463424,ca,Mathurapur
189683657,2463425,ca,Rajpur Partab
189683888,2463428,ca,Dalelnagar
189684119,2463431,ca,Mansurnagar
189684504,2463436,ca,Baghauna
189684658,2463438,ca,Umrapur
189684812,2463440,ca,Gauria
189684889,2463441,ca,Bhaopur
189684966,2463442,ca,Kaima
189685043,2463443,ca,Kisra
189685351,2463447,ca,Madnapur
189685582,2463450,ca,Durga Purwa
189685659,2463451,ca,Bilandapur
189685736,2463452,ca,Andpur
189685890,2463454,ca,Jamlapur
189685967,2463455,ca,Payagpur
189686044,2463456,ca,Gujarpur
189686121,2463457,ca,Gulabpur
189686275,2463459,ca,Ramnagar
189686429,2463461,ca,Kaimahra
189686737,2463465,ca,Shivpuri
189686814,2463466,ca,Badrikhera
189686891,2463467,ca,Kolia
189686968,2463468,ca,Kundrauli
189687045,2463469,ca,Newada Khurd
189687122,2463470,ca,Maria
189687199,2463471,ca,Harpalpur
189687276,2463472,ca,Kushhalpur
189687430,2463474,ca,Bhithaura
189687584,2463476,ca,Inayatpur
189687738,2463478,ca,Surajpur
189687815,2463479,ca,Rajagaon
189688046,2463482,ca,Chauhanan Purwa
189688354,2463486,ca,Bhagra Khalsa
189688739,2463491,ca,Ghusauli
189688816,2463492,ca,Newada Kalan
189688893,2463493,ca,Bijwamau
189689201,2463497,ca,Baniamau
189689355,2463499,ca,Khanipur
189689432,2463500,ca,Fatehnagar
189689971,2463507,ca,Bahadurpur
189690202,2463510,ca,Govindpur Haropatti
189690587,2463515,ca,Hariharpur
189690664,2463516,ca,Rajpur
189690741,2463517,ca,Anba Ghat
189690895,2463519,ca,Mirkapur
189691280,2463524,ca,Piaria Kondar
189691434,2463526,ca,Bilandapur
189691665,2463529,ca,Raunamau
189691819,2463531,ca,Jajpur
189691973,2463533,ca,Kundauli
189692050,2463534,ca,Bahoranpur
189692281,2463537,ca,Jatpurwa
189692358,2463538,ca,Barchandpur
189692589,2463541,ca,Mirzapur
189692666,2463542,ca,Kunehta Lachhirampur
189692743,2463543,ca,Kharagpur
189692820,2463544,ca,Mat Kuta
189692897,2463545,ca,Muhammadganj
189692974,2463546,ca,Hirapur
189693051,2463547,ca,Raghunathpur
189693128,2463548,ca,Ahidano
189693205,2463549,ca,Ruppur
189693359,2463551,ca,Ahmadpur
189693513,2463553,ca,Chandpur
189693590,2463554,ca,Supai
189693667,2463555,ca,Karanpur
189693744,2463556,ca,Surajpur
189693898,2463558,ca,Ramnagar
189694129,2463561,ca,Shaikhpur
189694283,2463563,ca,Malhapur
189694437,2463565,ca,Killi
189694514,2463566,ca,Behra
189694591,2463567,ca,Banpur
189694668,2463568,ca,Lalpur
189694822,2463570,ca,Hajipur
189694899,2463571,ca,Mehndi Purwa
189694976,2463572,ca,Uttar Dhauna
189695207,2463575,ca,Gwali
189695284,2463576,ca,Lachhmanpur
189695361,2463577,ca,Shivpur
189695515,2463579,ca,Uchauli
189695592,2463580,ca,Umtamau
189695669,2463581,ca,Chhawan
189695746,2463582,ca,Rausinghpur
189695977,2463585,ca,Udaipur
189696054,2463586,ca,Kashipur
189696285,2463589,ca,Jamnapur
189696362,2463590,ca,Bhatpur
189696439,2463591,ca,Kharagpur
189696516,2463592,ca,Sukhdaspur
189696593,2463593,ca,Sujanpur
189696670,2463594,ca,Srinagar
189696747,2463595,ca,Mareli
189696978,2463598,ca,Lafkaiya
189697132,2463600,ca,Kashipur
189697209,2463601,ca,Ahmadnagar
189697286,2463602,ca,Masatia Lakhansepur
189697363,2463603,ca,Damodarpur
189697440,2463604,ca,Khalaipur
189697517,2463605,ca,Patkapur
189697671,2463607,ca,Lachhmanpur
189697748,2463608,ca,Raipur
189697825,2463609,ca,Samhaiya
189697902,2463610,ca,Babupur
189697979,2463611,ca,Tarapur
189698133,2463613,ca,Gangapur
189698210,2463614,ca,Raja Para
189698287,2463615,ca,Bahadurpur
189698441,2463617,ca,Girdharpur
189698749,2463621,ca,Ruppur
189698903,2463623,ca,Narayanpur
189698980,2463624,ca,Thakurganj
189699134,2463626,ca,Bhawanipur
189699211,2463627,ca,Bindraban
189699288,2463628,ca,Gauri Har
189699365,2463629,ca,Parsauli
189699673,2463633,ca,Shankarpur
189699750,2463634,ca,Lohangpur
189700058,2463638,ca,Bakina
189700135,2463639,ca,Banaura
189700212,2463640,ca,Narayanpur
189700289,2463641,ca,Rampur
189700520,2463644,ca,Chandpur
189700597,2463645,ca,Mahmudpur
189700751,2463647,ca,Gauhari
189700828,2463648,ca,Dharampur
189700905,2463649,ca,Nawa Khera
189700982,2463650,ca,Mudiara
189701059,2463651,ca,Al-Labad
189701136,2463652,ca,Laguchi
189701213,2463653,ca,Sanjarabad
189701290,2463654,ca,Surajpur
189701521,2463657,ca,Bhanpur
189701675,2463659,ca,Kirtapur
189701752,2463660,ca,Amkherwa
189701829,2463661,ca,Hasanganj
189701906,2463662,ca,Mankapur
189701983,2463663,ca,Bibipur
189702137,2463665,ca,Karkhila
189702291,2463667,ca,Samdaspur
189702368,2463668,ca,Dingra
189702522,2463670,ca,Aini
189702599,2463671,ca,Raghunathpur
189702676,2463672,ca,Nagwa Peri
189702753,2463673,ca,Ahmadnagar
189702907,2463675,ca,Sahroia
189703215,2463679,ca,Madari
189703369,2463681,ca,Salempur Kamalpur
189703446,2463682,ca,Karwamau
189703600,2463684,ca,Aurangabad
189703677,2463685,ca,Naushahra
189703754,2463686,ca,Rahimabad
189703831,2463687,ca,Bhairampur
189703908,2463688,ca,Paraspur
189704062,2463690,ca,Lodh Purwa
189704139,2463691,ca,Chauparia
189704216,2463692,ca,Gayabar
189704293,2463693,ca,Shahpur
189704370,2463694,ca,Ludhaura
189704447,2463695,ca,Lalpur
189704601,2463697,ca,Ludhaura
189704678,2463698,ca,Jhabra
189704755,2463699,ca,Mahmudpur
189704909,2463701,ca,Ibrahimpur
189704986,2463702,ca,Sidhauli
189705063,2463703,ca,Dahelra
189705217,2463705,ca,Arthapur
189705294,2463706,ca,Saraiyan
189705371,2463707,ca,Ralhuapur
189705448,2463708,ca,Sadasanpur
189705525,2463709,ca,Bhaopur
189705679,2463711,ca,Kunera
189705756,2463712,ca,Baburikhera
189705833,2463713,ca,Saidapur
189706141,2463717,ca,Tirbedinagar
189706218,2463718,ca,Jaragwan
189706295,2463719,ca,Maharajnagar
189706372,2463720,ca,Nizampur
189706449,2463721,ca,Nagwa Jairam
189706757,2463725,ca,Korauna
189706834,2463726,ca,Tirbedinagar
189706911,2463727,ca,Arhnapur
189706988,2463728,ca,Nawada
189707065,2463729,ca,Basantpur
189707142,2463730,ca,Patti
189707219,2463731,ca,Sarosa
189707296,2463732,ca,Kamlapur
189707373,2463733,ca,Jamlapur
189707450,2463734,ca,Amrapur
189707527,2463735,ca,Raipur
189707604,2463736,ca,Purwa Meshua
189707681,2463737,ca,Jainapur
189707835,2463739,ca,Behra
189707989,2463741,ca,Sultanpur
189708143,2463743,ca,Majlispur
189708297,2463745,ca,Mirzapur
189708374,2463746,ca,Surajpur
189708451,2463747,ca,Narbipur
189708528,2463748,ca,Gobindapur
189708682,2463750,ca,Rampur
189708759,2463751,ca,Kherwa
189708913,2463753,ca,Mahsui
189709298,2463758,ca,Gangapur
189709452,2463760,ca,Gopramau
189709529,2463761,ca,Anogi
189709683,2463763,ca,Narayan Khera
189709837,2463765,ca,Bhagta Purwa
189709914,2463766,ca,Gopalpur
189709991,2463767,ca,Semri
189710068,2463768,ca,Bhagwantpur
189710145,2463769,ca,Kiswamau
189710299,2463771,ca,Lodhkherwa
189710376,2463772,ca,Israuli
189710453,2463773,ca,Bhainsa Donga
189710530,2463774,ca,Lauli
189710607,2463775,ca,Naroji
189710761,2463777,ca,Kakori
189710838,2463778,ca,Sherpur
189710915,2463779,ca,Lachhmanpur
189711069,2463781,ca,Karsanda
189711146,2463782,ca,Bhanpur
189711223,2463783,ca,Mahua Khera
189711300,2463784,ca,Udaipur
189711454,2463786,ca,Muhammada
189711531,2463787,ca,Niamatpur
189711608,2463788,ca,Mirzapur
189711685,2463789,ca,Jan Muhammadpur
189711762,2463790,ca,Gandharia
189711993,2463793,ca,Kasauli
189712070,2463794,ca,Lodhpurwa
189712224,2463796,ca,Sikandarpur
189712301,2463797,ca,Dharmanpur
189712378,2463798,ca,Lohangpur
189712455,2463799,ca,Jagdishpur
189712532,2463800,ca,Lanhapur
189712609,2463801,ca,Dhawarpara
189712763,2463803,ca,Shivpuri
189712840,2463804,ca,Shankarpur
189712917,2463805,ca,Gumta
189712994,2463806,ca,Gonda
189713071,2463807,ca,Uttar Thok
189713302,2463810,ca,Ralamau
189713456,2463812,ca,Kondri
189713610,2463814,ca,Chhichhai
189713764,2463816,ca,Lakhnapur
189714072,2463820,ca,Tarapur
189714149,2463821,ca,Narharpur
189714226,2463822,ca,Kamalpur
189714303,2463823,ca,Sripalpur
189714380,2463824,ca,Saholi
189714534,2463826,ca,Rasulaganj
189714688,2463828,ca,Deori Khurd
189714765,2463829,ca,Harharpur
189714842,2463830,ca,Tawakkulpur
189714919,2463831,ca,Nawada
189714996,2463832,ca,Bikrampur
189715073,2463833,ca,Gundlamau
189715304,2463836,ca,Palaihar
189715458,2463838,ca,Kabirpur
189715535,2463839,ca,Maheshpur
189715689,2463841,ca,Muhammadpur Jhabra
189715766,2463842,ca,Saraiyan
189715843,2463843,ca,Gujrehta
189715920,2463844,ca,Isaganj
189715997,2463845,ca,Johariamau
189716151,2463847,ca,Jahanpur
189716228,2463848,ca,Chauparia
189716305,2463849,ca,Khargipur
189716382,2463850,ca,Dharauli
189716536,2463852,ca,Asuamau
189716767,2463855,ca,Bharauna
189716844,2463856,ca,Gujrehta
189716921,2463857,ca,Mansurnagar
189717075,2463859,ca,Shivpuri
189717152,2463860,ca,Inayatpur
189717383,2463863,ca,Balbhaddarpur
189717691,2463867,ca,Devri Kail
189718153,2463873,ca,Kunwarpur
189718461,2463877,ca,Kudkapur
189718538,2463878,ca,Nibha
189718846,2463882,ca,Rampur
189718923,2463883,ca,Shamsapur
189719077,2463885,ca,Alinagar
189719154,2463886,ca,Bakchhirwa
189719308,2463888,ca,Bhikhpur Aima
189719847,2463895,ca,Ramshala
189719924,2463896,ca,Manpur
189720001,2463897,ca,Bhikhnapur
189720078,2463898,ca,Panarbhu
189720232,2463900,ca,Barera
189720386,2463902,ca,Kakarghata
189720617,2463905,ca,Urdha
189720694,2463906,ca,Haraiya
189721156,2463912,ca,Panahnagar
189721310,2463914,ca,Katghara
189721541,2463917,ca,Arsalia Bhur
189722003,2463923,ca,Titroi
189722080,2463924,ca,Tulsi Khera
189722465,2463929,ca,Mahua Kola
189722619,2463931,ca,Gohlari
189722773,2463933,ca,Ranikhera
189722850,2463934,ca,Bariarpur
189722927,2463935,ca,Fatehpur
189723004,2463936,ca,Rasulpur
189723081,2463937,ca,Kuthawan
189723158,2463938,ca,Nai Gari
189723312,2463940,ca,Pairua
189723389,2463941,ca,Patti
189723543,2463943,ca,Sipatpur
189723774,2463946,ca,Chandpur
189723851,2463947,ca,Haripur
189724005,2463949,ca,Pakaria
189724082,2463950,ca,Paindapur
189724467,2463955,ca,Masuri
189724544,2463956,ca,Piragpur
189724621,2463957,ca,Goplapur
189724698,2463958,ca,Singhia
189724852,2463960,ca,Indalpurwa
189725160,2463964,ca,Misrapur
189725314,2463966,ca,Madhwapur
189725468,2463968,ca,Kalhepur
189725776,2463972,ca,Cheticheri
189725930,2463974,ca,Nitukalam
189726084,2463976,ca,Pattanur
189726315,2463979,ca,Panalat
189726469,2463981,ca,Kunoth
189726623,2463983,ca,Neduvalfur
189727162,2463990,ca,Edayanur
189727239,2463991,ca,Keevallur
189727547,2463995,ca,Vengat
189727701,2463997,ca,Patuvilayi
189727778,2463998,ca,Kirachi
189727932,2464000,ca,Patiriyat
189728009,2464001,ca,Sankaranellur
189728086,2464002,ca,Poyanad
189728163,2464003,ca,Eruvatti
189728240,2464004,ca,Katirur
189728317,2464005,ca,Erannoli
189728471,2464007,ca,Pattyam
189728625,2464009,ca,Kanderi
189728779,2464011,ca,Vattipram
189729318,2464018,ca,Elambarai
189729472,2464020,ca,Velliyamparamba
189729626,2464022,ca,Mokeri
189730396,2464032,ca,Manantheri
189730550,2464034,ca,Aithara
189730704,2464036,ca,Kanaleri
189731089,2464041,ca,Quilur
189731397,2464045,ca,Palliam
189731782,2464050,ca,Kanderipoyil
189731936,2464052,ca,Kolavallur
189732013,2464053,ca,Poilur
189732090,2464054,ca,Chittariparamba
189732167,2464055,ca,Vattoli
189732244,2464056,ca,Panampatta
189732475,2464059,ca,Edakanam
189732552,2464060,ca,Perumparamba
189732860,2464064,ca,Vanneri
189732937,2464065,ca,Kavumpadi
189733091,2464067,ca,Talambra
189733399,2464071,ca,Vayanur
189733476,2464072,ca,Gramam
189733784,2464076,ca,Payam
189733938,2464078,ca,Pala
189734015,2464079,ca,Muringodi
189734246,2464082,ca,Kunithala
189734400,2464084,ca,Vekkalam
189734477,2464085,ca,Thillangeri
189735093,2464093,ca,Chalakkara
189735555,2464099,ca,Karuvancheri
189735632,2464100,ca,Maniyur
189736171,2464107,ca,Chorod
189737018,2464118,ca,Orkatteri
189737095,2464119,ca,Onchiyam
189737942,2464130,ca,Edacheri
189738019,2464131,ca,Purameri
189738096,2464132,ca,Tattolikkara
189738250,2464134,ca,Eramala
189738327,2464135,ca,Kacheri
189738481,2464137,ca,Azhiyur
189738558,2464138,ca,Vallipuram
189738712,2464140,ca,Kottambram
189738789,2464141,ca,Tuneri
189739559,2464151,ca,Panniyannur
189740021,2464157,ca,Triprangottur
189740175,2464159,ca,Valayam
189740406,2464162,ca,Vanimel
189740483,2464163,ca,Chekkiad
189741253,2464173,ca,Varikoli
189741561,2464177,ca,Kappumala
189742254,2464186,ca,Nittur
189742408,2464188,ca,Perumundachery
189742485,2464189,ca,Kadameri
189742639,2464191,ca,Ayancheri
189743101,2464197,ca,Tiruvallur
189743178,2464198,ca,Avala
189743255,2464199,ca,Cheruvannur
189743332,2464200,ca,Eravattur
189743486,2464202,ca,Kalpattur
189743563,2464203,ca,Meppayur
189743717,2464205,ca,Kunnummal
189744333,2464213,ca,Chemancheri
189744718,2464218,ca,Cheliya
189744872,2464220,ca,Chargaon
189745103,2464223,ca,Bari
189745180,2464224,ca,Barhahira
189745257,2464225,ca,Dighori
189745488,2464228,ca,Janglikhera
189745565,2464229,ca,Putarra
189745873,2464233,ca,Ghugharla Khurd
189746027,2464235,ca,Dhasanwara
189746104,2464236,ca,Pipariyamanu
189746181,2464237,ca,Ghugharla Kalan
189746335,2464239,ca,Kevlarijagannath
189746643,2464243,ca,Kevlari
189746720,2464244,ca,Lakwah
189746797,2464245,ca,Dhariya
189746951,2464247,ca,Chandangaon
189747105,2464249,ca,Chikhlibala
189747336,2464252,ca,Ghoghri
189747413,2464253,ca,Dhaturiya
189747490,2464254,ca,Utekata
189747644,2464256,ca,Darbai
189747798,2464258,ca,Bineki
189747875,2464259,ca,Jhilmili
189748029,2464261,ca,Markawara
189748106,2464262,ca,Banki
189748183,2464263,ca,Jamuniya
189748260,2464264,ca,Nandni
189748568,2464268,ca,Potalpani
189748799,2464271,ca,Jujharpur
189748876,2464272,ca,Mothar
189749030,2464274,ca,Dukli
189749107,2464275,ca,Lamta
189749261,2464277,ca,Pipariya
189749338,2464278,ca,Samnapur
189749569,2464281,ca,Chargaon
189749723,2464283,ca,Payali Khurd
189749877,2464285,ca,Nandora
189749954,2464286,ca,Ramgarh
189750108,2464288,ca,Jamuniya
189750185,2464289,ca,Kodra
189750262,2464290,ca,Bhatamtara
189750339,2464291,ca,Pandiwara
189750493,2464293,ca,Barsala
189750570,2464294,ca,Danimeta
189750724,2464296,ca,Bakora
189751032,2464300,ca,Lurgi
189751186,2464302,ca,Andhiyari
189751263,2464303,ca,Khatkar
189751571,2464307,ca,Bhartendni
189751879,2464311,ca,Dighoritola
189751956,2464312,ca,Saliwara
189752033,2464313,ca,Nandiya Khurd
189752110,2464314,ca,Khamariya
189752726,2464322,ca,Kachnara
189752880,2464324,ca,Imlipathar
189753265,2464329,ca,Chamari Kalan
189753650,2464334,ca,Pipariya
189753727,2464335,ca,Tilbori
189753804,2464336,ca,Dangawani
189753881,2464337,ca,Gundrai
189753958,2464338,ca,Jhiri
189754112,2464340,ca,Sarra
189754266,2464342,ca,Bharga
189754343,2464343,ca,Latgaon
189754420,2464344,ca,Nawalgaon
189754574,2464346,ca,Ghoghri
189754651,2464347,ca,Chikhli
189754728,2464348,ca,Telepani
189754805,2464349,ca,Sindarai
189754882,2464350,ca,Gorakhpur
189754959,2464351,ca,Babaiya
189755113,2464353,ca,Elatteri
189755498,2464358,ca,Kannur
189756037,2464365,ca,Kurichikkara
189756268,2464368,ca,Urallur
189756422,2464370,ca,Naduvattur
189756499,2464371,ca,Mavatt
189756730,2464374,ca,Nitumpoyil
189756807,2464375,ca,Kizhariyur
189757038,2464378,ca,Maralur
189758347,2464395,ca,Purakkad
189758424,2464396,ca,Kamkasur
189758501,2464397,ca,Karer
189758578,2464398,ca,Atama
189758655,2464399,ca,Bhajipani
189758886,2464402,ca,Sukri
189758963,2464403,ca,Dhutai
189759117,2464405,ca,Salegarh
189759348,2464408,ca,Manatanna
189760195,2464419,ca,Chandanatodu
189760811,2464427,ca,Palarambu
189761273,2464433,ca,Alattil
189762197,2464445,ca,Karimbil
189762351,2464447,ca,Valat
189762582,2464450,ca,Teralu
189762890,2464454,ca,Varayal
189763814,2464466,ca,Puthussiri
189764122,2464470,ca,Auchampitika
189766740,2464504,ca,Palchykivka
189766971,2464507,ca,Edacheri
189767510,2464514,ca,Herseh Chhina
189767818,2464518,ca,Kaler Mangat
189768049,2464521,ca,Nag
189768126,2464522,ca,Birbarpur
189768203,2464523,ca,Loharka Kalan
189768280,2464524,ca,Bua Nangli
189768357,2464525,ca,Adliwala
189768434,2464526,ca,Nangal Tola
189768511,2464527,ca,Saidpura
189768742,2464530,ca,Loharka Khurd
189768973,2464533,ca,Bal Kalan
189769127,2464535,ca,Jahangir
189769358,2464538,ca,Mirankot Kalan
189769512,2464540,ca,Rodala
189769743,2464543,ca,Nangli
189769974,2464546,ca,Muhdal
189770051,2464547,ca,Sohian Khurd
189770128,2464548,ca,Jethuwal
189770205,2464549,ca,Fatehgarh
189770513,2464553,ca,Malanwali
189770744,2464556,ca,Dhaul Kalan
189770821,2464557,ca,Dhaul Khurd
189770898,2464558,ca,Kotla Dal Singh
189770975,2464559,ca,Kaler
189771052,2464560,ca,Wadala Bhittewadh
189771129,2464561,ca,Ghausabad
189771206,2464562,ca,Nizampur
189771360,2464564,ca,Othian
189771437,2464565,ca,Chhapa
189771745,2464569,ca,Kot Said Mahmud
189772053,2464573,ca,Kathanian
189772900,2464584,ca,Jand
189772977,2464585,ca,Talwandi Dogran
189773054,2464586,ca,Wadali Dogran
189773285,2464589,ca,Bhagtpura
189773516,2464592,ca,Khapar Kheri
189773670,2464594,ca,Dhattal
189773824,2464596,ca,Basarke Gillan
189773901,2464597,ca,Kotli Nasir Khan
189774440,2464604,ca,Chatiwind
189774594,2464606,ca,Bishambarpur
189774671,2464607,ca,Nijjarpura
189775056,2464612,ca,Pindori
189775133,2464613,ca,Sangna
189775210,2464614,ca,Jagatpura
189775287,2464615,ca,Thathgarh
189775364,2464616,ca,Bahoru
189775441,2464617,ca,Mandiala
189775672,2464620,ca,Thathian
189775826,2464622,ca,Mboutt
189775903,2464623,ca,Banchari
189776057,2464625,ca,Khairdinke
189776134,2464626,ca,Dhand
189776211,2464627,ca,Mianpur
189776288,2464628,ca,Aima Khurd
189776365,2464629,ca,Pindori Sidhuan
189776442,2464630,ca,Pindori Ransih
189776519,2464631,ca,Kot Dosandhi Mal
189776673,2464633,ca,Rataul
189776827,2464635,ca,None
189776904,2464636,ca,Khabba Dogran
189776981,2464637,ca,Shafipur
189777058,2464638,ca,Pindori Takht Mal
189777135,2464639,ca,Pindori Rahmana
189777366,2464642,ca,Aima Kalan
189777443,2464643,ca,Thatha
189777520,2464644,ca,Gidri Bhagiari
189777674,2464646,ca,Kotli
189777751,2464647,ca,Gopalpur
189777828,2464648,ca,Mananwala Khurd
189777905,2464649,ca,Nangal Punuan
189778136,2464652,ca,Kayakkodi
189778752,2464660,ca,Moyilottara
189779060,2464664,ca,Maruthonkara
189779137,2464665,ca,Paleri
189779445,2464669,ca,Kuniyott
189779753,2464673,ca,Changarott
189779984,2464676,ca,Avadakka
189780061,2464677,ca,Kokkad
189780215,2464679,ca,Kuttali
189780908,2464688,ca,Chenoli
189781216,2464692,ca,Nochad
189781832,2464700,ca,Kayanna
189781909,2464701,ca,Onnal
189782063,2464703,ca,Pakranthalam
189782140,2464704,ca,Surani
189783218,2464718,ca,Kuppadittara
189783526,2464722,ca,Kottur
189783680,2464724,ca,Kavil
189783911,2464727,ca,Ulliyeri
189784142,2464730,ca,Kokkallur
189784450,2464734,ca,Modakallur
189784527,2464735,ca,Eramangalam
189784681,2464737,ca,Kunnathra
189784989,2464741,ca,Kolattur
189785297,2464745,ca,Kolakkad
189785451,2464747,ca,Edakara
189785605,2464749,ca,Icchannur
189785682,2464750,ca,Talakkolattur
189786144,2464756,ca,Morikara
189788069,2464781,ca,Kizhakkummuri
189788685,2464789,ca,Intad
189788762,2464790,ca,Pavandur
189788839,2464791,ca,Naduvallur
189788916,2464792,ca,Ramallur
189788993,2464793,ca,Nanminda
189789147,2464795,ca,Panayi
189789378,2464798,ca,Panangad
189789532,2464800,ca,Paloli
189789763,2464803,ca,Avitanallur
189789840,2464804,ca,Punatt
189789917,2464805,ca,Sivapuram
189790225,2464809,ca,Punnurcherupalam
189790533,2464813,ca,Kuruvattur
189791226,2464822,ca,Perumanna
189791303,2464823,ca,Kuttikkattur
189791380,2464824,ca,Puvatuparamba
189791611,2464827,ca,Peringolam
189791842,2464830,ca,Payimbra
189791996,2464832,ca,Arambram
189792535,2464839,ca,Pannikkottur
189792689,2464841,ca,Palangod
189792766,2464842,ca,Kunday
189792843,2464843,ca,Mangad
189792920,2464844,ca,Iyyad
189793074,2464846,ca,Unnikulam
189793305,2464849,ca,Karumala
189793459,2464851,ca,Kinalur
189793613,2464853,ca,Palakundi
189793998,2464858,ca,Panakkod
189794152,2464860,ca,Pavad
189794229,2464861,ca,Parambatt Kavu
189794922,2464870,ca,Chattamangalam
189794999,2464871,ca,Kulakkod
189795230,2464874,ca,Valayanur
189795692,2464880,ca,Kanniparambu
189795846,2464882,ca,Sankerham
189795923,2464883,ca,Nayarkuzhi
189796000,2464884,ca,Chulur
189796154,2464886,ca,Pulakkod
189796231,2464887,ca,Malayamma
189796770,2464894,ca,Puttur
189797155,2464899,ca,Adona
189797309,2464901,ca,Rarott
189797386,2464902,ca,Chembra
189797694,2464906,ca,Chamal
189798387,2464915,ca,Perili
189799157,2464925,ca,Kakkad
189799927,2464935,ca,Tennala
189801313,2464953,ca,Vishnu Kshetram
189801621,2464957,ca,Eranellur
189801698,2464958,ca,Kuruvattissheri
189802237,2464965,ca,Talakkadatur
189803315,2464979,ca,Varanakkara
189803854,2464986,ca,Muthur
189804701,2464997,ca,Edakkulam
189805702,2465010,ca,Cheriyaparappur
189807011,2465027,ca,Valamaruthur
189807242,2465030,ca,Kallur
189807935,2465039,ca,Neythallur
189808166,2465042,ca,Purattur
189810476,2465072,ca,Tandilam
189810553,2465073,ca,Tavanur
189810630,2465074,ca,Tirunnavaya
189811169,2465081,ca,Perumanna
189811246,2465082,ca,Ponmundam
189811323,2465083,ca,Ceriyamundam
189811477,2465085,ca,Triprangod
189812247,2465095,ca,Mangalam
189812324,2465096,ca,Vettam
189812401,2465097,ca,Tanalur
189812478,2465098,ca,Ozhur
189812709,2465101,ca,Niramaruthur
189812786,2465102,ca,Pachattiri
189814326,2465122,ca,Edakkazhiyur
189814480,2465124,ca,Punnayur
189814557,2465125,ca,Perumpaduppa
189814711,2465127,ca,Marancheri
189814942,2465130,ca,Maholi
189815173,2465133,ca,Bahadurpur Ghar
189815404,2465136,ca,Bilahti
189815558,2465138,ca,Barecha
189816559,2465151,ca,Jagtauli
189816636,2465152,ca,Bhoia
189816867,2465155,ca,Kola
189817021,2465157,ca,Sirsa
189817329,2465161,ca,Bajhai
189817637,2465165,ca,Pandri
189817791,2465167,ca,Hanwantpur
189818176,2465172,ca,Birari
189818638,2465178,ca,Bhilona
189818792,2465180,ca,Alampur Biboli
189818869,2465181,ca,Mahanipur
189818946,2465182,ca,Jagmohanpur
189819023,2465183,ca,Muniamau
189819254,2465186,ca,Mubarikpur
189819331,2465187,ca,Daipur
189819408,2465188,ca,Pipripurghar
189819562,2465190,ca,Parsupura
189819947,2465195,ca,Gopiapur
189820024,2465196,ca,Kiratpur
189820178,2465198,ca,Bishnamau
189820255,2465199,ca,Gulaopur
189820332,2465200,ca,Lalpur
189820486,2465202,ca,Khargpur
189820563,2465203,ca,Balampur
189820640,2465204,ca,Jaitpur
189820717,2465205,ca,Chabdpura
189820871,2465207,ca,Dargapura
189820948,2465208,ca,Malhupur
189821256,2465212,ca,Manpur
189821564,2465216,ca,Bidhipur
189821641,2465217,ca,Basaiya
189822026,2465222,ca,Mahpalpur
189822180,2465224,ca,Lakhanpurghar
189822334,2465226,ca,Sabdalpur
189822565,2465229,ca,Fatehpur
189822719,2465231,ca,Takrupur
189822796,2465232,ca,Nadgawan
189822950,2465234,ca,Dibauli
189823104,2465236,ca,Chakarnagar
189823258,2465238,ca,Rampura Ghar
189823412,2465240,ca,Khiriti
189823566,2465242,ca,Ganiawar
189824105,2465249,ca,Palighar
189824182,2465250,ca,Chaprauli
189824336,2465252,ca,Asafpur
189824413,2465253,ca,Sujipur
189824567,2465255,ca,Sahejpur
189824721,2465257,ca,Kunethi
189824798,2465258,ca,Murhi
189825337,2465265,ca,Birundhi
189825414,2465266,ca,Pirthi Rampur
189825491,2465267,ca,Singaoli
189825645,2465269,ca,Patia Chatarpur
189825722,2465270,ca,Indrosi
189825799,2465271,ca,Sarai Etahi
189825876,2465272,ca,Kunetha
189825953,2465273,ca,Pilkhana
189826030,2465274,ca,Bharaipur
189826107,2465275,ca,Ludhiani
189826415,2465279,ca,Santoshpura
189826492,2465280,ca,Aliapur
189826800,2465284,ca,Nasirpur Bojha
189826877,2465285,ca,Nasidipur
189826954,2465286,ca,Harrajpur
189827031,2465287,ca,Jamalpur
189827185,2465289,ca,Kundaria
189827339,2465291,ca,Sherpur Rasulpur
189827724,2465296,ca,Nagri Lolpur
189827801,2465297,ca,Naudhna
189827878,2465298,ca,Sarai Naudhna
189828109,2465301,ca,Nagaria Buzurg
189828263,2465303,ca,Balampur
189828571,2465307,ca,Mahewa
189828802,2465310,ca,Ramaopur
189828956,2465312,ca,Bambora Humayunpur
189829187,2465315,ca,Bara Okh
189829495,2465319,ca,Lalpur
189829572,2465320,ca,Jaganpur
189829803,2465323,ca,Andawa
189829880,2465324,ca,Naugawan
189829957,2465325,ca,Gohani
189830034,2465326,ca,Kanchhi
189830188,2465328,ca,Barera
189830650,2465334,ca,Mahoa Sonda
189830804,2465336,ca,Bansri
189830958,2465338,ca,Dharmshala
189831035,2465339,ca,Sarai Jalal
189831189,2465341,ca,Karwa Buzurg
189831574,2465346,ca,Edorem
189831651,2465347,ca,Velguem
189831728,2465348,ca,Sanvordem
189831882,2465350,ca,Sanvorcem
189831959,2465351,ca,Parma
189832036,2465352,ca,Ghotge
189832421,2465357,ca,Khokral
189832498,2465358,ca,Pikule
189832652,2465360,ca,Ladchetemb
189832729,2465361,ca,Girode
189832883,2465363,ca,Dhangarvada
189832960,2465364,ca,Vazare
189833268,2465368,ca,Ravona
189833422,2465370,ca,Gouteli
189833576,2465372,ca,Podocem
189833884,2465376,ca,Nevelim
189834577,2465385,ca,Codiem
189834654,2465386,ca,Cumarconda
189834808,2465388,ca,Saleli
189834885,2465389,ca,Onda
189835039,2465391,ca,Siroli
189835116,2465392,ca,Virdi
189835270,2465394,ca,Sada
189835655,2465399,ca,Mangeli
189835809,2465401,ca,Khanyale
189835963,2465403,ca,Fanasvadi
189836040,2465404,ca,Chorla
189836117,2465405,ca,Chorondem
189836194,2465406,ca,Ivem-buzruco
189836425,2465409,ca,Rivem
189836733,2465413,ca,Zormen
189836810,2465414,ca,Compordem
189836887,2465415,ca,Satorem
189837580,2465424,ca,Bombedem
189837657,2465425,ca,Sonal
189837965,2465429,ca,Davem
189838119,2465431,ca,Maloli
189838196,2465432,ca,Xelopo-Buzruco
189838273,2465433,ca,Sigonem
189838427,2465435,ca,Golauli
189838504,2465436,ca,Parvad
189838581,2465437,ca,Huland
189838658,2465438,ca,Chigule
189838966,2465442,ca,Satrem
189839274,2465446,ca,Advoi
189839351,2465447,ca,Mani
189839428,2465448,ca,Vaguriem
189839659,2465451,ca,Tor
189839813,2465453,ca,Kenchewadi
189839890,2465454,ca,Amroli
189839967,2465455,ca,Porevadi
189840044,2465456,ca,Mugali
189840121,2465457,ca,Asgoli
189840198,2465458,ca,Vargaon
189840275,2465459,ca,Gudevadi
189840506,2465462,ca,Narevadi
189840583,2465463,ca,Data
189840660,2465464,ca,Belebhat
189840737,2465465,ca,Hallarwadi
189840891,2465467,ca,Ambevadi
189840968,2465468,ca,Kalivade
189841045,2465469,ca,Kitvade
189841199,2465471,ca,Kolik
189841353,2465473,ca,Betgeri
189841430,2465474,ca,Hajagoli
189841507,2465475,ca,Dhekoli
189841584,2465476,ca,Jangamhatti
189841661,2465477,ca,Madavale
189841738,2465478,ca,Turkevadi
189842123,2465483,ca,Tambulwadi
189842200,2465484,ca,Bagilge
189842277,2465485,ca,Dukkarwadi
189842354,2465486,ca,Basarge
189842431,2465487,ca,Mangaon
189842508,2465488,ca,Malgad
189842816,2465492,ca,Sonarvadi
189842893,2465493,ca,Yemihatti
189843047,2465495,ca,Nittur
189843124,2465496,ca,Ghulevadi
189843201,2465497,ca,Malatvadi
189843278,2465498,ca,Mahalevadi
189843355,2465499,ca,Kini
189843432,2465500,ca,Nagardale
189843817,2465505,ca,Dholagarwadi
189843894,2465506,ca,Mandedurg
189843971,2465507,ca,Sundi
189844048,2465508,ca,Vaitakwadi
189844433,2465513,ca,Tadasinhal
189844510,2465514,ca,Supa
189844587,2465515,ca,Beradvadi
189844664,2465516,ca,Kudremani
189844741,2465517,ca,Surute
189844818,2465518,ca,Yalebail
189845126,2465522,ca,Tudaye
189845280,2465524,ca,Belvatti
189845511,2465527,ca,Morab
189845665,2465529,ca,Kiniye
189845819,2465531,ca,Karle
189845973,2465533,ca,Janevadi
189846050,2465534,ca,Navge
189846127,2465535,ca,Bijagarni
189846204,2465536,ca,Sonolí
189846281,2465537,ca,Belgundi
189846358,2465538,ca,Boknur
189846589,2465541,ca,Bachi
189846666,2465542,ca,Konevadi
189846743,2465543,ca,Basurte
189846820,2465544,ca,Bekinkeri
189846897,2465545,ca,Kaulge
189846974,2465546,ca,Bukkihal
189847051,2465547,ca,Hosur
189847128,2465548,ca,Kalyanpur
189847205,2465549,ca,Kagani
189847282,2465550,ca,Hundalivadi
189847359,2465551,ca,Kalkundri
189847436,2465552,ca,Kovad
189847513,2465553,ca,Kudnur
189847975,2465559,ca,Handiganur
189848052,2465560,ca,Manikere
189848206,2465562,ca,Attivad
189848360,2465564,ca,Agasge
189848437,2465565,ca,Gojge
189848514,2465566,ca,Manur
189848668,2465568,ca,Uchagaon
189848899,2465571,ca,Benkanhalli
189848976,2465572,ca,Kallehol
189849130,2465574,ca,Savgaon
189849284,2465576,ca,Hangirge
189849515,2465579,ca,Balgamatti
189849592,2465580,ca,Kuttalvadi
189849746,2465582,ca,Santi Bastvad
189849823,2465583,ca,Rankunde
189850054,2465586,ca,Mach
189850131,2465587,ca,Piranvadi
189850439,2465591,ca,Hindalgi
189850516,2465592,ca,Kangarali-khurd
189850747,2465595,ca,Kadoli
189850901,2465597,ca,Kednur
189851055,2465599,ca,Katanbhavi
189851132,2465600,ca,Gugranatti
189851209,2465601,ca,Hasur
189851286,2465602,ca,Gunjanatti
189852826,2465622,ca,Hirapura
189852903,2465623,ca,Kemra
189852980,2465624,ca,Naoli
189853442,2465630,ca,Lohi
189853596,2465632,ca,Ganeshpura
189853673,2465633,ca,Gidwasa
189853750,2465634,ca,Khajuri
189853904,2465636,ca,Sikandarpura
189853981,2465637,ca,Alampur
189854212,2465640,ca,Kakrauli
189854289,2465641,ca,Basit
189854366,2465642,ca,Maheshpura
189854443,2465643,ca,Silaiya Khurd
189854520,2465644,ca,Jaganpura
189854751,2465647,ca,Babupura
189854828,2465648,ca,Gaindauli
189854905,2465649,ca,Dabkai
189854982,2465650,ca,Kudari
189855213,2465653,ca,Khabri
189855290,2465654,ca,Asupura
189855444,2465656,ca,Pachipura Khurd
189855598,2465658,ca,Sami
189855675,2465659,ca,Mawasa
189855752,2465660,ca,Khutaila
189855983,2465663,ca,Chamraua Buzurg
189856137,2465665,ca,Chakdhai
189856291,2465667,ca,Jara
189856368,2465668,ca,Hinguta
189856445,2465669,ca,Jujharpura
189856676,2465672,ca,Kusmara
189856753,2465673,ca,Behta
189856907,2465675,ca,Tilokpura
189856984,2465676,ca,Madela
189857061,2465677,ca,Chamend
189857138,2465678,ca,Kudra Buzurg
189857215,2465679,ca,Kunwarpura
189857446,2465682,ca,Ata
189857523,2465683,ca,Gorakaranpur
189857600,2465684,ca,Khurd
189858216,2465692,ca,Ranipura
189858293,2465693,ca,Deori
189858447,2465695,ca,Sevni Buzurg
189858524,2465696,ca,Bara
189859063,2465703,ca,Aknewa
189859448,2465708,ca,Khera Benrha
189859602,2465710,ca,Bahbalpura
189859833,2465713,ca,Kanharpura
189860141,2465717,ca,Hasupura
189860218,2465718,ca,Kurra
189860372,2465720,ca,Torna
189860526,2465722,ca,Dabar Madhogarh
189860603,2465723,ca,Magraul
189860680,2465724,ca,Itaura Madhogarh
189860988,2465728,ca,Maragpura
189861142,2465730,ca,Mijhauna
189861219,2465731,ca,Aheto
189861296,2465732,ca,Kurauti
189861527,2465735,ca,Gopalpur
189861604,2465736,ca,Mahoi
189861758,2465738,ca,Tumra
189861989,2465741,ca,Chhani
189862143,2465743,ca,Bhend
189862374,2465746,ca,Dhanaura
189862451,2465747,ca,Rawa
189862528,2465748,ca,Titra Khalilpur
189862605,2465749,ca,Bhedpura Madhogarh
189863067,2465755,ca,Dhanja
189863144,2465756,ca,Keolari
189863298,2465758,ca,Khaksis
189863606,2465762,ca,Diha
189863683,2465763,ca,Pardhani
189863760,2465764,ca,Kamsera
189863837,2465765,ca,Rura Sirsa
189863914,2465766,ca,Mirzapur
189863991,2465767,ca,Kutra
189864145,2465769,ca,Atagaon
189864299,2465771,ca,Sultanpura
189864376,2465772,ca,Sopta
189864453,2465773,ca,Rura
189864530,2465774,ca,Sadupura
189864684,2465776,ca,Khakal
189864761,2465777,ca,Bhadewara
189864915,2465779,ca,Sirsadogarhi
189865146,2465782,ca,Atrauli
189865377,2465785,ca,Manpur
189865531,2465787,ca,Dharmpura
189865839,2465791,ca,Parwar
189865993,2465793,ca,Lahodi
189866224,2465796,ca,Wa`r
189866378,2465798,ca,Bargawan Madhogarh
189866532,2465800,ca,Barauli
189866763,2465803,ca,Khurd
189866994,2465806,ca,Atreti
189867302,2465810,ca,Kakora
189867841,2465817,ca,Àsia
189867995,2465819,ca,Chikkerahalli
189868072,2465820,ca,Chikkahunsur
189868534,2465826,ca,Rangapuram
189869612,2465840,ca,Chhanr
189869689,2465841,ca,Debipur
189869843,2465843,ca,Islamkot
189869997,2465845,ca,Motipur
189870074,2465846,ca,Sakrawa
189870151,2465847,ca,Nagla Midia
189870228,2465848,ca,Ajaibpur
189870459,2465851,ca,Surenda
189870536,2465852,ca,Raghunathpur
189870613,2465853,ca,Nagla Hariram
189870921,2465857,ca,Chikta
189870998,2465858,ca,Nagaria Lalshah
189871075,2465859,ca,Udaipur
189871152,2465860,ca,Chakbadan Pur
189871229,2465861,ca,Ghazipur
189871306,2465862,ca,Nagla Dhrmai
189871383,2465863,ca,Bau Khera
189871537,2465865,ca,Bhawalpur
189871845,2465869,ca,Nagla Chaudhri
189871922,2465870,ca,Nagla Bhagat
189872076,2465872,ca,Bojha
189872307,2465875,ca,Nagla Bihari
189872384,2465876,ca,Pakhangoi
189872461,2465877,ca,Nagla Nau
189872615,2465879,ca,Killampur
189872692,2465880,ca,Kuchela
189872846,2465882,ca,Katka
189872923,2465883,ca,Nagla Atwal
189873000,2465884,ca,Nagla Bharamau
189873077,2465885,ca,Baruna Khurd
189873231,2465887,ca,Bhedpur
189873770,2465894,ca,Nagla Gola
189873847,2465895,ca,Mukatpur
189873924,2465896,ca,Nagla Bais
189874078,2465898,ca,Gutera
189874155,2465899,ca,Beljhali
189874232,2465900,ca,Nagla Bishna
189874309,2465901,ca,Nagria Gopal
189874386,2465902,ca,Bahadurpur
189874463,2465903,ca,Niamatpur
189874540,2465904,ca,Misrabad
189874617,2465905,ca,Isharpur
189874694,2465906,ca,Nagla Angad
189874771,2465907,ca,Bhaureta
189874925,2465909,ca,Sharifabad
189875079,2465911,ca,Darauni
189875156,2465912,ca,Raghunathpur
189875233,2465913,ca,Dilawarpur
189875310,2465914,ca,Kukarkat
189875695,2465919,ca,Umrain
189875772,2465920,ca,Harnagarpur
189876003,2465923,ca,Rampura
189876388,2465928,ca,Lodhpura
189876619,2465931,ca,Usurpati
189876696,2465932,ca,Rasulpur
189876773,2465933,ca,Reri
189876850,2465934,ca,Belpur Airwa
189876927,2465935,ca,Nagla Bari
189877004,2465936,ca,Nagla Kaithan
189877312,2465940,ca,Nagla Patu
189877389,2465941,ca,Nagla Lalji
189877466,2465942,ca,Jugrajpur
189877543,2465943,ca,Chamarpur
189877774,2465946,ca,Chandaia
189878159,2465951,ca,Mugpur
189878236,2465952,ca,Ruru Kalan
189878313,2465953,ca,Digri
189878852,2465960,ca,Hushepur
189879006,2465962,ca,Bautham
189879314,2465966,ca,Tarind
189879468,2465968,ca,Rampur
189879545,2465969,ca,Jarhapur
189879622,2465970,ca,Chikanpur
189879699,2465971,ca,Nagla Pachu
189880007,2465975,ca,Nagla Mak
189880084,2465976,ca,Gulariapur
189880161,2465977,ca,Shibsinghpur
189880238,2465978,ca,Miaripur
189880315,2465979,ca,Hamirpur Ruru
189880392,2465980,ca,Karmupur
189880546,2465982,ca,Chandauli
189880700,2465984,ca,Singhi Seora
189880931,2465987,ca,Bharauli Bidhuna
189881008,2465988,ca,Sahaspur
189881085,2465989,ca,Nagla Tula
189881162,2465990,ca,Faizullapur
189881316,2465992,ca,Garhia Gosain
189881393,2465993,ca,Kaba
189881470,2465994,ca,Surajpur Airwa
189881547,2465995,ca,Harchandapur
189881701,2465997,ca,Nagla Kasan
189881778,2465998,ca,Udaitpur
189881855,2465999,ca,Sariaa Kachwaha
189881932,2466000,ca,Pahladpur
189882086,2466002,ca,Makarandpur Bidhuna
189882163,2466003,ca,Samain
189882240,2466004,ca,Purwa Manushah
189882317,2466005,ca,Kusmara
189882548,2466008,ca,Sarai Mahajan
189882625,2466009,ca,Ramnagaria
189882933,2466013,ca,Ruru Khurd
189883010,2466014,ca,Kunwarpur
189883087,2466015,ca,Bhuta
189883164,2466016,ca,Rauri
189883241,2466017,ca,Singhpur
189883626,2466022,ca,Kalabojh
189883703,2466023,ca,Bibipur
189883857,2466025,ca,Shyampur
189883934,2466026,ca,Nagla Bhainslot
189884011,2466027,ca,Pasua
189884088,2466028,ca,Gopalpur
189884165,2466029,ca,Dhanwali
189884473,2466033,ca,Atia
189884550,2466034,ca,Kalianpur Airwa
189885166,2466042,ca,Ratanpur
189885243,2466043,ca,Sutyani
189885397,2466045,ca,Nagla Balai
189885628,2466048,ca,Biloli
189885936,2466052,ca,Puranpura
189886090,2466054,ca,Kurkha
189886167,2466055,ca,Kudrel
189886475,2466059,ca,Nagla Kowa
189886783,2466063,ca,Shoraun
189886860,2466064,ca,Chiriapur
189886937,2466065,ca,Nagla Duli
189887168,2466068,ca,Nagla Sati
189887322,2466070,ca,Balapur
189887399,2466071,ca,Sarawa
189887476,2466072,ca,Belahar
189887630,2466074,ca,Taiapura
189888323,2466083,ca,Lalpura
189888477,2466085,ca,Chah Bacha
189888631,2466087,ca,Kathotia
189888708,2466088,ca,Kanhaupur
189888862,2466090,ca,Jaisinghpur
189889093,2466093,ca,Bachrohi
189889170,2466094,ca,Anandpur
189889478,2466098,ca,Nagla Mahuli
189889786,2466102,ca,Kishanpur
189889863,2466103,ca,Nagla Gawe
189890094,2466106,ca,Kursanda
189890325,2466109,ca,Daulatpura
189890402,2466110,ca,Kaithpur
189890556,2466112,ca,Nagla Kali
189891865,2466129,ca,Kueta
189892789,2466141,ca,Darauna
189892943,2466143,ca,Gapkapur
189893174,2466146,ca,Kirkichyapur
189893405,2466149,ca,Nagla Jadon
189893482,2466150,ca,Rajpur
189893867,2466155,ca,Kalarpur
189894021,2466157,ca,Gujripur
189894098,2466158,ca,Nagla Khuda
189894175,2466159,ca,Qadampur
189894406,2466162,ca,Dayalpur
189894637,2466165,ca,Pathària
189894945,2466169,ca,Patiyat
189895176,2466172,ca,Shekhupur
189895330,2466174,ca,Ratanpur
189895484,2466176,ca,Kachhpura
189895561,2466177,ca,Rampura
189895638,2466178,ca,Sabhapur
189895946,2466182,ca,Maurcha Masha
189896331,2466187,ca,Nagla Bhant
189896408,2466188,ca,Dilalpur
189896485,2466189,ca,Dalippur
189896562,2466190,ca,Nehra Bojh
189896639,2466191,ca,Anuddapur
189896793,2466193,ca,Ajhara
189897024,2466196,ca,Bhawanipur
189897101,2466197,ca,Barauna Kalan
189897486,2466202,ca,Gansara
189897563,2466203,ca,Karwa Khurd
189897640,2466204,ca,Nagla Jalal
189897794,2466206,ca,Nagla Chet
189897871,2466207,ca,Rajepur
189898102,2466210,ca,Baibaha
189898179,2466211,ca,Nagriya Sarawa
189898256,2466212,ca,Punawar
189898410,2466214,ca,Adlipur
189898641,2466217,ca,Amthari
189898718,2466218,ca,Raghunathpur
189898949,2466221,ca,Maigupur
189899103,2466223,ca,Jhal
189899257,2466225,ca,Nagla Bahadurpur
189899411,2466227,ca,Etaili
189899488,2466228,ca,Nagla Rami
189899719,2466231,ca,Garhwana
189899950,2466234,ca,Lahroi
189900566,2466242,ca,Bhainsai
189900643,2466243,ca,Banamai
189900720,2466244,ca,Malhausi
189900874,2466246,ca,Nagla Mohan
189901105,2466249,ca,Dhakpura
189901182,2466250,ca,Baharpur
189901259,2466251,ca,Besarmau
189901567,2466255,ca,Jatpura
189902029,2466261,ca,Harrazpur Kalan
189902183,2466263,ca,Shibpur
189902414,2466266,ca,Sharifpur
189902568,2466268,ca,Bajheri
189902645,2466269,ca,Bagawan
189902722,2466270,ca,Bikupur
189902799,2466271,ca,Deopur
189902876,2466272,ca,Sikandarpur
189902953,2466273,ca,Nagla Khemkaran
189903030,2466274,ca,Mari
189903107,2466275,ca,Bilampur
189903184,2466276,ca,Murra
189903338,2466278,ca,Alupur
189903415,2466279,ca,Mukhra
189903569,2466281,ca,Nagla Mathariahar
189903646,2466282,ca,Nagla Barepur
189903723,2466283,ca,Nagla Madari
189903954,2466286,ca,Thari
189904031,2466287,ca,Gajniyapur
189904262,2466290,ca,Bhulaipur
189904339,2466291,ca,Baghaipur
189904570,2466294,ca,Chamkani
189904801,2466297,ca,Ismalipur
